9.561260000000000245e-03 4.550709000000000004e-02 4.551522967514633894e-02 4.711380000000000147e-04
9.951510000000000217e-03 4.416931999999999803e-02 4.546820332944388754e-02 4.518659999999999864e-04
1.034179999999999995e-02 4.711077999999999794e-02 4.542890541045788849e-02 4.397989999999999951e-04
1.073200000000000022e-02 4.364805000000000074e-02 4.539072296459909645e-02 4.198210000000000179e-04
1.112229999999999989e-02 4.527587000000000278e-02 4.534969125589156241e-02 3.988349999999999990e-04
1.151250000000000016e-02 4.788329999999999670e-02 4.530245308712835955e-02 3.813180000000000107e-04
1.190279999999999984e-02 4.498488999999999960e-02 4.525520328406758969e-02 3.760519999999999835e-04
1.229300000000000011e-02 4.569982999999999684e-02 4.519138221784772813e-02 3.706620000000000097e-04
1.268329999999999978e-02 4.377908999999999967e-02 4.512203329142572966e-02 3.612490000000000102e-04
1.307350000000000005e-02 4.638878999999999919e-02 4.505465485352574267e-02 3.432460000000000133e-04
1.346379999999999973e-02 4.564713000000000104e-02 4.499564333384246245e-02 3.284459999999999789e-04
1.385409999999999940e-02 4.646924000000000193e-02 4.493663337570710098e-02 3.286760000000000224e-04
1.424429999999999967e-02 4.574370999999999993e-02 4.487199822844429448e-02 3.244739999999999972e-04
1.463459999999999935e-02 4.499638999999999722e-02 4.480398638718949278e-02 3.315780000000000160e-04
1.502479999999999961e-02 4.391918000000000211e-02 4.473595380567966379e-02 3.228850000000000231e-04
1.541509999999999929e-02 4.529700999999999866e-02 4.466737278819284118e-02 3.015250000000000243e-04
1.580530000000000129e-02 4.698676999999999715e-02 4.459880692723187240e-02 2.957100000000000267e-04
1.619560000000000097e-02 4.564138999999999696e-02 4.452547107035885465e-02 2.835080000000000239e-04
1.658580000000000124e-02 4.351272999999999946e-02 4.444743179572227532e-02 2.875280000000000023e-04
1.697610000000000091e-02 4.559590000000000171e-02 4.436936229760612971e-02 2.848130000000000258e-04
1.736630000000000118e-02 4.524406000000000261e-02 4.429408088978286501e-02 2.808229999999999776e-04
1.775660000000000086e-02 4.404795000000000238e-02 4.421895703546903367e-02 2.717679999999999770e-04
1.814680000000000112e-02 4.472980000000000012e-02 4.414048471071614632e-02 2.670470000000000200e-04
1.853710000000000080e-02 4.371902999999999900e-02 4.405640214024596213e-02 2.730829999999999738e-04
1.892730000000000107e-02 4.359746999999999928e-02 4.397233771204814984e-02 2.658679999999999963e-04
1.931760000000000074e-02 4.289819000000000271e-02 4.388866501350636995e-02 2.561379999999999929e-04
1.970780000000000101e-02 4.462718999999999714e-02 4.380510631829260398e-02 2.525089999999999908e-04
2.009810000000000069e-02 4.249941000000000135e-02 4.371909412140734252e-02 2.571350000000000241e-04
2.048830000000000096e-02 4.222618000000000205e-02 4.362585546390004843e-02 2.457679999999999956e-04
2.087860000000000063e-02 4.320779000000000286e-02 4.353258816911406009e-02 2.346709999999999898e-04
2.126880000000000090e-02 4.352609000000000339e-02 4.343851061745048620e-02 2.341250000000000124e-04
2.165910000000000057e-02 4.215772000000000269e-02 4.334403487137161726e-02 2.394469999999999997e-04
2.204930000000000084e-02 4.341194999999999776e-02 4.324933193487263267e-02 2.317320000000000100e-04
2.243960000000000052e-02 4.178685000000000038e-02 4.315288519973024123e-02 2.356600000000000036e-04
2.282980000000000079e-02 4.229037000000000074e-02 4.305646863215374653e-02 2.252040000000000075e-04
2.322010000000000046e-02 4.490584000000000242e-02 4.295567638744107741e-02 2.296680000000000108e-04
2.361030000000000073e-02 4.224137000000000031e-02 4.285155440328172055e-02 2.206640000000000001e-04
2.400060000000000041e-02 4.281644999999999895e-02 4.274740813253722488e-02 2.205590000000000003e-04
2.439080000000000067e-02 4.326334999999999903e-02 4.264240353001085698e-02 2.167559999999999962e-04
2.478110000000000035e-02 4.338195000000000245e-02 4.253738180207646685e-02 2.194479999999999901e-04
2.517130000000000062e-02 4.164650999999999770e-02 4.243192486163565452e-02 2.200340000000000011e-04
2.556160000000000029e-02 4.218046999999999769e-02 4.232585312905200875e-02 2.207149999999999900e-04
2.595180000000000056e-02 4.235959999999999726e-02 4.221980648600574815e-02 2.073669999999999951e-04
2.634210000000000024e-02 4.229179999999999745e-02 4.210777714643213626e-02 2.230040000000000082e-04
2.673230000000000051e-02 4.066283999999999871e-02 4.199493106209672283e-02 2.127379999999999950e-04
2.712260000000000018e-02 4.093560999999999728e-02 4.188044308215797817e-02 2.113410000000000082e-04
2.751280000000000045e-02 4.182803999999999689e-02 4.176245834615813918e-02 2.224679999999999984e-04
2.790310000000000012e-02 4.133950000000000125e-02 4.164445248587010651e-02 2.102030000000000066e-04
2.829330000000000039e-02 4.187140000000000306e-02 4.152641606412617314e-02 2.148279999999999970e-04
2.868360000000000007e-02 4.324004000000000042e-02 4.140834045630219229e-02 2.176230000000000135e-04
2.907380000000000034e-02 4.165727000000000319e-02 4.128932418715581393e-02 2.220219999999999963e-04
2.946400000000000061e-02 4.165271999999999725e-02 4.116615326896941318e-02 2.148539999999999998e-04
2.985430000000000028e-02 4.225021999999999806e-02 4.104295585642779576e-02 2.140269999999999890e-04
3.024450000000000055e-02 4.141887000000000346e-02 4.091958128335443368e-02 2.134089999999999891e-04
3.063480000000000023e-02 4.091681999999999958e-02 4.079604849499959829e-02 2.118440000000000134e-04
3.102500000000000049e-02 4.051652000000000031e-02 4.067247234204474093e-02 2.095669999999999944e-04
3.141530000000000017e-02 4.194548000000000026e-02 4.054780201610162782e-02 2.137189999999999912e-04
3.180550000000000044e-02 3.978398999999999824e-02 4.042316468396765783e-02 2.142199999999999920e-04
3.219579999999999664e-02 3.978149000000000268e-02 4.029519504560111209e-02 2.080840000000000088e-04
3.258599999999999691e-02 4.016517000000000004e-02 4.016397972076382605e-02 2.084569999999999999e-04
3.297619999999999718e-02 3.997467999999999855e-02 4.003276418973416434e-02 2.050889999999999875e-04
3.336650000000000033e-02 3.886900000000000077e-02 3.989900758734982872e-02 2.101489999999999966e-04
3.375670000000000059e-02 3.998368000000000061e-02 3.976512564115698700e-02 2.072520000000000005e-04
3.414699999999999680e-02 3.867335999999999691e-02 3.963080979865477027e-02 2.078260000000000122e-04
3.453719999999999707e-02 3.872600999999999821e-02 3.949587006357014457e-02 2.115060000000000041e-04
3.492750000000000021e-02 3.844931000000000043e-02 3.936089770371720836e-02 2.017540000000000067e-04
3.531770000000000048e-02 3.834334999999999827e-02 3.922735266580370389e-02 2.018800000000000119e-04
3.570790000000000075e-02 3.909175000000000150e-02 3.909411633042499112e-02 1.910039999999999893e-04
3.609819999999999696e-02 3.974405999999999772e-02 3.895987321315534657e-02 1.961900000000000037e-04
3.648839999999999723e-02 4.032017999999999713e-02 3.882276526748968531e-02 1.902419999999999990e-04
3.687870000000000037e-02 3.969440999999999942e-02 3.868562271645004796e-02 1.804649999999999874e-04
3.726890000000000064e-02 3.882900999999999714e-02 3.854440760125963511e-02 1.873869999999999865e-04
3.765910000000000091e-02 3.759612999999999844e-02 3.840134978205397148e-02 1.843720000000000027e-04
3.804939999999999711e-02 3.838112999999999941e-02 3.825798579782558467e-02 1.804479999999999908e-04
3.843959999999999738e-02 3.850264999999999938e-02 3.811281008381473684e-02 1.786659999999999865e-04
3.882979999999999765e-02 3.784037999999999985e-02 3.796763790934345323e-02 1.741179999999999887e-04
3.922010000000000080e-02 3.760531999999999764e-02 3.782243493731538703e-02 1.741409999999999985e-04
3.961030000000000106e-02 3.789131999999999917e-02 3.767727371095606903e-02 1.768030000000000079e-04
4.000059999999999727e-02 3.762432999999999750e-02 3.753207468808875819e-02 1.714770000000000118e-04
4.039079999999999754e-02 3.685593999999999676e-02 3.738300454358969155e-02 1.711369999999999981e-04
4.078099999999999781e-02 3.708422000000000107e-02 3.723394028269551986e-02 1.669650000000000116e-04
4.117130000000000095e-02 3.706117999999999912e-02 3.708523718819299597e-02 1.673350000000000098e-04
4.156150000000000122e-02 3.744103000000000014e-02 3.693709269696326264e-02 1.680569999999999937e-04
4.195170000000000149e-02 3.667473000000000261e-02 3.678894378132404469e-02 1.653899999999999869e-04
4.234199999999999769e-02 3.496889000000000247e-02 3.664047213118047652e-02 1.638610000000000088e-04
4.273219999999999796e-02 3.601541999999999938e-02 3.649199591465809855e-02 1.619769999999999977e-04
4.312239999999999823e-02 3.631813999999999876e-02 3.634258543097820815e-02 1.664039999999999877e-04
4.351270000000000138e-02 3.682450000000000306e-02 3.619109489782479372e-02 1.645340000000000073e-04
4.390290000000000165e-02 3.673401999999999917e-02 3.603964505113135819e-02 1.581599999999999900e-04
4.429310000000000191e-02 3.631120000000000181e-02 3.588776588455130923e-02 1.561420000000000104e-04
4.468339999999999812e-02 3.651171999999999751e-02 3.573569389361599957e-02 1.564500000000000081e-04
4.507359999999999839e-02 3.473447000000000340e-02 3.558353979172698689e-02 1.538889999999999898e-04
4.546379999999999866e-02 3.546596999999999944e-02 3.543082660904881692e-02 1.525820000000000106e-04
4.585410000000000180e-02 3.509821999999999942e-02 3.527808623826635820e-02 1.503879999999999974e-04
4.624430000000000207e-02 3.530232999999999982e-02 3.512465188849571429e-02 1.511879999999999897e-04
4.663450000000000234e-02 3.457819000000000170e-02 3.497078630052827264e-02 1.506830000000000073e-04
4.702479999999999855e-02 3.461480000000000112e-02 3.481648691121385503e-02 1.515020000000000006e-04
4.741499999999999881e-02 3.445140000000000008e-02 3.465646646975230338e-02 1.492750000000000099e-04
4.780519999999999908e-02 3.442889999999999839e-02 3.449644032296273616e-02 1.542399999999999869e-04
4.819539999999999935e-02 3.465859999999999774e-02 3.433727364253135600e-02 1.523170000000000123e-04
4.858570000000000250e-02 3.477120000000000211e-02 3.417891888689986168e-02 1.533089999999999919e-04
4.897590000000000277e-02 3.432639999999999997e-02 3.402060504247643447e-02 1.538079999999999883e-04
4.936610000000000303e-02 3.396149999999999863e-02 3.386556766682305430e-02 1.543500000000000113e-04
4.975639999999999924e-02 3.353339999999999793e-02 3.371071032629018027e-02 1.559990000000000085e-04
5.014659999999999951e-02 3.357149999999999718e-02 3.355445056522007863e-02 1.573269999999999931e-04
5.053679999999999978e-02 3.337119999999999670e-02 3.339579651849808317e-02 1.559390000000000125e-04
5.092700000000000005e-02 3.364000000000000323e-02 3.323714183107636527e-02 1.518640000000000083e-04
5.131730000000000319e-02 3.325729999999999659e-02 3.307900858387766846e-02 1.526020000000000002e-04
5.170750000000000346e-02 3.341990000000000238e-02 3.292105663510131591e-02 1.515540000000000062e-04
5.209769999999999679e-02 3.274439999999999990e-02 3.276319715520296244e-02 1.486059999999999931e-04
5.248789999999999706e-02 3.229400000000000326e-02 3.260563221713489584e-02 1.502309999999999919e-04
5.287809999999999733e-02 3.261399999999999716e-02 3.244806301613624433e-02 1.495249999999999889e-04
5.326840000000000047e-02 3.238429999999999781e-02 3.228812533541550872e-02 1.481029999999999879e-04
5.365860000000000074e-02 3.221340000000000314e-02 3.212717347883746466e-02 1.466059999999999987e-04
5.404880000000000101e-02 3.214870000000000227e-02 3.196636355216857239e-02 1.506889999999999933e-04
5.443900000000000128e-02 3.156830000000000053e-02 3.180655288210235826e-02 1.462989999999999896e-04
5.482929999999999748e-02 3.206620000000000303e-02 3.164670350935326615e-02 1.414409999999999897e-04
5.521949999999999775e-02 3.141460000000000086e-02 3.148574236386623981e-02 1.408559999999999944e-04
5.560969999999999802e-02 3.152680000000000066e-02 3.132388874158422570e-02 1.412049999999999872e-04
5.599989999999999829e-02 3.120960000000000054e-02 3.116203231590000330e-02 1.376360000000000083e-04
5.639009999999999856e-02 3.104729999999999990e-02 3.100103093203732466e-02 1.379449999999999947e-04
5.678029999999999883e-02 3.073969999999999828e-02 3.084003287258887949e-02 1.379660000000000001e-04
5.717060000000000197e-02 3.059069999999999845e-02 3.068009472026064083e-02 1.337020000000000016e-04
5.756080000000000224e-02 3.095300000000000135e-02 3.052161169871798682e-02 1.339699999999999930e-04
5.795100000000000251e-02 3.048680000000000140e-02 3.036313276450833959e-02 1.335030000000000125e-04
5.834120000000000278e-02 3.027360000000000120e-02 3.020548939932260479e-02 1.330439999999999954e-04
5.873140000000000305e-02 2.990299999999999903e-02 3.004797386867814196e-02 1.347750000000000098e-04
5.912160000000000332e-02 2.977199999999999985e-02 2.988899359731252148e-02 1.306860000000000020e-04
5.951189999999999952e-02 2.965299999999999880e-02 2.972674295938364242e-02 1.287000000000000112e-04
5.990209999999999979e-02 2.957339999999999969e-02 2.956452922748768405e-02 1.279850000000000020e-04
6.029230000000000006e-02 2.909470000000000112e-02 2.940655704922357644e-02 1.269750000000000100e-04
6.068250000000000033e-02 2.938450000000000090e-02 2.925000745899985696e-02 1.267530000000000111e-04
6.107270000000000060e-02 2.920069999999999957e-02 2.909295714047652540e-02 1.287390000000000019e-04
6.146290000000000087e-02 2.898979999999999960e-02 2.893371708373453435e-02 1.267150000000000091e-04
6.185310000000000114e-02 2.871409999999999935e-02 2.877448692008689746e-02 1.288569999999999896e-04
6.224330000000000140e-02 2.851050000000000112e-02 2.861363095219661770e-02 1.271389999999999901e-04
6.263349999999999473e-02 2.824619999999999909e-02 2.845180632785513156e-02 1.252120000000000067e-04
6.302380000000000482e-02 2.857579999999999842e-02 2.829033865214379551e-02 1.256879999999999933e-04
6.341399999999999815e-02 2.819989999999999997e-02 2.813514057777978181e-02 1.247520000000000009e-04
6.380420000000000536e-02 2.802059999999999967e-02 2.797994162234818116e-02 1.234979999999999889e-04
6.419439999999999868e-02 2.775479999999999961e-02 2.782474848155168379e-02 1.232689999999999882e-04
6.458460000000000589e-02 2.756149999999999919e-02 2.766955802500551190e-02 1.213999999999999964e-04
6.497479999999999922e-02 2.736449999999999994e-02 2.751436962282974644e-02 1.246030000000000130e-04
6.536500000000000643e-02 2.754380000000000023e-02 2.735528582042042953e-02 1.209489999999999968e-04
6.575519999999999976e-02 2.712049999999999877e-02 2.719593412857057926e-02 1.205909999999999979e-04
6.614539999999999309e-02 2.706930000000000100e-02 2.703825462400854737e-02 1.212159999999999995e-04
6.653560000000000030e-02 2.678070000000000103e-02 2.688339381353864466e-02 1.205419999999999989e-04
6.692579999999999363e-02 2.677140000000000075e-02 2.672853668304999222e-02 1.188450000000000048e-04
6.731600000000000084e-02 2.661020000000000052e-02 2.657259588632765804e-02 1.184730000000000022e-04
6.770619999999999417e-02 2.655990000000000087e-02 2.641641066500467067e-02 1.173949999999999966e-04
6.809640000000000137e-02 2.635320000000000024e-02 2.626124831069205981e-02 1.177620000000000018e-04
6.848659999999999470e-02 2.596779999999999922e-02 2.610920069728729989e-02 1.138469999999999961e-04
6.887680000000000191e-02 2.588899999999999882e-02 2.595715135991290973e-02 1.133070000000000046e-04
6.926699999999999524e-02 2.576470000000000149e-02 2.580187561449236514e-02 1.135780000000000025e-04
6.965720000000000245e-02 2.561389999999999847e-02 2.564511165379797925e-02 1.117529999999999988e-04
7.004739999999999578e-02 2.556260000000000129e-02 2.548887984512776886e-02 1.136350000000000055e-04
7.043760000000000299e-02 2.513299999999999909e-02 2.533651302700314772e-02 1.137239999999999974e-04
7.082779999999999632e-02 2.515819999999999862e-02 2.518414617418474055e-02 1.120479999999999951e-04
7.121800000000000352e-02 2.483520000000000172e-02 2.503225303801383597e-02 1.118060000000000066e-04
7.160819999999999685e-02 2.484700000000000103e-02 2.488073952234993308e-02 1.110060000000000007e-04
7.199840000000000406e-02 2.480430000000000135e-02 2.472922205457270609e-02 1.126429999999999988e-04
7.238859999999999739e-02 2.448859999999999926e-02 2.457914036944801317e-02 1.089980000000000023e-04
7.277880000000000460e-02 2.417990000000000070e-02 2.442905303130305308e-02 1.091319999999999980e-04
7.316899999999999793e-02 2.410800000000000096e-02 2.427889612222901630e-02 1.079459999999999995e-04
7.355920000000000514e-02 2.398110000000000172e-02 2.412864398391530163e-02 1.055570000000000060e-04
7.394939999999999847e-02 2.373890000000000028e-02 2.397838791174411108e-02 1.049649999999999954e-04
7.433950000000000280e-02 2.370900000000000091e-02 2.383061931381591850e-02 1.041419999999999933e-04
7.472969999999999613e-02 2.341899999999999885e-02 2.368317988713326827e-02 1.068420000000000047e-04
7.511990000000000334e-02 2.363049999999999873e-02 2.353616937958083813e-02 1.050639999999999956e-04
7.551009999999999667e-02 2.344289999999999916e-02 2.339012180489850878e-02 1.032680000000000013e-04
7.590030000000000387e-02 2.335989999999999941e-02 2.324407776682803003e-02 1.034869999999999936e-04
7.629049999999999720e-02 2.311219999999999941e-02 2.309645244177490134e-02 1.020890000000000046e-04
7.668070000000000441e-02 2.288549999999999959e-02 2.294828741126783700e-02 1.029819999999999976e-04
7.707089999999999774e-02 2.267699999999999924e-02 2.280113089585811270e-02 1.020669999999999970e-04
7.746100000000000207e-02 2.294459999999999902e-02 2.265855866778146085e-02 1.009489999999999986e-04
7.785119999999999540e-02 2.241860000000000033e-02 2.251595143467678348e-02 1.009090000000000057e-04
7.824140000000000261e-02 2.245779999999999998e-02 2.237345354311666770e-02 9.994619999999999524e-05
7.863159999999999594e-02 2.209130000000000121e-02 2.223102158698380196e-02 1.017879999999999951e-04
7.902180000000000315e-02 2.193710000000000104e-02 2.208867984098228376e-02 1.005759999999999939e-04
7.941199999999999648e-02 2.174080000000000110e-02 2.194784462044890166e-02 9.871839999999999999e-05
7.980210000000000081e-02 2.191939999999999861e-02 2.180703694584401955e-02 9.960159999999999858e-05
8.019229999999999414e-02 2.156239999999999893e-02 2.166702076244898800e-02 9.855289999999999623e-05
8.058250000000000135e-02 2.142729999999999982e-02 2.152783493943352666e-02 9.769719999999999696e-05
8.097269999999999468e-02 2.161400000000000127e-02 2.138865390806806571e-02 9.942799999999999739e-05
8.136290000000000189e-02 2.122380000000000100e-02 2.125038797632225127e-02 9.904069999999999519e-05
8.175300000000000622e-02 2.114649999999999863e-02 2.111222794254284663e-02 9.843029999999999846e-05
8.214319999999999955e-02 2.100950000000000040e-02 2.097437383401079547e-02 9.753849999999999456e-05
8.253340000000000676e-02 2.082929999999999851e-02 2.083711107830193282e-02 9.614690000000000606e-05
8.292360000000000009e-02 2.061259999999999828e-02 2.069984965916439948e-02 9.748699999999999683e-05
8.331370000000000442e-02 2.061790000000000150e-02 2.056468448339972971e-02 9.711309999999999691e-05
8.370389999999999775e-02 2.035500000000000156e-02 2.042998882604268526e-02 9.637930000000000065e-05
8.409410000000000496e-02 2.063349999999999906e-02 2.029597434190861735e-02 9.593929999999999808e-05
8.448419999999999541e-02 2.009729999999999850e-02 2.016415476100151191e-02 9.567030000000000456e-05
8.487440000000000262e-02 1.965340000000000142e-02 2.003229336554715814e-02 9.536559999999999373e-05
8.526459999999999595e-02 2.005739999999999953e-02 1.990005778501499623e-02 9.510139999999999718e-05
8.565480000000000316e-02 1.985949999999999868e-02 1.976764460297182266e-02 9.443189999999999961e-05
8.604489999999999361e-02 1.966530000000000014e-02 1.963539391337876250e-02 9.532769999999999872e-05
8.643510000000000082e-02 1.945879999999999832e-02 1.950410662721022842e-02 9.465349999999999762e-05
8.682529999999999415e-02 1.926030000000000103e-02 1.937281784306273472e-02 9.399330000000000011e-05
8.721539999999999848e-02 1.935160000000000005e-02 1.924301399353706837e-02 9.399330000000000011e-05
8.760560000000000569e-02 1.893179999999999863e-02 1.911435660271272943e-02 9.359669999999999785e-05
8.799579999999999902e-02 1.920109999999999872e-02 1.898570150820228300e-02 9.381240000000000325e-05
8.838590000000000335e-02 1.903240000000000140e-02 1.885843306177354892e-02 9.356090000000000066e-05
8.877609999999999668e-02 1.868809999999999916e-02 1.873114594023617477e-02 9.299339999999999635e-05
8.916620000000000101e-02 1.857050000000000020e-02 1.860443020286610058e-02 9.341239999999999353e-05
8.955639999999999434e-02 1.832409999999999942e-02 1.847841052480980045e-02 9.316960000000000324e-05
8.994660000000000155e-02 1.847959999999999881e-02 1.835239398170631156e-02 9.229840000000000386e-05
9.033670000000000588e-02 1.820509999999999837e-02 1.822772016410147133e-02 9.192269999999999998e-05
9.072689999999999921e-02 1.792619999999999977e-02 1.810322496203375583e-02 9.233270000000000453e-05
9.111700000000000355e-02 1.788899999999999865e-02 1.797921365094816426e-02 9.473610000000000256e-05
9.150719999999999688e-02 1.782639999999999919e-02 1.785622042594951775e-02 9.182100000000000060e-05
9.189730000000000121e-02 1.784420000000000103e-02 1.773326016502479313e-02 9.227719999999999803e-05
9.228749999999999454e-02 1.761209999999999859e-02 1.761200893428449890e-02 9.061499999999999893e-05
9.267770000000000175e-02 1.746539999999999898e-02 1.749137120929157921e-02 9.002579999999999448e-05
9.306780000000000608e-02 1.755299999999999916e-02 1.737087811160197004e-02 9.035249999999999933e-05
9.345799999999999941e-02 1.733219999999999900e-02 1.725089819361796950e-02 8.992210000000000426e-05
9.384810000000000374e-02 1.688069999999999848e-02 1.713094400347286647e-02 8.990609999999999628e-05
9.423829999999999707e-02 1.692990000000000120e-02 1.701231751192870331e-02 9.043220000000000468e-05
9.462840000000000140e-02 1.676139999999999922e-02 1.689458666258228381e-02 9.019359999999999650e-05
9.501859999999999473e-02 1.678479999999999903e-02 1.677686945511840805e-02 8.912930000000000060e-05
9.540869999999999906e-02 1.662090000000000095e-02 1.666010814606351531e-02 8.928659999999999993e-05
9.579890000000000627e-02 1.642259999999999900e-02 1.654331986328036810e-02 8.827639999999999391e-05
9.618899999999999673e-02 1.657250000000000043e-02 1.642776498783006869e-02 8.812689999999999814e-05
9.657920000000000393e-02 1.620080000000000131e-02 1.631345773144027636e-02 8.869219999999999762e-05
9.696929999999999439e-02 1.634330000000000158e-02 1.619918402213124317e-02 8.859120000000000655e-05
9.735939999999999872e-02 1.611620000000000066e-02 1.608575755214969316e-02 8.981340000000000308e-05
9.774960000000000593e-02 1.613399999999999904e-02 1.597237283991874077e-02 8.823209999999999842e-05
9.813969999999999638e-02 1.586049999999999960e-02 1.585968517086322124e-02 8.704079999999999510e-05
9.852990000000000359e-02 1.580950000000000064e-02 1.574815837045496700e-02 8.674100000000000180e-05
9.891999999999999404e-02 1.548929999999999925e-02 1.563665991590340587e-02 8.755499999999999774e-05
9.931009999999999838e-02 1.535259999999999923e-02 1.552720143685714337e-02 8.561479999999999893e-05
9.970030000000000558e-02 1.541129999999999931e-02 1.541824592396689834e-02 8.466569999999999814e-05
1.000899999999999984e-01 1.533640000000000003e-02 1.530964383619850405e-02 8.330020000000000588e-05
1.004810000000000009e-01 1.524750000000000064e-02 1.520138755420757937e-02 8.553219999999999400e-05
1.008710000000000023e-01 1.523219999999999956e-02 1.509340996224281702e-02 8.526199999999999784e-05
1.012610000000000038e-01 1.478649999999999930e-02 1.498670002099232110e-02 8.311019999999999584e-05
1.016510000000000052e-01 1.498559999999999996e-02 1.488062051221036158e-02 8.374639999999999493e-05
1.020410000000000067e-01 1.478089999999999959e-02 1.477464184819194011e-02 8.248619999999999639e-05
1.024309999999999943e-01 1.472779999999999923e-02 1.466956402152829256e-02 8.225770000000000358e-05
1.028209999999999957e-01 1.447249999999999925e-02 1.456447783603054616e-02 8.178549999999999817e-05
1.032109999999999972e-01 1.439400000000000054e-02 1.445963927281737268e-02 8.107199999999999899e-05
1.036019999999999996e-01 1.441040000000000029e-02 1.435473395744011997e-02 8.081190000000000465e-05
1.039920000000000011e-01 1.421610000000000061e-02 1.425009752175105358e-02 7.961020000000000563e-05
1.043820000000000026e-01 1.438930000000000070e-02 1.415005854614222354e-02 8.250539999999999784e-05
1.047720000000000040e-01 1.418739999999999932e-02 1.405011265294835339e-02 8.193409999999999875e-05
1.051620000000000055e-01 1.397280000000000050e-02 1.394958198881638377e-02 8.151019999999999761e-05
1.055520000000000069e-01 1.370640000000000053e-02 1.384821131882447466e-02 8.037669999999999906e-05
1.059419999999999945e-01 1.375799999999999940e-02 1.374684869778411422e-02 7.966389999999999463e-05
1.063319999999999960e-01 1.360689999999999990e-02 1.364731893771385651e-02 7.841430000000000579e-05
1.067229999999999984e-01 1.358670000000000017e-02 1.354785053918396154e-02 7.890449999999999645e-05
1.071129999999999999e-01 1.340539999999999961e-02 1.344986893379469112e-02 7.972479999999999942e-05
1.075030000000000013e-01 1.348689999999999958e-02 1.335489426741825157e-02 7.851779999999999556e-05
1.078930000000000028e-01 1.321199999999999979e-02 1.325991963882304676e-02 7.628949999999999523e-05
1.082830000000000042e-01 1.321229999999999974e-02 1.316371964771688614e-02 7.653840000000000567e-05
1.086730000000000057e-01 1.315990000000000042e-02 1.306706598689437969e-02 7.848719999999999623e-05
1.090629999999999933e-01 1.301680000000000025e-02 1.297102942617561934e-02 7.803470000000000014e-05
1.094529999999999947e-01 1.277559999999999980e-02 1.287824405956170155e-02 7.769130000000000610e-05
1.098439999999999972e-01 1.264829999999999947e-02 1.278522504560849170e-02 7.535089999999999713e-05
1.102339999999999987e-01 1.261140000000000004e-02 1.269203735303888088e-02 7.516950000000000595e-05
1.106240000000000001e-01 1.272580000000000065e-02 1.259858807575211029e-02 7.635109999999999477e-05
1.110140000000000016e-01 1.253789999999999939e-02 1.250527805904451568e-02 7.510489999999999983e-05
1.114040000000000030e-01 1.248570000000000062e-02 1.241569604204214791e-02 7.600959999999999813e-05
1.117940000000000045e-01 1.232180000000000081e-02 1.232611174472438009e-02 7.555910000000000642e-05
1.121840000000000059e-01 1.234990000000000046e-02 1.223653703884976587e-02 7.562550000000000294e-05
1.125739999999999935e-01 1.206980000000000032e-02 1.214698580658937072e-02 7.635490000000000311e-05
1.129639999999999950e-01 1.221829999999999965e-02 1.205743275827382902e-02 7.539289999999999436e-05
1.133549999999999974e-01 1.190719999999999973e-02 1.196872285879978584e-02 7.645239999999999328e-05
1.137449999999999989e-01 1.182060000000000055e-02 1.188035281952596472e-02 7.681560000000000363e-05
1.141350000000000003e-01 1.170099999999999960e-02 1.179262093896796433e-02 7.581349999999999504e-05
1.145250000000000018e-01 1.175029999999999998e-02 1.170609648419623262e-02 7.647620000000000481e-05
1.149150000000000033e-01 1.169590000000000039e-02 1.161956799237497465e-02 7.609670000000000616e-05
1.153050000000000047e-01 1.151349999999999943e-02 1.153426710947778357e-02 7.574569999999999546e-05
1.156950000000000062e-01 1.122569999999999991e-02 1.144930460612177299e-02 7.692060000000000347e-05
1.160849999999999937e-01 1.139940000000000050e-02 1.136466625875828113e-02 7.560420000000000367e-05
1.164749999999999952e-01 1.138489999999999988e-02 1.128116123797978827e-02 7.593559999999999850e-05
1.168649999999999967e-01 1.125469999999999943e-02 1.119765788695796342e-02 7.581670000000000206e-05
1.172549999999999981e-01 1.095750000000000023e-02 1.111453010765683057e-02 7.588470000000000209e-05
1.176460000000000006e-01 1.090350000000000000e-02 1.103138419010814796e-02 7.644119999999999583e-05
1.180360000000000020e-01 1.083770000000000046e-02 1.094862819966637563e-02 7.624069999999999664e-05
1.184260000000000035e-01 1.085479999999999952e-02 1.086761122442113023e-02 7.584050000000000004e-05
1.188160000000000049e-01 1.086600000000000066e-02 1.078660262521290332e-02 7.636830000000000538e-05
1.192060000000000064e-01 1.076610000000000067e-02 1.070669156443276177e-02 7.584050000000000004e-05
1.195959999999999940e-01 1.051219999999999932e-02 1.062775856309686531e-02 7.711550000000000392e-05
1.199859999999999954e-01 1.057059999999999944e-02 1.054882451774560512e-02 7.558060000000000613e-05
1.203759999999999969e-01 1.041480000000000010e-02 1.047219340232155571e-02 7.591180000000000052e-05
1.207659999999999983e-01 1.049770000000000043e-02 1.039564512149524986e-02 7.665250000000000514e-05
1.211559999999999998e-01 1.040190000000000038e-02 1.031802474762392313e-02 7.548680000000000374e-05
1.215460000000000013e-01 1.032199999999999958e-02 1.023879192742117861e-02 7.622329999999999915e-05
1.219370000000000037e-01 1.022119999999999973e-02 1.015936108794492261e-02 7.539329999999999524e-05
1.223270000000000052e-01 9.957499999999999338e-03 1.008419639712126656e-02 7.581670000000000206e-05
1.227170000000000066e-01 1.009939999999999970e-02 1.000981530655521527e-02 7.619919999999999374e-05
1.231069999999999942e-01 9.766330000000000150e-03 9.935452015783345983e-03 7.560420000000000367e-05
1.234969999999999957e-01 9.922639999999999932e-03 9.861144656586504423e-03 7.605009999999999884e-05
1.238869999999999971e-01 9.911190000000000278e-03 9.786840518271082076e-03 7.581480000000000467e-05
1.242769999999999986e-01 9.636749999999999483e-03 9.713674237111355123e-03 7.553370000000000494e-05
1.246670000000000000e-01 9.531710000000000529e-03 9.640968393318077520e-03 7.586420000000000457e-05
1.250570000000000015e-01 9.534930000000000488e-03 9.568278969300450174e-03 7.602050000000000170e-05
1.254470000000000030e-01 9.438069999999999793e-03 9.495715807427636962e-03 7.574569999999999546e-05
1.258370000000000044e-01 9.589800000000000754e-03 9.423154193630418549e-03 7.551020000000000084e-05
1.262270000000000059e-01 9.488039999999999669e-03 9.351884693689924491e-03 7.539329999999999524e-05
1.266170000000000073e-01 9.348330000000000181e-03 9.281555958181218757e-03 7.553370000000000494e-05
1.270070000000000088e-01 9.161970000000000183e-03 9.211253785044604819e-03 7.493109999999999821e-05
1.273980000000000112e-01 9.125329999999999206e-03 9.142463963680746292e-03 7.574569999999999546e-05
1.277880000000000127e-01 9.106029999999999333e-03 9.073849618242651668e-03 7.579299999999999753e-05
1.281779999999999864e-01 8.853470000000000437e-03 9.005139773551601792e-03 7.468039999999999737e-05
1.285679999999999878e-01 8.995579999999999549e-03 8.936314292320191380e-03 7.530020000000000116e-05
1.289579999999999893e-01 8.883949999999999833e-03 8.867490068927993963e-03 7.534670000000000148e-05
1.293479999999999908e-01 8.760399999999999784e-03 8.800238225995935665e-03 7.516110000000000109e-05
1.297379999999999922e-01 8.556809999999999763e-03 8.733178789144632748e-03 7.518420000000000430e-05
1.301279999999999937e-01 8.826850000000000668e-03 8.666691252273008711e-03 7.486249999999999686e-05
1.305179999999999951e-01 8.718540000000000317e-03 8.601371318211205666e-03 7.639259999999999768e-05
1.309079999999999966e-01 8.581679999999999517e-03 8.536053301978718116e-03 7.627160000000000341e-05
1.312979999999999980e-01 8.525639999999999261e-03 8.471288751159031238e-03 7.725639999999999439e-05
1.316879999999999995e-01 8.395059999999999328e-03 8.406706637579103997e-03 7.740740000000000023e-05
1.320780000000000010e-01 8.415189999999999476e-03 8.342459532804949451e-03 7.740740000000000023e-05
1.324680000000000024e-01 8.122970000000000190e-03 8.279621084171405118e-03 7.815009999999999568e-05
1.328580000000000039e-01 8.081839999999999857e-03 8.216778920287770571e-03 7.935609999999999734e-05
1.332480000000000053e-01 7.978310000000000610e-03 8.154786106455296640e-03 7.786589999999999592e-05
1.336380000000000068e-01 8.089680000000000135e-03 8.093283933946190944e-03 7.822819999999999752e-05
1.340280000000000082e-01 8.135899999999999729e-03 8.031714745578448500e-03 7.851640000000000604e-05
1.344180000000000097e-01 7.936169999999999336e-03 7.969240558392565524e-03 7.883450000000000559e-05
1.348080000000000112e-01 7.981969999999999690e-03 7.906758921533517739e-03 7.851640000000000604e-05
1.351990000000000136e-01 7.675340000000000114e-03 7.845693436551478064e-03 7.872799999999999568e-05
1.355889999999999873e-01 7.814919999999999506e-03 7.786304039556904595e-03 7.910260000000000392e-05
1.359789999999999888e-01 7.714849999999999659e-03 7.726910472931489138e-03 7.961950000000000570e-05
1.363689999999999902e-01 7.648160000000000201e-03 7.668749978241611726e-03 7.931900000000000409e-05
1.367589999999999917e-01 7.604920000000000256e-03 7.610663270563855325e-03 7.907559999999999893e-05
1.371489999999999931e-01 7.420350000000000036e-03 7.552141454675643552e-03 7.843750000000000245e-05
1.375389999999999946e-01 7.483720000000000129e-03 7.492922437611101820e-03 7.781450000000000519e-05
1.379289999999999961e-01 7.611429999999999758e-03 7.433704474630129649e-03 7.763559999999999916e-05
1.383189999999999975e-01 7.362910000000000288e-03 7.376725018540508313e-03 7.713120000000000447e-05
1.387089999999999990e-01 7.012159999999999921e-03 7.320245733265159926e-03 7.668549999999999618e-05
1.390990000000000004e-01 7.225689999999999891e-03 7.263958479883831504e-03 7.710620000000000386e-05
1.394890000000000019e-01 7.434020000000000385e-03 7.208220896572740087e-03 7.653860000000000611e-05
1.398790000000000033e-01 7.084440000000000008e-03 7.152481651168765206e-03 7.644119999999999583e-05
1.402690000000000048e-01 7.179829999999999893e-03 7.097271495195590744e-03 7.666089999999999645e-05
1.406590000000000062e-01 7.110299999999999954e-03 7.042305251693158075e-03 7.612699999999999806e-05
1.410490000000000077e-01 7.027560000000000404e-03 6.987509369451362987e-03 7.644119999999999583e-05
1.414390000000000092e-01 6.973840000000000247e-03 6.933901882873987586e-03 7.579299999999999753e-05
1.418290000000000106e-01 6.803700000000000199e-03 6.880295102782012749e-03 7.591180000000000052e-05
1.422190000000000121e-01 6.855520000000000364e-03 6.826850616773478403e-03 7.598339999999999489e-05
1.426090000000000135e-01 6.740760000000000154e-03 6.773534665343350185e-03 7.581670000000000206e-05
1.429989999999999872e-01 6.641290000000000214e-03 6.720212791209287037e-03 7.541670000000000589e-05
1.433889999999999887e-01 6.490369999999999646e-03 6.668843236352388001e-03 7.527700000000000450e-05
1.437789999999999901e-01 6.648219999999999824e-03 6.617486333883158649e-03 7.543999999999999599e-05
1.441689999999999916e-01 6.757159999999999903e-03 6.566919921844245958e-03 7.562769999999999421e-05
1.445589999999999931e-01 6.413860000000000394e-03 6.517391083206527588e-03 7.523059999999999763e-05
1.449489999999999945e-01 6.595469999999999978e-03 6.467866273643518502e-03 7.486249999999999686e-05
1.453389999999999960e-01 6.440330000000000187e-03 6.416754540775587712e-03 7.629589999999999571e-05
1.457289999999999974e-01 6.285840000000000004e-03 6.365398772954641675e-03 7.492900000000000038e-05
1.461189999999999989e-01 6.293980000000000234e-03 6.315030388895388237e-03 7.477130000000000018e-05
1.465090000000000003e-01 6.108109999999999928e-03 6.266921141133463373e-03 7.424389999999999571e-05
1.468990000000000018e-01 6.167360000000000203e-03 6.218809590316360519e-03 7.454479999999999819e-05
1.472890000000000033e-01 6.193699999999999900e-03 6.170839930883616729e-03 7.506879999999999521e-05
1.476790000000000047e-01 6.286970000000000232e-03 6.122922544322396445e-03 7.454479999999999819e-05
1.480690000000000062e-01 6.109810000000000241e-03 6.075048360181216876e-03 7.402049999999999374e-05
1.484590000000000076e-01 5.927769999999999741e-03 6.027384818520086125e-03 7.412000000000000186e-05
1.488490000000000091e-01 5.985950000000000298e-03 5.979718376785902144e-03 7.404450000000000571e-05
1.492390000000000105e-01 5.909069999999999774e-03 5.932713828699587300e-03 7.422299999999999731e-05
1.496290000000000120e-01 5.712830000000000338e-03 5.886128037166378502e-03 7.384470000000000129e-05
1.500190000000000135e-01 5.865890000000000340e-03 5.839613353751296927e-03 7.400940000000000329e-05
1.504089999999999872e-01 5.922829999999999588e-03 5.794474929142548469e-03 7.400940000000000329e-05
1.507989999999999886e-01 5.828169999999999705e-03 5.749335512222136617e-03 7.351440000000000210e-05
1.511889999999999901e-01 5.798679999999999633e-03 5.704055949334773529e-03 7.405360000000000534e-05
1.515789999999999915e-01 5.790599999999999914e-03 5.658618279498937691e-03 7.331910000000000076e-05
1.519689999999999930e-01 5.692410000000000178e-03 5.613177572763109954e-03 7.365890000000000046e-05
1.523589999999999944e-01 5.499640000000000084e-03 5.569527957836318405e-03 7.392130000000000662e-05
1.527489999999999959e-01 5.583509999999999862e-03 5.526023766444348659e-03 7.263939999999999438e-05
1.531389999999999973e-01 5.575369999999999632e-03 5.482985840347657028e-03 7.297840000000000587e-05
1.535289999999999988e-01 5.223209999999999832e-03 5.440769322643083938e-03 7.253349999999999934e-05
1.539190000000000003e-01 5.399659999999999703e-03 5.398550768866330202e-03 7.378970000000000266e-05
1.543090000000000017e-01 5.460669999999999934e-03 5.356338590243030218e-03 7.295579999999999698e-05
1.546990000000000032e-01 5.445069999999999771e-03 5.314133250827874494e-03 7.299359999999999855e-05
1.550890000000000046e-01 5.374750000000000187e-03 5.272005555866102026e-03 7.286839999999999507e-05
1.554790000000000061e-01 5.209530000000000410e-03 5.230140986349207481e-03 7.297660000000000193e-05
1.558690000000000075e-01 5.235840000000000286e-03 5.188276509159504835e-03 7.244870000000000314e-05
1.562590000000000090e-01 5.277869999999999610e-03 5.147495862115917045e-03 7.284910000000000018e-05
1.566490000000000105e-01 5.335750000000000215e-03 5.107253179081091068e-03 7.269900000000000309e-05
1.570390000000000119e-01 5.015129999999999588e-03 5.067072030638540905e-03 7.327039999999999562e-05
1.574290000000000134e-01 5.045019999999999886e-03 5.027450176143449800e-03 7.199199999999999783e-05
1.578189999999999871e-01 4.986049999999999684e-03 4.987825540607641536e-03 7.179769999999999870e-05
1.582089999999999885e-01 5.101160000000000416e-03 4.948540502325096853e-03 7.255410000000000385e-05
1.585979999999999890e-01 5.015379999999999838e-03 4.909648519358678423e-03 7.201670000000000456e-05
1.589879999999999904e-01 4.863329999999999910e-03 4.870659990115479461e-03 7.217599999999999472e-05
1.593779999999999919e-01 4.805300000000000196e-03 4.832212790616938029e-03 7.163589999999999628e-05
1.597679999999999934e-01 4.789289999999999867e-03 4.793786867293235894e-03 7.195760000000000372e-05
1.601579999999999948e-01 4.789899999999999713e-03 4.755694889300591914e-03 7.182140000000000323e-05
1.605479999999999963e-01 4.727340000000000014e-03 4.718093734830980379e-03 7.107440000000000513e-05
1.609379999999999977e-01 4.723759999999999591e-03 4.680494712378182806e-03 7.080619999999999980e-05
1.613279999999999992e-01 4.602389999999999606e-03 4.643568802261853132e-03 7.152070000000000118e-05
1.617180000000000006e-01 4.502899999999999785e-03 4.606776981932674854e-03 6.993740000000000568e-05
1.621080000000000021e-01 4.369480000000000239e-03 4.570110716940546484e-03 7.182439999999999625e-05
1.624980000000000036e-01 4.463769999999999717e-03 4.533787439657238627e-03 7.041030000000000585e-05
1.628880000000000050e-01 4.435999999999999839e-03 4.497463167071335220e-03 7.163529999999999497e-05
1.632780000000000065e-01 4.364169999999999681e-03 4.461521409795192114e-03 7.023539999999999504e-05
1.636680000000000079e-01 4.351429999999999881e-03 4.425726283103672068e-03 7.048379999999999760e-05
1.640580000000000094e-01 4.278180000000000351e-03 4.390174030829168371e-03 7.185840000000000304e-05
1.644480000000000108e-01 4.347110000000000384e-03 4.356034210161930341e-03 7.187950000000000188e-05
1.648380000000000123e-01 4.333100000000000319e-03 4.321895764301802480e-03 7.255270000000000078e-05
1.652280000000000137e-01 4.237849999999999603e-03 4.287628077771549542e-03 7.244759999999999395e-05
1.656169999999999864e-01 4.199979999999999859e-03 4.253352198118579876e-03 7.229689999999999554e-05
1.660069999999999879e-01 4.266909999999999627e-03 4.219019822536720227e-03 7.258229999999999793e-05
1.663969999999999894e-01 4.263929999999999977e-03 4.186361958241251527e-03 7.180769999999999352e-05
1.667869999999999908e-01 4.002679999999999780e-03 4.153706072352153847e-03 7.229459999999999728e-05
1.671769999999999923e-01 4.128930000000000274e-03 4.120893247249975307e-03 7.347820000000000404e-05
1.675669999999999937e-01 4.109269999999999937e-03 4.087901707380537514e-03 7.194099999999999443e-05
1.679569999999999952e-01 3.837259999999999890e-03 4.054913166731816121e-03 7.180329999999999742e-05
1.683469999999999966e-01 3.921009999999999947e-03 4.022413182071821885e-03 7.201630000000000368e-05
1.687369999999999981e-01 4.007750000000000028e-03 3.989982578103972236e-03 7.358209999999999469e-05
1.691269999999999996e-01 3.986520000000000341e-03 3.957852226720194252e-03 7.388440000000000025e-05
1.695170000000000010e-01 3.744499999999999999e-03 3.926358972938968558e-03 7.244399999999999961e-05
1.699070000000000025e-01 3.663739999999999965e-03 3.894868241959364118e-03 7.362580000000000242e-05
1.702970000000000039e-01 3.825069999999999859e-03 3.863167428348071673e-03 7.396830000000000126e-05
1.706860000000000044e-01 3.789020000000000148e-03 3.831485107583494122e-03 7.152170000000000337e-05
1.710760000000000058e-01 3.756349999999999880e-03 3.800122833413117993e-03 7.031790000000000653e-05
1.714660000000000073e-01 3.922669999999999629e-03 3.770443400637175403e-03 6.969210000000000313e-05
1.718560000000000088e-01 3.731410000000000109e-03 3.740762700936621152e-03 7.114390000000000167e-05
1.722460000000000102e-01 3.548040000000000135e-03 3.711064195494821749e-03 7.051459999999999738e-05
1.726360000000000117e-01 3.592590000000000106e-03 3.681353249220332795e-03 7.194369999999999357e-05
1.730260000000000131e-01 3.781099999999999912e-03 3.651667165743159148e-03 7.047079999999999620e-05
1.734159999999999868e-01 3.691419999999999944e-03 3.622281993480719765e-03 7.175739999999999842e-05
1.738059999999999883e-01 3.643459999999999841e-03 3.592894587839660318e-03 7.103399999999999786e-05
1.741959999999999897e-01 3.728389999999999829e-03 3.564003588638091444e-03 7.136159999999999791e-05
1.745849999999999902e-01 3.487529999999999970e-03 3.535669910472538473e-03 7.125849999999999546e-05
1.749749999999999917e-01 3.716319999999999953e-03 3.507265335336202244e-03 7.014899999999999532e-05
1.753649999999999931e-01 3.523440000000000079e-03 3.478882211468744840e-03 6.906489999999999667e-05
1.757549999999999946e-01 3.294580000000000078e-03 3.450498421034903316e-03 6.747999999999999767e-05
1.761449999999999960e-01 3.347090000000000048e-03 3.422441210044327008e-03 6.956979999999999924e-05
1.765349999999999975e-01 3.252080000000000075e-03 3.394924873293488857e-03 7.147139999999999472e-05
1.769249999999999989e-01 3.340720000000000148e-03 3.367411330758036253e-03 7.176460000000000066e-05
1.773150000000000004e-01 3.494319999999999978e-03 3.340295040967034088e-03 7.032540000000000264e-05
1.777050000000000018e-01 3.272689999999999974e-03 3.313279571143323745e-03 7.206400000000000663e-05
1.780940000000000023e-01 3.301969999999999992e-03 3.286453411594406938e-03 7.124979999999999671e-05
1.784840000000000038e-01 3.190899999999999986e-03 3.259953392950518808e-03 7.066250000000000319e-05
1.788740000000000052e-01 3.347349999999999805e-03 3.233450745643497593e-03 7.157110000000000327e-05
1.792640000000000067e-01 3.109699999999999964e-03 3.207572636895621426e-03 7.146389999999999861e-05
1.796540000000000081e-01 3.075340000000000192e-03 3.181989828137616726e-03 7.157130000000000371e-05
1.800440000000000096e-01 3.092570000000000215e-03 3.156434008594577369e-03 6.985790000000000077e-05
1.804340000000000110e-01 2.931329999999999786e-03 3.131075734515363120e-03 6.981550000000000266e-05
1.808240000000000125e-01 3.091940000000000053e-03 3.105716154912160909e-03 6.999979999999999343e-05
1.812130000000000130e-01 3.232849999999999786e-03 3.080584239858073434e-03 6.950520000000000667e-05
1.816029999999999867e-01 3.074089999999999809e-03 3.055525645771346461e-03 6.849609999999999629e-05
1.819929999999999881e-01 2.890000000000000208e-03 3.030469785070576735e-03 7.046180000000000357e-05
1.823829999999999896e-01 3.002110000000000108e-03 3.006057999993680657e-03 7.105739999999999496e-05
1.827729999999999910e-01 2.807829999999999875e-03 2.981655371885708148e-03 6.945900000000000023e-05
1.831629999999999925e-01 2.897869999999999873e-03 2.957414747110121821e-03 6.867730000000000059e-05
1.835529999999999939e-01 2.962840000000000005e-03 2.933407297129447203e-03 7.170429999999999718e-05
1.839419999999999944e-01 3.042790000000000078e-03 2.909454973362733850e-03 7.023429999999999940e-05
1.843319999999999959e-01 2.789659999999999796e-03 2.885529796258692187e-03 7.129859999999999529e-05
1.847219999999999973e-01 2.794749999999999925e-03 2.861618690392525501e-03 7.109100000000000087e-05
1.851119999999999988e-01 2.919849999999999876e-03 2.838186312518877884e-03 6.929849999999999389e-05
1.855020000000000002e-01 2.826069999999999971e-03 2.815941305504313010e-03 6.923880000000000529e-05
1.858920000000000017e-01 2.665040000000000030e-03 2.793697180165919010e-03 7.066839999999999580e-05
1.862820000000000031e-01 2.837909999999999912e-03 2.770843193680495083e-03 7.012700000000000129e-05
1.866710000000000036e-01 2.860619999999999916e-03 2.747806784388906031e-03 6.981639999999999786e-05
1.870610000000000051e-01 2.634019999999999938e-03 2.724839340689640729e-03 6.954029999999999554e-05
1.874510000000000065e-01 2.964490000000000181e-03 2.702544075461647648e-03 7.156450000000000235e-05
1.878410000000000080e-01 2.773170000000000149e-03 2.680249290773664694e-03 7.029469999999999631e-05
1.882310000000000094e-01 2.634329999999999831e-03 2.657975965832200162e-03 7.044099999999999862e-05
1.886210000000000109e-01 2.850559999999999813e-03 2.635722352951612880e-03 7.049749999999999376e-05
1.890100000000000113e-01 2.450710000000000041e-03 2.613562213545444612e-03 6.974719999999999520e-05
1.894000000000000128e-01 2.412080000000000040e-03 2.592917667634273959e-03 7.058319999999999872e-05
1.897899999999999865e-01 2.594969999999999829e-03 2.572269668916040471e-03 7.097469999999999658e-05
1.901799999999999879e-01 2.520370000000000076e-03 2.551384898804227950e-03 7.098930000000000149e-05
1.905699999999999894e-01 2.380339999999999887e-03 2.530212929202251167e-03 6.946919999999999549e-05
1.909599999999999909e-01 2.536959999999999996e-03 2.509045880492816790e-03 6.979480000000000471e-05
1.913489999999999913e-01 2.410289999999999828e-03 2.488368503293825369e-03 7.074879999999999591e-05
1.917389999999999928e-01 2.353350000000000147e-03 2.467690702591290950e-03 6.876249999999999767e-05
1.921289999999999942e-01 2.311600000000000026e-03 2.447171450331389088e-03 6.878299999999999519e-05
1.925189999999999957e-01 2.507099999999999954e-03 2.426974136933661170e-03 7.061819999999999415e-05
1.929089999999999971e-01 2.315349999999999873e-03 2.406776823535933252e-03 6.983820000000000501e-05
1.932979999999999976e-01 2.559389999999999929e-03 2.387131797803883956e-03 7.083499999999999519e-05
1.936879999999999991e-01 2.461689999999999885e-03 2.367581941824005182e-03 6.974219999999999779e-05
1.940780000000000005e-01 2.309439999999999844e-03 2.348109095613651678e-03 7.001830000000000011e-05
1.944680000000000020e-01 2.205180000000000161e-03 2.328915529211692242e-03 7.011500000000000208e-05
1.948580000000000034e-01 2.486959999999999865e-03 2.309723607182763774e-03 6.993109999999999864e-05
1.952470000000000039e-01 2.248159999999999915e-03 2.290699943165072291e-03 6.798200000000000065e-05
1.956370000000000053e-01 2.123480000000000072e-03 2.271691855487039443e-03 6.913079999999999887e-05
1.960270000000000068e-01 2.092960000000000046e-03 2.252713634466537839e-03 6.825310000000000556e-05
1.964170000000000083e-01 2.225819999999999882e-03 2.234048848836274036e-03 6.743409999999999866e-05
1.968070000000000097e-01 2.113129999999999956e-03 2.215388744960809612e-03 6.929509999999999999e-05
1.971960000000000102e-01 2.066129999999999790e-03 2.197022872313712880e-03 6.809569999999999924e-05
1.975860000000000116e-01 2.165119999999999979e-03 2.178844962011105418e-03 7.062880000000000384e-05
1.979760000000000131e-01 2.008719999999999863e-03 2.160671231683770118e-03 6.946919999999999549e-05
1.983659999999999868e-01 2.188269999999999972e-03 2.142587490222760873e-03 6.878589999999999477e-05
1.987559999999999882e-01 2.032509999999999959e-03 2.124499953103584516e-03 6.892590000000000359e-05
1.991449999999999887e-01 1.917129999999999963e-03 2.106685864630536940e-03 6.849239999999999495e-05
1.995349999999999902e-01 1.900760000000000036e-03 2.089208128566127313e-03 7.011839999999999599e-05
1.999249999999999916e-01 2.162550000000000062e-03 2.071724881736442155e-03 6.909689999999999908e-05
2.003149999999999931e-01 2.035729999999999918e-03 2.054324412577956342e-03 7.030060000000000248e-05
2.007049999999999945e-01 1.871220000000000045e-03 2.036934819261409808e-03 6.885489999999999699e-05
2.010939999999999950e-01 1.756449999999999895e-03 2.019791317360677182e-03 6.796159999999999658e-05
2.014839999999999964e-01 2.106890000000000152e-03 2.003203217424866147e-03 6.876189999999999635e-05
2.018739999999999979e-01 2.133900000000000206e-03 1.986618161135089971e-03 7.052429999999999832e-05
2.022639999999999993e-01 1.695490000000000018e-03 1.970206456653810639e-03 7.122419999999999478e-05
2.026529999999999998e-01 1.979369999999999827e-03 1.953910686428732540e-03 6.803490000000000145e-05
2.030430000000000013e-01 1.993640000000000082e-03 1.937567856206984067e-03 6.899060000000000316e-05
2.034330000000000027e-01 2.155069999999999816e-03 1.921159468665941750e-03 6.794419999999999908e-05
2.038230000000000042e-01 1.923540000000000059e-03 1.904751632315516887e-03 6.822920000000000059e-05
2.042120000000000046e-01 1.747889999999999991e-03 1.888784175780385596e-03 6.809639999999999400e-05
2.046020000000000061e-01 1.715900000000000021e-03 1.873118264827887706e-03 6.865749999999999783e-05
2.049920000000000075e-01 1.969040000000000026e-03 1.857455772040891981e-03 6.855720000000000152e-05
2.053820000000000090e-01 1.571569999999999998e-03 1.841482974050976133e-03 6.787340000000000647e-05
2.057710000000000095e-01 1.775150000000000079e-03 1.825550814429204201e-03 6.769809999999999478e-05
2.061610000000000109e-01 1.713150000000000089e-03 1.809893069549956207e-03 6.721399999999999716e-05
2.065510000000000124e-01 1.791049999999999977e-03 1.794691972764787509e-03 6.833730000000000045e-05
2.069410000000000138e-01 1.734740000000000023e-03 1.779485025636923278e-03 6.809619999999999356e-05
2.073299999999999865e-01 1.789830000000000067e-03 1.764467198344747993e-03 6.817969999999999369e-05
2.077199999999999880e-01 1.622189999999999917e-03 1.749439883680810586e-03 6.873990000000000232e-05
2.081099999999999894e-01 1.631700000000000034e-03 1.734548023423823681e-03 6.823899999999999497e-05
2.084999999999999909e-01 1.729789999999999930e-03 1.720014638887917575e-03 6.763169999999999826e-05
2.088889999999999914e-01 1.529430000000000026e-03 1.705518047601963221e-03 6.767630000000000119e-05
2.092789999999999928e-01 1.764830000000000001e-03 1.691131670901671038e-03 6.710899999999999732e-05
2.096689999999999943e-01 1.792369999999999944e-03 1.676806634877535179e-03 6.839060000000000213e-05
2.100589999999999957e-01 1.427169999999999958e-03 1.662497855235059614e-03 6.765270000000000365e-05
2.104479999999999962e-01 1.619980000000000031e-03 1.648342441952468452e-03 6.747879999999999504e-05
2.108379999999999976e-01 1.572889999999999965e-03 1.634147582380943240e-03 6.823939999999999585e-05
2.112279999999999991e-01 1.579520000000000056e-03 1.620426826521470087e-03 6.682930000000000066e-05
2.116180000000000005e-01 1.604069999999999975e-03 1.607031364818897398e-03 6.701769999999999364e-05
2.120070000000000010e-01 1.516409999999999937e-03 1.593670988776087205e-03 6.691549999999999994e-05
2.123970000000000025e-01 1.484419999999999967e-03 1.579867105125408152e-03 6.647020000000000608e-05
2.127870000000000039e-01 1.625209999999999979e-03 1.566060101437770705e-03 6.702489999999999587e-05
2.131760000000000044e-01 1.445349999999999977e-03 1.552644093893139733e-03 6.801099999999999648e-05
2.135660000000000058e-01 1.556270000000000006e-03 1.539613462421310234e-03 7.033109999999999481e-05
2.139560000000000073e-01 1.521489999999999908e-03 1.526579412783978787e-03 7.038160000000000390e-05
2.143460000000000087e-01 1.461540000000000105e-03 1.513594869077458920e-03 6.962080000000000265e-05
2.147350000000000092e-01 1.588309999999999896e-03 1.500647520089910510e-03 7.056720000000000429e-05
2.151250000000000107e-01 1.455160000000000047e-03 1.487861334640553810e-03 6.978619999999999940e-05
2.155150000000000121e-01 1.547039999999999960e-03 1.475476705694669672e-03 7.137190000000000016e-05
2.159040000000000126e-01 1.507740000000000035e-03 1.463131965033916604e-03 7.018190000000000647e-05
2.162939999999999863e-01 1.278870000000000094e-03 1.450833535233236318e-03 7.130249999999999707e-05
2.166839999999999877e-01 1.386099999999999919e-03 1.438563888433454317e-03 7.217159999999999862e-05
2.170739999999999892e-01 1.407389999999999900e-03 1.426317821886507933e-03 7.203599999999999945e-05
2.174629999999999896e-01 1.278639999999999942e-03 1.414211225465070946e-03 7.261900000000000386e-05
2.178529999999999911e-01 1.236600000000000026e-03 1.402070996702066202e-03 7.211129999999999515e-05
2.182429999999999926e-01 1.241759999999999956e-03 1.390123311396429095e-03 7.351449999999999554e-05
2.186319999999999930e-01 1.432619999999999900e-03 1.378323240509081492e-03 7.404529999999999391e-05
2.190219999999999945e-01 1.311600000000000005e-03 1.366523680067636016e-03 7.267839999999999858e-05
2.194119999999999959e-01 1.550729999999999947e-03 1.355162199082121264e-03 7.448879999999999738e-05
2.198009999999999964e-01 1.362380000000000058e-03 1.343830582174327911e-03 7.394559999999999892e-05
2.201909999999999978e-01 1.289779999999999920e-03 1.332463164071212656e-03 7.387039999999999666e-05
2.205809999999999993e-01 1.440270000000000005e-03 1.321092681827760323e-03 7.326709999999999516e-05
2.209699999999999998e-01 1.391620000000000097e-03 1.309753706648532313e-03 7.450559999999999356e-05
2.213600000000000012e-01 1.331909999999999952e-03 1.298762222983318622e-03 7.392860000000000230e-05
2.217500000000000027e-01 1.068079999999999898e-03 1.287800522445863450e-03 7.439909999999999720e-05
2.221390000000000031e-01 1.243500000000000031e-03 1.276925759405040089e-03 7.704030000000000166e-05
2.225290000000000046e-01 1.298880000000000087e-03 1.266145231595049766e-03 7.484050000000000283e-05
2.229190000000000060e-01 1.275230000000000027e-03 1.255359926538065617e-03 7.485899999999999597e-05
2.233080000000000065e-01 1.052889999999999902e-03 1.244648381813092319e-03 7.501259999999999395e-05
2.236980000000000079e-01 1.434689999999999967e-03 1.233926317877176177e-03 7.464609999999999670e-05
2.240880000000000094e-01 1.138909999999999922e-03 1.223325370790238724e-03 7.515510000000000148e-05
2.244770000000000099e-01 1.336390000000000017e-03 1.213190134445006401e-03 7.501310000000000183e-05
2.248670000000000113e-01 1.192480000000000102e-03 1.203029566087298989e-03 7.494019999999999783e-05
2.252570000000000128e-01 1.242239999999999924e-03 1.193053673519434144e-03 7.467849999999999998e-05
2.256460000000000132e-01 1.138909999999999922e-03 1.183197402528511155e-03 7.527839999999999402e-05
2.260359999999999869e-01 1.169270000000000032e-03 1.173343672130353846e-03 7.549249999999999591e-05
2.264259999999999884e-01 1.146179999999999899e-03 1.163732109651740600e-03 7.527899999999999533e-05
2.268149999999999888e-01 1.330269999999999933e-03 1.154152323882903439e-03 7.582780000000000607e-05
2.272049999999999903e-01 1.122100000000000007e-03 1.144610468944252685e-03 7.518429999999999775e-05
2.275949999999999918e-01 1.335739999999999974e-03 1.135135216640678927e-03 7.635069999999999390e-05
2.279839999999999922e-01 1.203850000000000016e-03 1.125680501093411553e-03 7.650830000000000066e-05
2.283739999999999937e-01 1.052470000000000011e-03 1.116300129465957027e-03 7.595709999999999821e-05
2.287629999999999941e-01 1.222900000000000072e-03 1.106945767964158216e-03 7.589400000000000215e-05
2.291529999999999956e-01 1.076310000000000027e-03 1.097767967032171931e-03 7.586810000000000634e-05
2.295429999999999970e-01 1.170129999999999912e-03 1.088898323974254361e-03 7.949040000000000045e-05
2.299319999999999975e-01 1.285899999999999977e-03 1.080054968507446330e-03 7.728710000000000072e-05
2.303219999999999990e-01 1.123590000000000049e-03 1.071280581101461847e-03 7.712710000000000225e-05
2.307120000000000004e-01 1.070430000000000036e-03 1.062524383585338210e-03 7.643200000000000276e-05
2.311010000000000009e-01 1.121339999999999967e-03 1.053813825265165031e-03 7.735759999999999945e-05
2.314910000000000023e-01 1.149859999999999945e-03 1.045149073447457092e-03 7.666820000000000568e-05
2.318810000000000038e-01 9.570899999999999590e-04 1.036479221651502580e-03 7.673330000000000612e-05
2.322700000000000042e-01 1.066729999999999892e-03 1.028137127494976530e-03 7.722699999999999769e-05
2.326600000000000057e-01 8.747190000000000390e-04 1.019912132531753356e-03 7.698089999999999339e-05
2.330490000000000061e-01 9.621640000000000531e-04 1.011730502282818167e-03 7.739370000000000407e-05
2.334390000000000076e-01 1.079279999999999953e-03 1.003732155371472434e-03 7.719380000000000621e-05
2.338290000000000091e-01 9.338060000000000241e-04 9.957298430811193420e-04 7.749420000000000082e-05
2.342180000000000095e-01 8.805920000000000284e-04 9.878069453387431937e-04 7.766269999999999760e-05
2.346080000000000110e-01 1.206379999999999952e-03 9.799178929420539197e-04 7.732690000000000668e-05
2.349970000000000114e-01 1.066939999999999946e-03 9.720451358089999454e-04 7.848859999999999930e-05
2.353870000000000129e-01 8.499409999999999995e-04 9.644470330745588292e-04 7.801079999999999516e-05
2.357769999999999866e-01 9.299350000000000064e-04 9.568486491161180049e-04 7.814019999999999430e-05
2.361659999999999870e-01 7.696899999999999575e-04 9.493186211105131668e-04 7.862660000000000374e-05
2.365559999999999885e-01 1.067199999999999920e-03 9.418352081845853723e-04 7.790030000000000359e-05
2.369449999999999890e-01 1.009740000000000073e-03 9.343761974935431121e-04 7.915829999999999731e-05
2.373349999999999904e-01 1.130219999999999923e-03 9.272729396729723897e-04 7.807140000000000607e-05
2.377249999999999919e-01 7.840660000000000381e-04 9.202355124901141900e-04 7.918340000000000491e-05
2.381139999999999923e-01 8.106580000000000166e-04 9.132205845095175707e-04 7.922970000000000479e-05
2.385039999999999938e-01 1.131089999999999960e-03 9.062147168334458132e-04 7.936729999999999480e-05
2.388929999999999942e-01 9.339189999999999601e-04 8.992207549547633636e-04 7.983669999999999406e-05
2.392829999999999957e-01 6.501509999999999624e-04 8.924262332862897915e-04 7.943069999999999829e-05
2.396719999999999962e-01 9.762230000000000213e-04 8.857361043422797486e-04 7.965599999999999764e-05
2.400619999999999976e-01 9.960170000000000828e-04 8.790466042475321906e-04 8.068919999999999988e-05
2.404519999999999991e-01 1.163689999999999993e-03 8.724586022787876073e-04 7.951830000000000064e-05
2.408409999999999995e-01 1.065140000000000010e-03 8.658849564674217904e-04 8.038669999999999388e-05
2.412310000000000010e-01 9.598379999999999673e-04 8.594839405607199905e-04 7.930149999999999959e-05
2.416200000000000014e-01 8.085809999999999482e-04 8.532252585930132039e-04 8.014230000000000008e-05
2.420100000000000029e-01 1.062699999999999973e-03 8.469477655242803804e-04 7.995719999999999401e-05
2.423990000000000034e-01 8.185650000000000478e-04 8.407763286290303485e-04 8.023960000000000337e-05
2.427890000000000048e-01 8.072319999999999583e-04 8.345848763972337327e-04 8.076079999999999425e-05
2.431790000000000063e-01 8.163400000000000344e-04 8.285672844279625164e-04 8.106280000000000592e-05
2.435680000000000067e-01 6.988829999999999695e-04 8.227775229724859684e-04 8.083579999999999607e-05
2.439580000000000082e-01 8.457080000000000283e-04 8.169729246549161219e-04 8.083630000000000394e-05
2.443470000000000086e-01 9.155889999999999645e-04 8.113372037661445565e-04 8.137009999999999534e-05
2.447370000000000101e-01 7.196600000000000046e-04 8.057074616565822276e-04 8.106140000000000285e-05
2.451260000000000105e-01 9.962260000000000126e-04 8.000760995566474736e-04 8.101030000000000600e-05
2.455160000000000120e-01 8.273500000000000255e-04 7.943966230758035731e-04 8.187370000000000184e-05
2.459050000000000125e-01 7.032990000000000031e-04 7.887293508879499385e-04 8.062940000000000428e-05
2.462949999999999862e-01 7.683030000000000198e-04 7.834081778200864326e-04 8.159189999999999379e-05
2.466839999999999866e-01 8.702539999999999928e-04 7.782108786776408384e-04 8.242419999999999597e-05
2.470739999999999881e-01 9.316580000000000304e-04 7.730394047013307117e-04 8.135769999999999526e-05
2.474629999999999885e-01 7.786530000000000274e-04 7.680237817168258756e-04 8.156390000000000016e-05
2.478529999999999900e-01 9.097870000000000089e-04 7.630003213880910597e-04 8.131890000000000505e-05
2.482429999999999914e-01 5.350080000000000113e-04 7.580512816900872005e-04 8.247069999999999629e-05
2.486319999999999919e-01 8.912870000000000471e-04 7.531640413579797182e-04 8.113939999999999770e-05
2.490219999999999934e-01 8.874609999999999790e-04 7.482751504222951312e-04 8.155270000000000271e-05
2.494109999999999938e-01 7.388689999999999624e-04 7.435859514792283629e-04 8.112559999999999455e-05
2.498009999999999953e-01 7.080790000000000218e-04 7.388858067433190643e-04 8.313249999999999730e-05
2.501900000000000235e-01 4.585850000000000148e-04 7.342724799481293143e-04 8.198659999999999867e-05
2.505800000000000249e-01 5.720709999999999511e-04 7.297229706950356673e-04 8.062940000000000428e-05
2.509689999999999976e-01 9.652109999999999987e-04 7.251830357004596366e-04 8.226939999999999535e-05
2.513589999999999991e-01 7.554509999999999741e-04 7.207175396167045693e-04 8.124149999999999796e-05
2.517480000000000273e-01 8.848079999999999487e-04 7.162717648078472483e-04 8.199210000000000395e-05
2.521379999999999733e-01 7.994039999999999783e-04 7.119247966277324853e-04 8.215390000000000637e-05
2.525270000000000015e-01 5.783070000000000181e-04 7.078058295900584770e-04 8.104869999999999533e-05
2.529170000000000029e-01 7.514989999999999821e-04 7.036748273066071712e-04 8.222619999999999550e-05
2.533059999999999756e-01 3.449270000000000265e-04 6.996574167481044637e-04 8.161249999999999831e-05
2.536959999999999771e-01 3.460219999999999746e-04 6.956626586409916761e-04 8.203269999999999811e-05
2.540850000000000053e-01 8.445660000000000450e-04 6.917305213518583785e-04 8.202640000000000463e-05
2.544750000000000068e-01 6.356750000000000421e-04 6.879737117236540056e-04 8.183630000000000114e-05
2.548639999999999795e-01 7.063879999999999595e-04 6.842317300226373813e-04 8.190720000000000075e-05
2.552539999999999809e-01 8.646660000000000457e-04 6.805387267862900678e-04 8.131890000000000505e-05
2.556430000000000091e-01 6.782000000000000051e-04 6.768938667488908932e-04 8.128019999999999473e-05
2.560330000000000106e-01 5.538630000000000332e-04 6.732402112779429203e-04 8.143559999999999666e-05
2.564219999999999833e-01 6.557649999999999937e-04 6.696410585520483089e-04 8.147460000000000086e-05
2.568110000000000115e-01 7.172320000000000475e-04 6.660452223435554429e-04 8.159189999999999379e-05
2.572010000000000129e-01 7.562349999999999585e-04 6.626518871490360858e-04 8.059160000000000271e-05
2.575899999999999856e-01 6.698630000000000339e-04 6.594616012311520703e-04 8.155270000000000271e-05
2.579799999999999871e-01 5.326390000000000074e-04 6.562700998593479261e-04 8.081920000000000033e-05
2.583690000000000153e-01 6.156230000000000382e-04 6.529368382126611841e-04 8.128019999999999473e-05
2.587590000000000168e-01 7.374830000000000404e-04 6.495940005149559993e-04 8.112559999999999455e-05
2.591479999999999895e-01 6.381709999999999857e-04 6.463910830497722037e-04 8.093370000000000067e-05
2.595379999999999909e-01 6.011010000000000441e-04 6.434024144633472726e-04 8.131890000000000505e-05
2.599270000000000191e-01 7.384340000000000521e-04 6.404189952506620688e-04 8.078119999999999832e-05
2.603170000000000206e-01 9.168470000000000395e-04 6.374827351792231424e-04 8.135769999999999526e-05
2.607059999999999933e-01 6.004079999999999747e-04 6.345616528164737960e-04 8.093370000000000067e-05
2.610959999999999948e-01 5.112979999999999825e-04 6.316944655796521155e-04 8.124149999999999796e-05
2.614850000000000230e-01 4.126639999999999779e-04 6.290211986469950193e-04 8.143559999999999666e-05
2.618739999999999957e-01 7.442459999999999484e-04 6.263465165093793849e-04 8.066729999999999929e-05
2.622639999999999971e-01 7.495769999999999690e-04 6.237725671208796396e-04 8.163109999999999843e-05
2.626530000000000253e-01 7.142679999999999993e-04 6.212659522420413720e-04 8.135769999999999526e-05
2.630430000000000268e-01 6.332370000000000360e-04 6.187550194127118021e-04 8.108709999999999822e-05
2.634319999999999995e-01 6.447720000000000534e-04 6.163185557105786043e-04 8.159189999999999379e-05
2.638220000000000010e-01 6.727610000000000187e-04 6.138750638285809299e-04 8.085729999999999578e-05
2.642109999999999737e-01 6.754390000000000090e-04 6.115300062215209059e-04 8.170969999999999460e-05
2.646000000000000019e-01 2.745819999999999945e-04 6.092665682666193253e-04 8.108709999999999822e-05
2.649900000000000033e-01 3.595140000000000141e-04 6.069952534456124092e-04 8.151360000000000506e-05
2.653789999999999760e-01 5.362490000000000355e-04 6.047403854429579196e-04 8.116419999999999787e-05
2.657689999999999775e-01 5.050210000000000289e-04 6.024801608363851901e-04 8.147460000000000086e-05
2.661580000000000057e-01 4.668079999999999799e-04 6.003030001790562618e-04 8.163109999999999843e-05
2.665480000000000071e-01 5.228659999999999775e-04 5.982392458222956545e-04 8.108709999999999822e-05
2.669369999999999798e-01 6.275690000000000218e-04 5.961768512640118825e-04 8.151360000000000506e-05
2.673260000000000081e-01 5.539870000000000341e-04 5.942943176288480135e-04 8.171970000000000297e-05
2.677160000000000095e-01 5.091170000000000114e-04 5.924406642696824045e-04 8.178850000000000475e-05
2.681049999999999822e-01 5.913150000000000264e-04 5.905997289704544495e-04 8.170969999999999460e-05
2.684949999999999837e-01 6.692529999999999703e-04 5.887934011022557916e-04 8.156320000000000540e-05
2.688840000000000119e-01 5.664889999999999899e-04 5.869945551386625488e-04 8.139660000000000601e-05
2.692729999999999846e-01 6.111040000000000092e-04 5.852775228204894166e-04 8.160199999999999561e-05
2.696629999999999860e-01 3.870529999999999956e-04 5.835893921695786300e-04 8.199299999999999915e-05
2.700520000000000143e-01 2.498380000000000024e-04 5.819155637306729426e-04 8.167980000000000357e-05
2.704420000000000157e-01 5.908000000000000491e-04 5.803011671616148176e-04 8.093370000000000067e-05
2.708309999999999884e-01 6.856800000000000351e-04 5.786908175283283226e-04 8.159189999999999379e-05
2.712200000000000166e-01 4.226880000000000025e-04 5.772314427386490091e-04 8.059160000000000271e-05
2.716100000000000181e-01 2.867230000000000126e-04 5.758852061823495610e-04 8.128019999999999473e-05
2.719989999999999908e-01 5.676049999999999976e-04 5.745373642975244027e-04 8.055389999999999458e-05
2.723880000000000190e-01 5.369240000000000384e-04 5.731356848187353636e-04 8.089549999999999822e-05
2.727780000000000205e-01 3.348849999999999895e-04 5.717292449670722219e-04 8.120280000000000119e-05
2.731669999999999932e-01 6.278720000000000221e-04 5.703736809869796925e-04 8.032859999999999523e-05
2.735569999999999946e-01 5.784440000000000068e-04 5.690906070025328334e-04 8.097199999999999656e-05
2.739460000000000228e-01 5.552899999999999503e-04 5.678051133286454071e-04 8.036599999999999592e-05
2.743349999999999955e-01 3.098509999999999849e-04 5.666392608067680756e-04 8.097199999999999656e-05
2.747249999999999970e-01 3.961270000000000242e-04 5.654831610402772301e-04 8.070519999999999430e-05
2.751140000000000252e-01 7.190010000000000368e-04 5.643854773664349397e-04 8.040350000000000361e-05
2.755029999999999979e-01 4.014129999999999868e-04 5.634077463842333171e-04 8.093370000000000067e-05
2.758929999999999993e-01 5.877330000000000054e-04 5.624266311170250535e-04 8.059160000000000271e-05
2.762820000000000276e-01 7.133369999999999772e-04 5.614656918141967823e-04 8.117869999999999578e-05
2.766710000000000003e-01 4.727660000000000065e-04 5.605105086184960193e-04 8.078119999999999832e-05
2.770610000000000017e-01 6.082340000000000316e-04 5.595610501325131358e-04 8.081920000000000033e-05
2.774499999999999744e-01 2.378260000000000096e-04 5.586638122539165120e-04 8.120280000000000119e-05
2.778390000000000026e-01 6.930690000000000418e-04 5.577629967091260986e-04 8.044099999999999775e-05
2.782290000000000041e-01 7.320399999999999911e-04 5.569347119459734522e-04 8.108709999999999822e-05
2.786179999999999768e-01 3.396750000000000030e-04 5.561585369601844972e-04 8.040350000000000361e-05
2.790079999999999782e-01 3.256129999999999875e-04 5.553832595193408097e-04 8.085729999999999578e-05
2.793970000000000065e-01 7.119529999999999782e-04 5.547461873334469905e-04 8.163109999999999843e-05
2.797859999999999792e-01 6.256200000000000172e-04 5.541115125940232521e-04 8.029119999999999454e-05
2.801750000000000074e-01 6.217860000000000401e-04 5.534431121969364542e-04 8.120280000000000119e-05
2.805650000000000088e-01 4.010910000000000126e-04 5.527319774685824109e-04 8.102509999999999780e-05
2.809539999999999815e-01 4.041100000000000052e-04 5.520284872178664011e-04 8.097199999999999656e-05
2.813430000000000097e-01 3.676050000000000151e-04 5.515307324740359061e-04 8.093370000000000067e-05
2.817330000000000112e-01 5.184299999999999542e-04 5.510664780724369022e-04 8.097199999999999656e-05
2.821219999999999839e-01 2.908030000000000142e-04 5.506193242092056192e-04 8.164369999999999896e-05
2.825110000000000121e-01 2.091360000000000116e-04 5.502096113341908065e-04 8.097199999999999656e-05
2.829010000000000136e-01 4.070759999999999765e-04 5.497921554796843680e-04 8.101030000000000600e-05
2.832899999999999863e-01 4.515489999999999825e-04 5.493492679269643348e-04 8.074310000000000287e-05
2.836790000000000145e-01 6.320730000000000315e-04 5.488957359513877039e-04 8.108709999999999822e-05
2.840690000000000159e-01 3.993860000000000010e-04 5.484784804977412345e-04 8.143559999999999666e-05
2.844579999999999886e-01 5.457110000000000476e-04 5.482341518668711663e-04 8.062940000000000428e-05
2.848470000000000169e-01 2.857800000000000184e-04 5.479915714207213469e-04 8.155270000000000271e-05
2.852359999999999896e-01 6.537360000000000306e-04 5.477391370583234529e-04 8.055389999999999458e-05
2.856259999999999910e-01 4.926219999999999601e-04 5.474784650607561866e-04 8.120280000000000119e-05
2.860150000000000192e-01 3.764719999999999829e-04 5.472202360155372551e-04 8.139660000000000601e-05
2.864039999999999919e-01 4.623499999999999897e-04 5.470434957715972647e-04 8.112559999999999455e-05
2.867939999999999934e-01 4.025589999999999789e-04 5.468636360081475948e-04 8.116419999999999787e-05
2.871830000000000216e-01 5.973730000000000012e-04 5.466700339181655537e-04 8.093370000000000067e-05
2.875719999999999943e-01 3.688510000000000096e-04 5.464525452355745768e-04 8.155270000000000271e-05
2.879610000000000225e-01 2.812049999999999749e-04 5.462346159757948275e-04 8.062940000000000428e-05
2.883510000000000240e-01 1.986839999999999971e-04 5.461813098774198063e-04 8.128019999999999473e-05
2.887399999999999967e-01 4.279500000000000209e-04 5.461367552235749925e-04 8.155270000000000271e-05
2.891290000000000249e-01 5.702300000000000207e-04 5.461162326308317263e-04 8.108709999999999822e-05
2.895190000000000263e-01 2.923819999999999935e-04 5.461208518488638907e-04 8.178850000000000475e-05
2.899079999999999990e-01 5.067469999999999917e-04 5.461284367169724806e-04 8.163109999999999843e-05
2.902970000000000272e-01 4.947070000000000460e-04 5.461398330484645847e-04 8.202640000000000463e-05
2.906859999999999999e-01 6.143099999999999646e-04 5.461530301304720787e-04 8.279360000000000636e-05
2.910760000000000014e-01 6.477190000000000508e-04 5.461767411775871831e-04 8.186759999999999524e-05
2.914649999999999741e-01 3.482150000000000262e-04 5.462409596955972169e-04 8.366710000000000401e-05
2.918540000000000023e-01 5.794669999999999595e-04 5.463026183384901398e-04 8.230659999999999561e-05
2.922429999999999750e-01 2.962120000000000161e-04 5.463878326367648322e-04 8.341470000000000622e-05
2.926329999999999765e-01 3.357090000000000074e-04 5.464923889565076118e-04 8.316460000000000670e-05
2.930220000000000047e-01 2.461100000000000136e-04 5.466048172549968715e-04 8.349859999999999368e-05
2.934109999999999774e-01 3.948600000000000243e-04 5.468082212767334544e-04 8.417879999999999439e-05
2.938000000000000056e-01 4.616329999999999761e-04 5.470108796779027957e-04 8.349859999999999368e-05
2.941889999999999783e-01 5.057100000000000354e-04 5.472193439925077032e-04 8.461250000000000346e-05
2.945789999999999798e-01 5.390920000000000217e-04 5.474400831524266252e-04 8.404999999999999657e-05
2.949680000000000080e-01 3.851330000000000140e-04 5.476538491586483955e-04 8.461250000000000346e-05
2.953569999999999807e-01 4.084189999999999804e-04 5.479207799202427806e-04 8.478789999999999504e-05
2.957460000000000089e-01 4.250400000000000098e-04 5.481954429141260758e-04 8.779960000000000553e-05
2.961360000000000103e-01 5.687799999999999584e-04 5.484690405557755312e-04 9.066890000000000192e-05
2.965249999999999830e-01 5.213200000000000299e-04 5.487447413442141965e-04 9.104770000000000582e-05
2.969140000000000112e-01 8.846230000000000174e-05 5.490196941999377512e-04 9.272670000000000109e-05
2.973029999999999839e-01 5.171309999999999926e-04 5.493772959486623681e-04 9.468529999999999959e-05
2.976920000000000122e-01 2.769480000000000054e-04 5.497619417017412819e-04 9.555460000000000158e-05
2.980820000000000136e-01 4.113510000000000126e-04 5.501431330392054196e-04 9.763490000000000265e-05
2.984709999999999863e-01 5.673209999999999711e-04 5.504984466882009275e-04 9.928749999999999425e-05
2.988600000000000145e-01 3.628109999999999929e-04 5.508545302121703197e-04 1.008049999999999945e-04
2.992489999999999872e-01 4.495899999999999831e-04 5.512122397242452633e-04 1.015520000000000062e-04
2.996380000000000154e-01 6.634409999999999656e-04 5.515691602233390627e-04 1.036559999999999982e-04
3.000280000000000169e-01 1.849069999999999967e-04 5.519315303589529065e-04 1.055550000000000016e-04
3.004169999999999896e-01 7.089110000000000029e-04 5.523115483678564313e-04 1.059810000000000006e-04
3.008060000000000178e-01 4.345919999999999753e-04 5.526920156143386251e-04 1.082880000000000040e-04
3.011949999999999905e-01 2.732230000000000097e-04 5.531418167019203341e-04 1.088419999999999991e-04
3.015840000000000187e-01 3.820149999999999805e-04 5.536525527763106911e-04 1.113439999999999965e-04
3.019729999999999914e-01 3.420469999999999999e-04 5.541582131268613359e-04 1.133909999999999991e-04
3.023629999999999929e-01 2.094320000000000101e-04 5.546591671833008301e-04 1.143750000000000018e-04
3.027520000000000211e-01 4.937610000000000046e-04 5.551493271545391434e-04 1.154440000000000013e-04
3.031409999999999938e-01 7.983610000000000359e-04 5.556510733691938549e-04 1.176130000000000003e-04
3.035300000000000220e-01 4.916480000000000199e-04 5.561639444871255885e-04 1.197840000000000038e-04
3.039189999999999947e-01 4.838949999999999740e-04 5.566724963239673028e-04 1.212999999999999940e-04
3.043080000000000229e-01 3.312370000000000136e-04 5.572207022317408366e-04 1.228120000000000025e-04
3.046980000000000244e-01 4.869089999999999963e-04 5.577699144276043351e-04 1.249850000000000104e-04
3.050869999999999971e-01 4.811239999999999831e-04 5.583151476761956909e-04 1.280219999999999882e-04
3.054760000000000253e-01 6.928690000000000369e-04 5.588626397798626905e-04 1.284539999999999868e-04
3.058649999999999980e-01 3.573280000000000184e-04 5.594105813206439511e-04 1.298530000000000051e-04
3.062540000000000262e-01 2.487759999999999776e-04 5.600229486980271183e-04 1.312829999999999965e-04
3.066429999999999989e-01 1.936170000000000133e-04 5.606662784138419231e-04 1.331329999999999872e-04
3.070330000000000004e-01 2.675840000000000185e-04 5.613064902805322328e-04 1.337839999999999917e-04
3.074219999999999731e-01 1.637889999999999865e-04 5.618573678729927266e-04 1.373579999999999951e-04
3.078110000000000013e-01 4.094670000000000015e-04 5.624038936366588691e-04 1.365439999999999991e-04
3.081999999999999740e-01 4.427079999999999904e-04 5.630168504564672443e-04 1.350020000000000061e-04
3.085890000000000022e-01 6.051369999999999492e-04 5.636856394792868737e-04 1.343399999999999911e-04
3.089779999999999749e-01 2.467470000000000145e-04 5.643575280806718874e-04 1.345159999999999976e-04
3.093670000000000031e-01 7.057629999999999850e-04 5.649420888468126376e-04 1.351780000000000126e-04
3.097559999999999758e-01 2.311149999999999988e-04 5.655223552598553308e-04 1.367790000000000130e-04
3.101459999999999773e-01 3.696349999999999940e-04 5.661534835178017640e-04 1.379060000000000041e-04
3.105350000000000055e-01 6.433110000000000347e-04 5.668769509436051221e-04 1.366740000000000131e-04
3.109239999999999782e-01 2.789620000000000034e-04 5.675982469962153601e-04 1.358949999999999991e-04
3.113130000000000064e-01 1.906060000000000111e-04 5.682689257956566363e-04 1.374170000000000025e-04
3.117019999999999791e-01 5.019599999999999713e-04 5.689300464622691882e-04 1.397229999999999902e-04
3.120910000000000073e-01 1.058540000000000067e-04 5.696012852297972296e-04 1.409159999999999905e-04
3.124799999999999800e-01 3.032740000000000240e-04 5.702981342064670188e-04 1.376039999999999924e-04
3.128690000000000082e-01 2.887739999999999968e-04 5.709985409185079804e-04 1.403139999999999986e-04
3.132579999999999809e-01 3.013429999999999776e-04 5.716708111110290706e-04 1.424250000000000060e-04
3.136470000000000091e-01 5.012089999999999644e-04 5.723274437964209153e-04 1.422179999999999994e-04
3.140370000000000106e-01 4.021170000000000126e-04 5.729924081538826861e-04 1.489010000000000030e-04
3.144259999999999833e-01 4.363719999999999752e-04 5.737133077722718615e-04 1.460040000000000068e-04
3.148150000000000115e-01 5.395400000000000282e-04 5.744325865172982080e-04 1.463919999999999902e-04
3.152039999999999842e-01 3.167050000000000247e-04 5.751524931578059314e-04 1.471970000000000071e-04
3.155930000000000124e-01 5.950800000000000013e-04 5.758716254064648321e-04 1.440450000000000075e-04
3.159819999999999851e-01 3.857840000000000184e-04 5.765868995469961619e-04 1.460260000000000009e-04
3.163710000000000133e-01 7.508540000000000179e-04 5.773734143064852267e-04 1.474930000000000056e-04
3.167599999999999860e-01 3.621540000000000024e-04 5.781608401414671181e-04 1.514130000000000087e-04
3.171490000000000142e-01 5.470380000000000164e-04 5.789315894490246152e-04 1.539180000000000127e-04
3.175379999999999869e-01 4.521460000000000041e-04 5.796772778821428738e-04 1.462930000000000035e-04
3.179270000000000151e-01 1.025129999999999992e-04 5.804203780297109445e-04 1.507380000000000059e-04
3.183159999999999878e-01 5.952870000000000080e-04 5.811181735213949949e-04 1.514719999999999890e-04
3.187050000000000161e-01 4.820100000000000014e-04 5.818015219414924763e-04 1.519790000000000030e-04
3.190939999999999888e-01 3.853069999999999889e-04 5.825084377806397833e-04 1.529660000000000123e-04
3.194830000000000170e-01 7.181590000000000066e-04 5.832641088347498108e-04 1.532469999999999915e-04
3.198719999999999897e-01 3.394679999999999963e-04 5.840240634947551799e-04 1.556229999999999972e-04
3.202619999999999911e-01 1.830599999999999990e-04 5.847742331374469922e-04 1.540219999999999968e-04
3.206510000000000193e-01 3.608819999999999780e-04 5.855166394373051983e-04 1.547739999999999923e-04
3.210399999999999920e-01 2.891459999999999994e-04 5.862721388626763357e-04 1.564869999999999944e-04
3.214290000000000203e-01 6.162970000000000254e-04 5.870890972725148612e-04 1.611399999999999920e-04
3.218179999999999930e-01 6.296620000000000168e-04 5.879103923521594157e-04 1.649359999999999943e-04
3.225959999999999939e-01 6.919110000000000234e-05 5.894864181674343414e-04 1.594459999999999909e-04
3.229850000000000221e-01 3.590350000000000073e-04 5.902673475732881899e-04 1.612969999999999975e-04
3.233739999999999948e-01 5.724039999999999901e-04 5.910255512013287346e-04 1.606970000000000100e-04
3.237630000000000230e-01 2.922579999999999926e-04 5.917860121727912736e-04 1.659780000000000023e-04
3.241519999999999957e-01 8.827340000000000360e-04 5.925798959002140202e-04 1.614820000000000101e-04
3.245410000000000239e-01 2.617949999999999965e-04 5.934187616903685092e-04 1.690410000000000100e-04
3.249299999999999966e-01 5.935600000000000294e-04 5.942602418717998162e-04 1.663179999999999889e-04
3.253190000000000248e-01 5.970209999999999883e-04 5.950640809914555874e-04 1.673110000000000114e-04
3.257079999999999975e-01 1.147360000000000047e-03 5.958563386650547354e-04 1.664720000000000013e-04
3.260970000000000257e-01 3.347140000000000076e-04 5.966488295424281002e-04 1.679879999999999915e-04
3.264859999999999984e-01 6.895679999999999952e-04 5.974468761268176458e-04 1.694870000000000122e-04
3.272639999999999993e-01 7.290590000000000276e-05 5.990387655551648134e-04 1.664950000000000110e-04
3.276530000000000276e-01 6.651079999999999753e-04 5.998373082538949403e-04 1.707609999999999868e-04
3.280420000000000003e-01 1.263639999999999984e-05 6.006372091123836614e-04 1.772669999999999953e-04
3.284309999999999730e-01 6.546320000000000437e-04 6.014372048216891451e-04 1.736850000000000015e-04
3.288200000000000012e-01 5.409870000000000434e-04 6.022305456533651961e-04 1.752029999999999961e-04
3.292089999999999739e-01 9.772340000000000020e-04 6.030651216010188189e-04 1.789070000000000135e-04
3.295980000000000021e-01 1.202739999999999940e-04 6.039197866618049946e-04 1.768259999999999906e-04
3.299869999999999748e-01 7.488090000000000197e-04 6.047770880257030733e-04 1.796289999999999974e-04
3.303760000000000030e-01 2.882609999999999968e-04 6.055792634096753349e-04 1.892429999999999904e-04
3.307649999999999757e-01 6.170530000000000025e-04 6.063814649931093589e-04 1.836879999999999936e-04
3.311529999999999752e-01 4.626629999999999849e-04 6.071933772637816418e-04 1.778899999999999926e-04
3.319309999999999761e-01 1.237409999999999986e-03 6.088326300389190543e-04 1.860940000000000109e-04
3.323200000000000043e-01 3.130949999999999966e-04 6.096311509877184402e-04 1.913519999999999935e-04
3.327089999999999770e-01 1.569619999999999924e-04 6.104251792050629502e-04 1.879759999999999905e-04
3.330980000000000052e-01 1.808360000000000013e-04 6.112265350754113660e-04 1.894590000000000033e-04
3.334869999999999779e-01 5.307239999999999961e-04 6.120638197161732330e-04 1.893529999999999877e-04
3.338760000000000061e-01 1.292389999999999869e-04 6.129037605908692950e-04 1.942489999999999896e-04
3.342649999999999788e-01 9.085189999999999932e-04 6.137158201451079972e-04 1.922080000000000002e-04
3.346540000000000070e-01 3.198960000000000150e-04 6.145048755647217285e-04 2.024220000000000077e-04
3.350429999999999797e-01 6.839390000000000530e-04 6.153021590241034271e-04 1.932790000000000040e-04
3.358209999999999806e-01 7.872400000000000318e-04 6.169694490878845907e-04 1.991089999999999939e-04
3.362100000000000088e-01 2.377799999999999901e-04 6.177939507161159119e-04 2.089910000000000053e-04
3.365989999999999815e-01 2.014700000000000074e-04 6.186040668769180947e-04 2.003829999999999956e-04
3.373760000000000092e-01 6.283079999999999481e-04 6.202231897619308199e-04 2.268589999999999908e-04
3.377649999999999819e-01 6.249190000000000387e-04 6.210283714923459228e-04 2.276500000000000040e-04
3.381540000000000101e-01 6.041020000000000244e-04 6.218422072699632914e-04 2.278849999999999908e-04
3.385429999999999828e-01 6.134040000000000109e-04 6.226591125054289260e-04 2.457199999999999987e-04
3.389320000000000110e-01 6.476989999999999527e-04 6.234769415344810009e-04 2.457259999999999848e-04
3.393209999999999837e-01 6.334230000000000372e-04 6.242913763594752858e-04 2.684049999999999891e-04
3.397100000000000120e-01 5.057480000000000238e-05 6.251028934015987869e-04 2.777349999999999828e-04
3.400989999999999847e-01 5.202689999999999615e-04 6.259057464070021289e-04 2.792129999999999981e-04
3.404869999999999841e-01 9.854049999999999615e-05 6.266876909868633345e-04 2.905170000000000105e-04
3.408760000000000123e-01 1.235589999999999952e-03 6.274727236495223704e-04 2.914959999999999752e-04
3.416540000000000132e-01 1.700030000000000052e-04 6.291365396860388887e-04 3.868200000000000132e-04
3.420429999999999859e-01 5.882240000000000385e-04 6.299738442965980558e-04 4.239049999999999741e-04
3.424320000000000142e-01 2.397789999999999958e-04 6.307437339207542636e-04 4.843790000000000053e-04
3.428209999999999869e-01 8.928640000000000491e-04 6.315196051561726594e-04 6.178209999999999518e-04
