# SAXS profile: number of points = 501, q_min = 0, q_max = 0.5, delta_q = 0.001
#    q    intensity 
0.00000    68462656.00000000 41715128.00000000 106882288.00000000 39727.85156250  3298419.25000000 2574687.00000000 
0.00100    68456880.00000000 41711736.00000000 106873192.00000000 39723.46484375  3298106.25000000 2574432.00000000 
0.00200    68439720.00000000 41701068.00000000 106846408.00000000 39709.88281250  3297116.00000000 2573675.00000000 
0.00300    68411040.00000000 41683652.00000000 106801192.00000000 39687.58203125  3295477.75000000 2572388.25000000 
0.00400    68370808.00000000 41659416.00000000 106738432.00000000 39656.25390625  3293189.00000000 2570626.25000000 
0.00500    68318440.00000000 41627864.00000000 106657288.00000000 39615.97656250  3290246.00000000 2568348.50000000 
0.00600    68254792.00000000 41589636.00000000 106558720.00000000 39566.87890625  3286667.00000000 2565563.50000000 
0.00700    68179680.00000000 41544688.00000000 106442128.00000000 39508.71093750  3282424.75000000 2562278.75000000 
0.00800    68093048.00000000 41492536.00000000 106307344.00000000 39441.91796875  3277542.75000000 2558487.50000000 
0.00900    67994808.00000000 41433620.00000000 106155280.00000000 39366.26171875  3272016.00000000 2554203.50000000 
0.01000    67884920.00000000 41367736.00000000 105986008.00000000 39281.88671875  3265849.50000000 2549422.25000000 
0.01100    67763816.00000000 41295180.00000000 105798952.00000000 39188.75390625  3259045.25000000 2544143.50000000 
0.01200    67631848.00000000 41215924.00000000 105594280.00000000 39086.89453125  3251616.25000000 2538366.25000000 
0.01300    67488584.00000000 41129932.00000000 105371912.00000000 38976.69921875  3243542.50000000 2532133.25000000 
0.01400    67334392.00000000 41037240.00000000 105132008.00000000 38858.01562500  3234860.00000000 2525380.25000000 
0.01500    67169032.00000000 40937960.00000000 104875704.00000000 38730.74609375  3225545.00000000 2518159.00000000 
0.01600    66992256.00000000 40831788.00000000 104602432.00000000 38595.19531250  3215622.50000000 2510457.25000000 
0.01700    66804952.00000000 40719308.00000000 104312280.00000000 38451.34765625  3205095.25000000 2502287.00000000 
0.01800    66606632.00000000 40600152.00000000 104005032.00000000 38299.37109375  3193950.75000000 2493654.50000000 
0.01900    66397784.00000000 40474772.00000000 103681000.00000000 38139.26171875  3182229.50000000 2484548.50000000 
0.02000    66178364.00000000 40343056.00000000 103340832.00000000 37971.08203125  3169899.75000000 2474987.50000000 
0.02100    65948296.00000000 40204764.00000000 102984312.00000000 37795.18750000  3156996.50000000 2464970.75000000 
0.02200    65707984.00000000 40060460.00000000 102611688.00000000 37611.23046875  3143509.00000000 2454504.50000000 
0.02300    65457480.00000000 39909908.00000000 102223240.00000000 37419.86718750  3129449.00000000 2443606.75000000 
0.02400    65196492.00000000 39753172.00000000 101818768.00000000 37220.85937500  3114831.00000000 2432262.50000000 
0.02500    64925780.00000000 39590572.00000000 101398952.00000000 37014.37109375  3099657.00000000 2420481.25000000 
0.02600    64645088.00000000 39421796.00000000 100963840.00000000 36800.54687500  3083934.00000000 2408291.75000000 
0.02700    64354408.00000000 39247232.00000000 100513584.00000000 36579.76953125  3067686.75000000 2395674.75000000 
0.02800    64054140.00000000 39066876.00000000 100048136.00000000 36351.55468750  3050896.25000000 2382647.50000000 
0.02900    63744476.00000000 38880976.00000000 99568008.00000000 36116.75390625  3033579.75000000 2369227.00000000 
0.03000    63425784.00000000 38689356.00000000 99073360.00000000 35874.92187500  3015774.25000000 2355388.25000000 
0.03100    63097500.00000000 38492016.00000000 98564936.00000000 35626.56640625  2997451.50000000 2341176.50000000 
0.03200    62760352.00000000 38289416.00000000 98041736.00000000 35371.74609375  2978636.00000000 2326574.00000000 
0.03300    62414344.00000000 38081344.00000000 97505584.00000000 35110.53125000  2959338.50000000 2311604.00000000 
0.03400    62059560.00000000 37868160.00000000 96955312.00000000 34843.17968750  2939566.75000000 2296256.50000000 
0.03500    61696272.00000000 37649600.00000000 96391896.00000000 34569.79296875  2919342.00000000 2280552.50000000 
0.03600    61324524.00000000 37426248.00000000 95815472.00000000 34290.52343750  2898661.75000000 2264503.75000000 
0.03700    60944740.00000000 37198064.00000000 95226520.00000000 34005.45703125  2877536.50000000 2248095.50000000 
0.03800    60556752.00000000 36964740.00000000 94624584.00000000 33714.86328125  2855984.25000000 2231376.00000000 
0.03900    60160844.00000000 36726724.00000000 94010480.00000000 33418.92968750  2834004.50000000 2214323.50000000 
0.04000    59757508.00000000 36483996.00000000 93384904.00000000 33117.73828125  2811634.00000000 2196941.25000000 
0.04100    59346412.00000000 36236868.00000000 92747664.00000000 32811.53906250  2788852.50000000 2179256.75000000 
0.04200    58928356.00000000 35985408.00000000 92099000.00000000 32500.44921875  2765698.25000000 2161273.75000000 
0.04300    58502952.00000000 35729456.00000000 91439032.00000000 32184.80273438  2742162.00000000 2143003.00000000 
0.04400    58070628.00000000 35469552.00000000 90768248.00000000 31864.36523438  2718272.75000000 2124448.50000000 
0.04500    57631588.00000000 35205416.00000000 90087192.00000000 31539.73046875  2694024.00000000 2105624.75000000 
0.04600    57185904.00000000 34937280.00000000 89396168.00000000 31210.91015625  2669442.25000000 2086538.37500000 
0.04700    56734220.00000000 34665304.00000000 88695104.00000000 30878.13085938  2644544.25000000 2067196.87500000 
0.04800    56276232.00000000 34389720.00000000 87984680.00000000 30541.53906250  2619315.75000000 2047605.37500000 
0.04900    55812184.00000000 34110560.00000000 87264736.00000000 30201.37500000  2593797.00000000 2027784.25000000 
0.05000    55342540.00000000 33827792.00000000 86536040.00000000 29857.61914062  2567995.00000000 2007742.75000000 
0.05100    54867472.00000000 33541728.00000000 85798416.00000000 29510.82226562  2541913.25000000 1987483.75000000 
0.05200    54386964.00000000 33252524.00000000 85052784.00000000 29160.80859375  2515566.75000000 1967018.00000000 
0.05300    53901332.00000000 32960164.00000000 84299288.00000000 28808.08203125  2488976.25000000 1946351.00000000 
0.05400    53410848.00000000 32664772.00000000 83537920.00000000 28452.48828125  2462135.75000000 1925505.00000000 
0.05500    52915576.00000000 32366554.00000000 82769200.00000000 28094.44921875  2435083.00000000 1904480.50000000 
0.05600    52415920.00000000 32065598.00000000 81993464.00000000 27734.03320312  2407810.50000000 1883290.87500000 
0.05700    51912112.00000000 31761994.00000000 81211376.00000000 27371.60937500  2380344.75000000 1861949.62500000 
0.05800    51404156.00000000 31455890.00000000 80422888.00000000 27007.13085938  2352682.50000000 1840452.37500000 
0.05900    50892228.00000000 31147586.00000000 79628248.00000000 26640.86718750  2324853.00000000 1818822.62500000 
0.06000    50376744.00000000 30836904.00000000 78827736.00000000 26273.20117188  2296863.50000000 1797071.12500000 
0.06100    49857764.00000000 30524180.00000000 78022000.00000000 25903.96484375  2268722.50000000 1775196.00000000 
0.06200    49335624.00000000 30209428.00000000 77211328.00000000 25533.49218750  2240450.00000000 1753215.50000000 
0.06300    48810572.00000000 29892792.00000000 76395880.00000000 25162.12695312  2212047.25000000 1731133.87500000 
0.06400    48282608.00000000 29574564.00000000 75576040.00000000 24789.76171875  2183540.50000000 1708969.37500000 
0.06500    47752208.00000000 29254682.00000000 74751928.00000000 24416.80664062  2154933.50000000 1686726.37500000 
0.06600    47219268.00000000 28933242.00000000 73924448.00000000 24043.29296875  2126234.75000000 1664411.87500000 
0.06700    46684280.00000000 28610550.00000000 73093272.00000000 23669.50000000  2097469.50000000 1642040.87500000 
0.06800    46147204.00000000 28286580.00000000 72259072.00000000 23295.50976562  2068638.50000000 1619616.12500000 
0.06900    45608568.00000000 27961546.00000000 71422136.00000000 22921.60546875  2039756.37500000 1597155.37500000 
0.07000    45068280.00000000 27635550.00000000 70582960.00000000 22547.88671875  2010848.75000000 1574665.12500000 
0.07100    44526600.00000000 27308620.00000000 69741112.00000000 22174.45312500  1981903.75000000 1552151.25000000 
0.07200    43983868.00000000 26980974.00000000 68897552.00000000 21801.57812500  1952950.00000000 1529622.12500000 
0.07300    43440284.00000000 26652772.00000000 68052936.00000000 21429.43359375  1923999.25000000 1507097.37500000 
0.07400    42895864.00000000 26324106.00000000 67206648.00000000 21058.12890625  1895056.00000000 1484572.12500000 
0.07500    42350972.00000000 25994948.00000000 66359696.00000000 20687.82226562  1866131.87500000 1462064.25000000 
0.07600    41805696.00000000 25665574.00000000 65512088.00000000 20318.56640625  1837241.00000000 1439578.00000000 
0.07700    41260236.00000000 25336114.00000000 64664268.00000000 19950.72851562  1808398.62500000 1417128.50000000 
0.07800    40714868.00000000 25006662.00000000 63816360.00000000 19584.35937500  1779607.87500000 1394713.50000000 
0.07900    40169716.00000000 24677236.00000000 62968916.00000000 19219.56445312  1750879.75000000 1372353.62500000 
0.08000    39625156.00000000 24347874.00000000 62121832.00000000 18856.55273438  1722233.50000000 1350048.00000000 
0.08100    39081156.00000000 24019040.00000000 61275888.00000000 18495.47851562  1693675.12500000 1327808.12500000 
0.08200    38537912.00000000 23690520.00000000 60430836.00000000 18136.40625000  1665212.50000000 1305640.50000000 
0.08300    37995616.00000000 23362568.00000000 59587336.00000000 17779.56054688  1636857.87500000 1283556.25000000 
0.08400    37454376.00000000 23035256.00000000 58745740.00000000 17424.96484375  1608618.25000000 1261562.50000000 
0.08500    36914704.00000000 22708728.00000000 57906000.00000000 17072.81445312  1580510.87500000 1239666.00000000 
0.08600    36376332.00000000 22383010.00000000 57068540.00000000 16723.21484375  1552536.12500000 1217874.50000000 
0.08700    35839792.00000000 22058220.00000000 56233620.00000000 16376.26464844  1524707.37500000 1196189.50000000 
0.08800    35304996.00000000 21734534.00000000 55401272.00000000 16032.10546875  1497035.62500000 1174622.62500000 
0.08900    34772168.00000000 21411846.00000000 54572352.00000000 15690.87304688  1469527.12500000 1153188.12500000 
0.09000    34241692.00000000 21090698.00000000 53746520.00000000 15352.69238281  1442195.75000000 1131879.37500000 
0.09100    33713404.00000000 20770648.00000000 52924080.00000000 15017.59765625  1415044.50000000 1110712.75000000 
0.09200    33187682.00000000 20452042.00000000 52105684.00000000 14685.72949219  1388076.00000000 1089690.37500000 
0.09300    32664586.00000000 20135142.00000000 51291060.00000000 14357.17578125  1361310.00000000 1068821.87500000 
0.09400    32144136.00000000 19819740.00000000 50480828.00000000 14032.03515625  1334751.12500000 1048107.06250000 
0.09500    31626686.00000000 19505992.00000000 49674940.00000000 13710.45507812  1308400.50000000 1027554.75000000 
0.09600    31112214.00000000 19194062.00000000 48873724.00000000 13392.47656250  1282279.00000000 1007176.31250000 
0.09700    30601054.00000000 18884034.00000000 48077652.00000000 13078.16601562  1256371.37500000 986969.93750000 
0.09800    30093234.00000000 18575958.00000000 47286348.00000000 12767.62500000  1230708.12500000 966946.68750000 
0.09900    29588836.00000000 18269926.00000000 46500704.00000000 12460.96875000  1205287.87500000 947108.31250000 
0.10000    29087996.00000000 17966020.00000000 45720328.00000000 12158.14062500  1180108.50000000 927452.56250000 
0.10100    28590942.00000000 17664218.00000000 44945680.00000000 11859.28710938  1155180.25000000 908000.87500000 
0.10200    28097636.00000000 17364742.00000000 44176744.00000000 11564.54492188  1130517.75000000 888743.75000000 
0.10300    27608250.00000000 17067540.00000000 43413960.00000000 11273.86914062  1106116.00000000 869690.62500000 
0.10400    27122912.00000000 16772763.00000000 42657484.00000000 10987.35156250  1081983.75000000 850844.50000000 
0.10500    26641898.00000000 16480474.00000000 41907544.00000000 10705.10351562  1058127.87500000 832214.68750000 
0.10600    26164938.00000000 16190563.00000000 41163756.00000000 10427.03515625  1034547.06250000 813796.68750000 
0.10700    25692436.00000000 15903308.00000000 40426952.00000000 10153.27636719  1011256.25000000 795598.93750000 
0.10800    25224390.00000000 15618693.00000000 39696812.00000000 9883.92578125   988249.31250000 777624.37500000 
0.10900    24760808.00000000 15336773.00000000 38973852.00000000 9618.96777344   965537.50000000 759872.93750000 
0.11000    24301840.00000000 15057596.00000000 38257856.00000000 9358.38769531   943119.31250000 742352.68750000 
0.11100    23847734.00000000 14781223.00000000 37549216.00000000 9102.25683594   921006.43750000 725062.62500000 
0.11200    23398368.00000000 14507650.00000000 36847940.00000000 8850.63867188   899190.37500000 708006.81250000 
0.11300    22953850.00000000 14237030.00000000 36154168.00000000 8603.46289062   877683.81250000 691190.56250000 
0.11400    22514272.00000000 13969321.00000000 35468084.00000000 8360.80078125   856487.62500000 674608.50000000 
0.11500    22079730.00000000 13704568.00000000 34789752.00000000 8122.72509766   835599.75000000 658273.62500000 
0.11600    21650248.00000000 13442886.00000000 34119168.00000000 7889.15283203   815028.56250000 642179.37500000 
0.11700    21225842.00000000 13184210.00000000 33456470.00000000 7660.14843750   794775.00000000 626328.93750000 
0.11800    20806664.00000000 12928666.00000000 32801796.00000000 7435.65527344   774835.43750000 610723.31250000 
0.11900    20392708.00000000 12676207.00000000 32155244.00000000 7215.73144531   755216.37500000 595365.87500000 
0.12000    19983996.00000000 12426843.00000000 31516722.00000000 7000.36230469   735918.12500000 580255.25000000 
0.12100    19580688.00000000 12180799.00000000 30886590.00000000 6789.55712891   716945.75000000 565395.62500000 
0.12200    19182724.00000000 11937861.00000000 30264768.00000000 6583.26123047   698291.68750000 550785.18750000 
0.12300    18790244.00000000 11698217.00000000 29651270.00000000 6381.53125000   679964.50000000 536429.50000000 
0.12400    18403158.00000000 11461757.00000000 29046118.00000000 6184.25781250   661958.43750000 522321.03125000 
0.12500    18021506.00000000 11228585.00000000 28449424.00000000 5991.48828125   644278.87500000 508463.78125000 
0.12600    17645446.00000000 10998747.00000000 27861428.00000000 5803.27246094   626924.68750000 494862.96875000 
0.12700    17274812.00000000 10772138.00000000 27281768.00000000 5619.41699219   609894.18750000 481510.56250000 
0.12800    16909732.00000000 10548921.00000000 26710828.00000000 5440.03906250   593188.56250000 468409.65625000 
0.12900    16550221.00000000 10329064.00000000 26148418.00000000 5265.03515625   576804.50000000 455560.50000000 
0.13000    16196253.00000000 10112429.00000000 25594612.00000000 5094.41210938   560745.25000000 442962.40625000 
0.13100    15847896.00000000 9899163.00000000 25049410.00000000 4928.09228516   545008.93750000 430611.62500000 
0.13200    15505070.00000000 9689298.00000000 24512894.00000000 4766.08056641   529589.25000000 418512.03125000 
0.13300    15167939.00000000 9482771.00000000 23985118.00000000 4608.33886719   514493.84375000 406661.15625000 
0.13400    14836333.00000000 9279570.00000000 23465858.00000000 4454.81347656   499712.62500000 395055.21875000 
0.13500    14510275.00000000 9079749.00000000 22955282.00000000 4305.44042969   485250.56250000 383696.43750000 
0.13600    14189783.00000000 8883287.00000000 22453410.00000000 4160.21875000   471101.56250000 372581.03125000 
0.13700    13874954.00000000 8690105.00000000 21960070.00000000 4019.05834961   457264.12500000 361709.31250000 
0.13800    13565502.00000000 8500310.00000000 21475328.00000000 3881.93872070   443737.90625000 351079.15625000 
0.13900    13261678.00000000 8313812.50000000 20999270.00000000 3748.80224609   430519.71875000 340688.37500000 
0.14000    12963396.00000000 8130606.50000000 20531796.00000000 3619.61279297   417607.71875000 330535.00000000 
0.14100    12670584.00000000 7950791.50000000 20072686.00000000 3494.28100586   405001.43750000 320618.62500000 
0.14200    12383198.00000000 7774230.50000000 19622210.00000000 3372.77026367   392693.28125000 310934.81250000 
0.14300    12101289.00000000 7600941.50000000 19180066.00000000 3255.02832031   380682.06250000 301483.56250000 
0.14400    11824726.00000000 7430918.50000000 18746326.00000000 3140.99145508   368962.09375000 292259.68750000 
0.14500    11553620.00000000 7264114.50000000 18321026.00000000 3030.62548828   357538.12500000 283264.31250000 
0.14600    11287833.00000000 7100578.00000000 17903822.00000000 2923.82031250   346402.46875000 274492.90625000 
0.14700    11027387.00000000 6940235.00000000 17495192.00000000 2820.55175781   335550.78125000 265944.40625000 
0.14800    10772134.00000000 6783033.50000000 17094446.00000000 2720.72558594   324980.37500000 257614.28125000 
0.14900    10522143.00000000 6629025.50000000 16701990.00000000 2624.30126953   314683.93750000 249500.46875000 
0.15000    10277294.00000000 6478146.00000000 16317565.00000000 2531.21484375   304665.78125000 241600.65625000 
0.15100    10037624.00000000 6330357.50000000 15941115.00000000 2441.38916016   294918.50000000 233911.68750000 
0.15200    9803059.00000000 6185683.00000000 15572660.00000000 2354.78295898   285437.37500000 226431.71875000 
0.15300    9573537.00000000 6044027.00000000 15211998.00000000 2271.30078125   276218.21875000 219156.95312500 
0.15400    9348935.00000000 5905391.50000000 14858995.00000000 2190.87060547   267257.28125000 212081.75000000 
0.15500    9129301.00000000 5769776.00000000 14513746.00000000 2113.45166016   258550.53125000 205206.92187500 
0.15600    8914535.00000000 5637085.00000000 14176047.00000000 2038.97863770   250094.29687500 198527.00000000 
0.15700    8704623.00000000 5507347.00000000 13845931.00000000 1967.36376953   241886.54687500 192040.70312500 
0.15800    8499430.00000000 5380473.50000000 13523246.00000000 1898.52209473   233917.92187500 185742.14062500 
0.15900    8299056.50000000 5256468.50000000 13207876.00000000 1832.43969727   226189.37500000 179631.26562500 
0.16000    8103162.50000000 5135297.00000000 12899737.00000000 1768.98767090   218693.06250000 173700.03125000 
0.16100    7912028.00000000 5016898.00000000 12598808.00000000 1708.14538574   211427.60937500 167951.14062500 
0.16200    7725299.50000000 4901269.00000000 12304872.00000000 1649.82958984   204386.25000000 162375.57812500 
0.16300    7543085.00000000 4788343.50000000 12017933.00000000 1593.95654297   197565.17187500 156973.73437500 
0.16400    7365226.00000000 4678097.50000000 11737862.00000000 1540.48181152   190959.20312500 151741.98437500 
0.16500    7191764.00000000 4570477.50000000 11464490.00000000 1489.30175781   184565.81250000 146674.42187500 
0.16600    7022515.00000000 4465481.50000000 11197832.00000000 1440.39196777   178379.87500000 141769.12500000 
0.16700    6857470.00000000 4362987.00000000 10937598.00000000 1393.64599609   172393.93750000 137021.42187500 
0.16800    6696508.00000000 4263017.50000000 10683906.00000000 1349.01806641   166607.28125000 132429.09375000 
0.16900    6539650.50000000 4165548.75000000 10436621.00000000 1306.45935059   161014.29687500 127989.65625000 
0.17000    6386787.00000000 4070522.00000000 10195483.00000000 1265.87402344   155609.54687500 123698.04687500 
0.17100    6237818.50000000 3977868.75000000 9960514.00000000 1227.20617676   150389.90625000 119550.44531250 
0.17200    6092719.50000000 3887563.75000000 9731502.00000000 1190.40454102   145350.28125000 115543.73437500 
0.17300    5951382.00000000 3799583.50000000 9508402.00000000 1155.39355469   140485.84375000 111674.69531250 
0.17400    5813775.50000000 3713856.50000000 9291124.00000000 1122.12084961   135793.00000000 107941.70312500 
0.17500    5679796.00000000 3630369.00000000 9079569.00000000 1090.50952148   131266.81250000 104337.35937500 
0.17600    5549370.50000000 3549046.00000000 8873544.00000000 1060.49072266   126900.36718750 100860.58593750 
0.17700    5422470.50000000 3469883.00000000 8673011.00000000 1032.05346680   122695.16406250 97508.70312500  
0.17800    5298956.00000000 3392777.75000000 8477822.00000000 1005.08276367   118641.53125000 94276.75000000  
0.17900    5178791.50000000 3317757.00000000 8287886.00000000 979.55133057    114737.58593750 91162.77343750  
0.18000    5061954.50000000 3244747.75000000 8103086.00000000 955.39739990    110978.00000000 88162.03125000  
0.18100    4948333.00000000 3173720.50000000 7923364.00000000 932.57379150    107361.73437500 85273.78125000  
0.18200    4837770.00000000 3104583.00000000 7748469.50000000 910.99023438    103878.32031250 82490.16406250  
0.18300    4730290.00000000 3037347.75000000 7578390.50000000 890.62805176    100528.51562500 79812.06250000  
0.18400    4625845.50000000 2971933.00000000 7413005.00000000 871.42309570    97306.22656250  77234.05468750  
0.18500    4524311.00000000 2908343.00000000 7252318.00000000 853.33374023    94210.22656250  74755.84375000  
0.18600    4425625.50000000 2846488.25000000 7096009.00000000 836.29333496    91232.87500000  72371.00000000  
0.18700    4329725.50000000 2786367.00000000 6944046.00000000 820.25708008    88371.32031250  70077.24218750  
0.18800    4236528.50000000 2727895.75000000 6796381.50000000 805.18768311    85623.01562500  67873.03125000  
0.18900    4146011.50000000 2671073.25000000 6652926.50000000 791.03619385    82984.53125000  65754.64843750  
0.19000    4058024.50000000 2615799.00000000 6513366.50000000 777.72796631    80447.35937500  63716.72656250  
0.19100    3972624.25000000 2562140.00000000 6377957.50000000 765.28045654    78015.35156250  61762.10156250  
0.19200    3889600.00000000 2509941.25000000 6246227.00000000 753.58435059    75677.75000000  59881.84375000  
0.19300    3809033.50000000 2459245.00000000 6118344.00000000 742.65747070    73436.91406250  58077.79296875  
0.19400    3730723.00000000 2409946.25000000 5994052.00000000 732.40399170    71284.17187500  56344.42968750  
0.19500    3654681.75000000 2362049.75000000 5873316.00000000 722.82208252    69219.79687500  54679.65234375  
0.19600    3580827.75000000 2315513.00000000 5755994.00000000 713.85925293    67238.82031250  53081.05078125  
0.19700    3509084.00000000 2270293.75000000 5642027.00000000 705.48474121    65338.79687500  51546.85156250  
0.19800    3439410.00000000 2226325.75000000 5531278.00000000 697.65960693    63515.71875000  50073.25781250  
0.19900    3371791.50000000 2183624.75000000 5423756.50000000 690.36401367    61767.71875000  48659.21093750  
0.20000    3306038.25000000 2142097.50000000 5319211.00000000 683.53552246    60089.78515625  47300.68750000  
0.20100    3242217.00000000 2101759.25000000 5217674.50000000 677.17132568    58480.51953125  45996.89062500  
0.20200    3180189.00000000 2062540.75000000 5119011.00000000 671.22521973    56936.34375000  44744.21093750  
0.20300    3119962.00000000 2024427.62500000 5023139.50000000 665.68212891    55455.74609375  43541.97265625  
0.20400    3061425.25000000 1987374.75000000 4929935.50000000 660.50189209    54034.29687500  42387.12890625  
0.20500    3004566.00000000 1951350.37500000 4839368.50000000 655.66259766    52669.98046875  41277.43750000  
0.20600    2949270.50000000 1916304.75000000 4751289.50000000 651.12921143    51359.73828125  40210.29687500  
0.20700    2895565.50000000 1882234.75000000 4665708.50000000 646.89758301    50102.48046875  39185.79687500  
0.20800    2843326.00000000 1849085.25000000 4582436.00000000 642.91766357    48893.60546875  38199.63671875  
0.20900    2792606.25000000 1816885.87500000 4501539.50000000 639.22009277    47735.44140625  37253.56250000  
0.21000    2743222.00000000 1785506.00000000 4422768.50000000 635.71789551    46619.37500000  36341.21093750  
0.21100    2695201.25000000 1754974.75000000 4346157.50000000 632.43457031    45546.96484375  35463.53906250  
0.21200    2648480.00000000 1725260.50000000 4271557.50000000 629.32122803    44515.23828125  34618.14062500  
0.21300    2603016.50000000 1696315.50000000 4198983.00000000 626.39447021    43521.93359375  33803.75000000  
0.21400    2558774.50000000 1668149.62500000 4128302.00000000 623.61370850    42566.08593750  33019.10937500  
0.21500    2515726.50000000 1640703.50000000 4059529.75000000 620.98767090    41646.38281250  32262.95117188  
0.21600    2473753.00000000 1613954.87500000 3992455.00000000 618.46252441    40757.98437500  31531.83593750  
0.21700    2432905.50000000 1587877.50000000 3927133.75000000 616.05926514    39901.69140625  30826.79101562  
0.21800    2393080.75000000 1562455.87500000 3863456.75000000 613.75408936    39075.10156250  30145.14257812  
0.21900    2354244.75000000 1537641.50000000 3801322.25000000 611.52380371    38275.79296875  29485.14062500  
0.22000    2316379.00000000 1513437.87500000 3740706.75000000 609.36993408    37503.22265625  28846.76367188  
0.22100    2279480.25000000 1489834.37500000 3681658.50000000 607.29595947    36757.23046875  28229.55078125  
0.22200    2243467.75000000 1466782.00000000 3623963.25000000 605.27246094    36034.32421875  27630.94921875  
0.22300    2208284.50000000 1444248.62500000 3567629.00000000 603.28515625    35333.47265625  27049.86718750  
0.22400    2173920.00000000 1422224.50000000 3512577.25000000 601.34082031    34653.28906250  26485.41210938  
0.22500    2140403.25000000 1400731.12500000 3458825.25000000 599.44299316    33994.65625000  25938.47656250  
0.22600    2107593.75000000 1379671.25000000 3406213.25000000 597.55859375    33353.55859375  25405.46484375  
0.22700    2075555.12500000 1359106.75000000 3354825.75000000 595.70880127    32731.80078125  24887.88281250  
0.22800    2044207.00000000 1338959.25000000 3304505.75000000 593.86291504    32125.99804688  24382.73437500  
0.22900    2013512.87500000 1319222.25000000 3255237.25000000 592.02899170    31535.21875000  23890.03906250  
0.23000    1983493.00000000 1299906.00000000 3207024.50000000 590.21234131    30959.98632812  23410.31835938  
0.23100    1954102.25000000 1280975.50000000 3159801.00000000 588.40277100    30400.06250000  22941.91992188  
0.23200    1925268.25000000 1262404.75000000 3113464.50000000 586.58471680    29851.75976562  22483.44140625  
0.23300    1897032.75000000 1244196.87500000 3068066.00000000 584.77575684    29316.51953125  22035.47851562  
0.23400    1869361.00000000 1226333.87500000 3023555.25000000 582.96618652    28793.40820312  21597.49609375  
0.23500    1842157.87500000 1208779.37500000 2979808.00000000 581.14331055    28280.46679688  21167.22851562  
0.23600    1815509.50000000 1191552.75000000 2936911.00000000 579.32446289    27778.96679688  20746.48437500  
0.23700    1789333.25000000 1174625.87500000 2894761.50000000 577.50500488    27287.79492188  20333.78320312  
0.23800    1763630.37500000 1157990.87500000 2853347.75000000 575.68157959    26806.39257812  19928.95507812  
0.23900    1738352.50000000 1141625.50000000 2812633.25000000 573.85003662    26332.97656250  19531.12304688  
0.24000    1713515.75000000 1125532.62500000 2772589.00000000 572.01342773    25868.85742188  19140.20507812  
0.24100    1689124.37500000 1109699.75000000 2733248.25000000 570.19262695    25413.59960938  18757.07031250  
0.24200    1665103.25000000 1094118.00000000 2694517.50000000 568.36230469    24966.44921875  18380.01367188  
0.24300    1641474.50000000 1078762.50000000 2656363.00000000 566.53015137    24526.42187500  18008.75390625  
0.24400    1618206.12500000 1063634.62500000 2618787.75000000 564.70092773    24093.82031250  17643.46093750  
0.24500    1595307.75000000 1048729.50000000 2581773.25000000 562.87121582    23668.14843750  17283.95507812  
0.24600    1572751.12500000 1034034.50000000 2545322.00000000 561.05548096    23249.95312500  16930.30859375  
0.24700    1550517.25000000 1019543.81250000 2509380.00000000 559.24536133    22838.26562500  16581.98828125  
0.24800    1528611.50000000 1005250.50000000 2473937.75000000 557.44714355    22433.15039062  16239.16308594  
0.24900    1506996.12500000 991142.37500000 2438963.25000000 555.65460205    22034.28515625  15901.08300781  
0.25000    1485698.12500000 977222.87500000 2404483.75000000 553.88177490    21641.85546875  15568.44140625  
0.25100    1464678.37500000 963468.25000000 2370419.50000000 552.11413574    21255.24023438  15240.45214844  
0.25200    1443973.87500000 949907.93750000 2336857.75000000 550.38470459    20876.04296875  14918.41503906  
0.25300    1423523.00000000 936505.43750000 2303699.50000000 548.66613770    20502.06445312  14600.83105469  
0.25400    1403351.75000000 923266.56250000 2270967.25000000 546.97369385    20134.71679688  14288.36523438  
0.25500    1383409.50000000 910178.75000000 2238607.00000000 545.30273438    19772.83007812  13980.51269531  
0.25600    1363749.00000000 897251.43750000 2206655.50000000 543.66406250    19417.37304688  13677.77343750  
0.25700    1344324.87500000 884464.87500000 2175109.25000000 542.05120850    19067.69726562  13379.83496094  
0.25800    1325150.25000000 871837.50000000 2143931.25000000 540.47998047    18724.67968750  13087.10449219  
0.25900    1306214.37500000 859348.12500000 2113128.50000000 538.93811035    18387.34765625  12799.17285156  
0.26000    1287515.87500000 847003.37500000 2082684.37500000 537.43585205    18056.82812500  12516.71386719  
0.26100    1269030.12500000 834784.62500000 2052570.87500000 535.96356201    17731.25781250  12238.46875000  
0.26200    1250795.37500000 822720.68750000 2022861.75000000 534.54614258    17413.71289062  11966.49316406  
0.26300    1232753.87500000 810771.81250000 1993443.37500000 533.15295410    17101.22460938  11698.65917969  
0.26400    1214946.25000000 798963.00000000 1964397.25000000 531.81701660    16795.65039062  11436.59765625  
0.26500    1197356.00000000 787288.56250000 1935695.00000000 530.51843262    16496.80468750  11179.95214844  
0.26600    1179982.87500000 775734.31250000 1907297.75000000 529.26873779    16204.18066406  10928.39746094  
0.26700    1162824.62500000 764315.93750000 1879257.12500000 528.07318115    15918.68457031  10682.68554688  
0.26800    1145889.37500000 753033.12500000 1851565.37500000 526.91998291    15640.34277344  10442.89550781  
0.26900    1129137.25000000 741853.81250000 1824145.87500000 525.81250000    15367.76953125  10207.70996094  
0.27000    1112616.12500000 730821.18750000 1797079.87500000 524.76385498    15102.98925781  9979.02929688   
0.27100    1096286.87500000 719899.43750000 1770331.87500000 523.75427246    14844.82519531  9755.62890625   
0.27200    1080202.62500000 709125.31250000 1743952.75000000 522.81756592    14595.11621094  9539.53417969   
0.27300    1064288.37500000 698453.25000000 1717833.62500000 521.90960693    14351.26855469  9327.75390625   
0.27400    1048556.43750000 687887.87500000 1692009.75000000 521.04455566    14113.66894531  9121.35742188   
0.27500    1033083.00000000 677484.06250000 1666578.37500000 520.25189209    13885.56054688  8922.78515625   
0.27600    1017764.00000000 667169.68750000 1641393.62500000 519.49066162    13662.97363281  8728.89648438   
0.27700    1002695.87500000 657004.62500000 1616591.50000000 518.79296875    13449.14550781  8542.38769531   
0.27800    987810.75000000 646950.12500000 1592070.87500000 518.13616943    13242.06933594  8361.11523438   
0.27900    973139.18750000 637027.75000000 1567895.62500000 517.52850342    13042.92480469  8186.52246094   
0.28000    958662.87500000 627225.37500000 1544019.25000000 516.96978760    12851.16015625  8018.05175781   
0.28100    944395.75000000 617546.62500000 1520471.37500000 516.44885254    12666.84082031  7855.89208984   
0.28200    930343.93750000 608000.68750000 1497261.62500000 515.98223877    12490.60058594  7700.46093750   
0.28300    916496.50000000 598579.18750000 1474362.62500000 515.55291748    12322.01367188  7551.31933594   
0.28400    902845.31250000 589273.62500000 1451770.62500000 515.16033936    12160.39062500  7408.19287109   
0.28500    889414.25000000 580107.12500000 1429539.62500000 514.81359863    12007.20312500  7271.97509766   
0.28600    876178.37500000 571058.81250000 1407596.62500000 514.49719238    11861.05859375  7141.62500000   
0.28700    863158.31250000 562140.93750000 1385996.00000000 514.21899414    11722.81542969  7017.84619141   
0.28800    850330.25000000 553344.00000000 1364712.37500000 513.97143555    11591.85546875  6900.54199219   
0.28900    837734.68750000 544694.93750000 1343784.62500000 513.75604248    11468.84179688  6789.67187500   
0.29000    825325.68750000 536154.31250000 1323146.25000000 513.56188965    11352.86425781  6684.62939453   
0.29100    813149.81250000 527759.50000000 1302879.25000000 513.40002441    11244.96972656  6586.71972656   
0.29200    801163.50000000 519483.06250000 1282915.75000000 513.25878906    11144.05566406  6494.67968750   
0.29300    789405.00000000 511346.75000000 1263308.50000000 513.13903809    11050.77050781  6409.06787109   
0.29400    777825.68750000 503327.93750000 1243984.12500000 513.02441406    10963.76562500  6328.87792969   
0.29500    766485.25000000 495454.21875000 1225047.37500000 512.93450928    10884.99609375  6255.64208984   
0.29600    755336.06250000 487698.12500000 1206394.12500000 512.85046387    10812.65625000  6187.99609375   
0.29700    744384.87500000 480072.25000000 1188072.62500000 512.77038574    10746.70996094  6125.97851562   
0.29800    733657.75000000 472586.18750000 1170108.37500000 512.69946289    10688.42187500  6070.27685547   
0.29900    723142.93750000 465230.90625000 1152474.12500000 512.63140869    10636.68066406  6020.51855469   
0.30000    712819.50000000 458000.25000000 1135151.87500000 512.55285645    10590.80859375  5975.85595703   
0.30100    702714.37500000 450907.09375000 1118177.75000000 512.47717285    10552.18066406  5937.16210938   
0.30200    692800.87500000 443935.59375000 1101498.50000000 512.38385010    10518.82812500  5903.32666016   
0.30300    683105.68750000 437101.78125000 1085176.25000000 512.28497314    10492.22363281  5875.46337891   
0.30400    673611.37500000 430400.68750000 1069188.62500000 512.17242432    10471.63769531  5852.70458984   
0.30500    664311.56250000 423821.81250000 1053488.50000000 512.03149414    10455.93457031  5834.49121094   
0.30600    655206.06250000 417369.87500000 1038123.93750000 511.87271118    10446.00488281  5821.35986328   
0.30700    646323.00000000 411062.00000000 1023100.87500000 511.69604492    10441.88867188  5813.50097656   
0.30800    637615.31250000 404865.06250000 1008374.25000000 511.48049927    10442.35449219  5809.53613281   
0.30900    629117.06250000 398808.21875000 993987.06250000 511.24288940    10448.31445312  5810.63916016   
0.31000    620813.37500000 392876.71875000 979906.75000000 510.96658325    10458.74902344  5815.78271484   
0.31100    612694.81250000 387063.81250000 966134.12500000 510.65121460    10473.62695312  5825.03857422   
0.31200    604768.75000000 381382.81250000 952668.68750000 510.29339600    10492.92382812  5838.45214844   
0.31300    597033.06250000 375822.62500000 939512.31250000 509.89370728    10516.26953125  5855.51806641   
0.31400    589497.56250000 370396.56250000 926684.06250000 509.45269775    10543.94824219  5876.56201172   
0.31500    582132.93750000 365079.00000000 914133.06250000 508.95529175    10574.77050781  5900.76367188   
0.31600    574955.12500000 359891.28125000 901890.62500000 508.41253662    10609.37500000  5928.35253906   
0.31700    567962.87500000 354826.06250000 889946.93750000 507.81481934    10647.56250000  5959.40429688   
0.31800    561136.06250000 349869.59375000 878280.81250000 507.15292358    10687.76757812  5992.74462891   
0.31900    554499.18750000 345042.21875000 866926.68750000 506.44393921    10731.88769531  6029.58544922   
0.32000    548029.43750000 340328.25000000 855848.81250000 505.66909790    10778.08496094  6068.69189453   
0.32100    541725.81250000 335725.53125000 845038.00000000 504.83053589    10826.49902344  6110.10888672   
0.32200    535605.00000000 331244.37500000 834531.75000000 503.92956543    10877.54101562  6154.19433594   
0.32300    529625.12500000 326862.21875000 824256.06250000 502.95639038    10929.63085938  6199.70458984   
0.32400    523812.59375000 322596.06250000 814270.62500000 501.91674805    10983.68554688  6247.20654297   
0.32500    518153.59375000 318433.21875000 804533.50000000 500.80493164    11039.04394531  6296.19677734   
0.32600    512661.53125000 314385.37500000 795068.31250000 499.62127686    11095.78710938  6347.01464844   
0.32700    507313.75000000 310437.40625000 785851.56250000 498.36831665    11153.63671875  6399.07519531   
0.32800    502127.96875000 306603.34375000 776906.50000000 497.04397583    11212.60058594  6452.56103516   
0.32900    497068.81250000 302857.18750000 768170.37500000 495.63787842    11271.49023438  6506.51416016   
0.33000    492168.28125000 299221.25000000 759700.25000000 494.16436768    11331.20996094  6561.66064453   
0.33100    487376.34375000 295661.03125000 751413.31250000 492.60238647    11390.06054688  6616.58154297   
0.33200    482760.87500000 292224.78125000 743423.43750000 490.97930908    11450.37304688  6673.13720703   
0.33300    478253.18750000 288867.25000000 735618.50000000 489.26571655    11509.43652344  6729.16210938   
0.33400    473884.65625000 285605.93750000 728047.81250000 487.48562622    11568.42187500  6785.50439453   
0.33500    469628.75000000 282432.78125000 720674.75000000 485.62304688    11626.31835938  6841.70898438   
0.33600    465499.75000000 279344.62500000 713506.18750000 483.67849731    11683.46484375  6897.53125000   
0.33700    461480.65625000 276337.90625000 706535.68750000 481.66177368    11739.53808594  6953.04150391   
0.33800    457588.75000000 273423.40625000 699779.25000000 479.57138062    11794.84667969  7008.23535156   
0.33900    453790.59375000 270577.90625000 693184.31250000 477.39837646    11848.05468750  7062.32666016   
0.34000    450103.18750000 267816.81250000 686789.93750000 475.15206909    11900.01269531  7115.79638672   
0.34100    446519.53125000 265127.53125000 680564.56250000 472.83242798    11950.21875000  7168.11035156   
0.34200    443054.31250000 262527.25000000 674539.56250000 470.44189453    11999.11230469  7219.85742188   
0.34300    439659.15625000 259984.15625000 668651.56250000 467.97387695    12045.35156250  7269.81201172   
0.34400    436380.71875000 257526.81250000 662960.31250000 465.44332886    12090.07812500  7318.93896484   
0.34500    433178.84375000 255124.70312500 657396.18750000 462.83795166    12132.09472656  7366.22265625   
0.34600    430081.78125000 252799.73437500 652020.43750000 460.17272949    12172.51855469  7412.56152344   
0.34700    427038.59375000 250523.04687500 646742.75000000 457.43191528    12209.45019531  7456.40820312   
0.34800    424086.93750000 248318.67187500 641630.93750000 454.63256836    12244.24804688  7498.73242188   
0.34900    421212.78125000 246170.45312500 636657.37500000 451.77078247    12276.41113281  7539.36523438   
0.35000    418406.75000000 244077.98437500 631796.93750000 448.84555054    12305.32617188  7577.56445312   
0.35100    415690.96875000 242052.75000000 627101.18750000 445.87292480    12332.38378906  7614.63623047   
0.35200    413008.87500000 240060.54687500 622471.75000000 442.83035278    12355.20214844  7648.52490234   
0.35300    410401.40625000 238125.87500000 617974.68750000 439.74063110    12375.47460938  7680.53515625   
0.35400    407856.43750000 236244.95312500 613595.81250000 436.60205078    12392.84082031  7710.38330078   
0.35500    405373.96875000 234410.90625000 609325.62500000 433.41693115    12407.10351562  7738.10058594   
0.35600    402927.28125000 232612.06250000 605125.37500000 430.18270874    12417.56640625  7762.89746094   
0.35700    400543.37500000 230859.71875000 601039.43750000 426.90631104    12425.16015625  7785.49218750   
0.35800    398207.15625000 229154.68750000 597044.43750000 423.59042358    12429.50781250  7805.63134766   
0.35900    395917.31250000 227485.64062500 593133.31250000 420.24322510    12430.75000000  7823.37158203   
0.36000    393678.78125000 225860.09375000 589318.43750000 416.86129761    12428.84472656  7838.76269531   
0.36100    391465.15625000 224258.64062500 585553.68750000 413.44580078    12423.01367188  7851.13964844   
0.36200    389315.25000000 222708.37500000 581906.06250000 410.00964355    12414.87988281  7861.60058594   
0.36300    387173.15625000 221173.20312500 578279.12500000 406.54159546    12402.47949219  7868.75195312   
0.36400    385062.53125000 219668.68750000 574719.37500000 403.05084229    12386.57031250  7873.26171875   
0.36500    382984.50000000 218193.00000000 571219.62500000 399.54489136    12367.59082031  7875.24902344   
0.36600    380948.40625000 216750.90625000 567797.75000000 396.03085327    12345.94238281  7874.94775391   
0.36700    378917.50000000 215324.45312500 564401.06250000 392.49493408    12320.17187500  7871.49169922   
0.36800    376946.43750000 213940.45312500 561099.37500000 388.96191406    12292.40429688  7866.41503906   
0.36900    374983.96875000 212573.43750000 557831.12500000 385.42263794    12261.04687500  7858.48144531   
0.37000    373019.18750000 211211.04687500 554558.00000000 381.87039185    12225.66113281  7847.18994141   
0.37100    371077.78125000 209873.89062500 551341.00000000 378.32510376    12187.53027344  7833.56591797   
0.37200    369171.21875000 208565.54687500 548190.18750000 374.79232788    12147.04101562  7818.06005859   
0.37300    367267.65625000 207265.78125000 545047.00000000 371.26055908    12103.06933594  7799.71679688   
0.37400    365386.06250000 205988.67187500 541957.50000000 367.74673462    12056.76171875  7779.30029297   
0.37500    363515.25000000 204722.20312500 538882.31250000 364.24639893    12007.61914062  7756.46777344   
0.37600    361658.31250000 203475.15625000 535841.00000000 360.76254272    11955.49316406  7731.23583984   
0.37700    359799.43750000 202231.59375000 532805.00000000 357.29861450    11900.72558594  7703.52587891   
0.37800    357959.62500000 201004.23437500 529803.12500000 353.86172485    11843.58984375  7673.88378906   
0.37900    356136.84375000 199796.15625000 526844.87500000 350.45419312    11784.50195312  7642.51660156   
0.38000    354308.68750000 198587.21875000 523875.21875000 347.07119751    11722.35937500  7608.51367188   
0.38100    352478.78125000 197384.25000000 520912.56250000 343.72268677    11658.03320312  7572.54687500   
0.38200    350667.06250000 196197.56250000 517983.21875000 340.41363525    11591.96582031  7534.92724609   
0.38300    348843.31250000 195009.82812500 515039.71875000 337.13693237    11523.18652344  7495.03076172   
0.38400    347046.96875000 193840.84375000 512144.40625000 333.90725708    11453.33007812  7453.89697266   
0.38500    345229.40625000 192665.06250000 509224.81250000 330.71881104    11380.91992188  7410.51855469   
0.38600    343441.09375000 191509.03125000 506352.21875000 327.58242798    11307.68945312  7366.27832031   
0.38700    341626.18750000 190341.32812500 503445.25000000 324.48593140    11231.80664062  7319.60253906   
0.38800    339821.28125000 189184.37500000 500556.31250000 321.44570923    11154.96972656  7271.92919922   
0.38900    338016.62500000 188027.20312500 497663.71875000 318.45468140    11076.42578125  7222.60595703   
0.39000    336230.96875000 186887.73437500 494813.12500000 315.52844238    10997.47265625  7172.60009766   
0.39100    334428.43750000 185738.48437500 491934.06250000 312.65325928    10916.79980469  7121.03955078   
0.39200    332638.18750000 184598.45312500 489074.43750000 309.84133911    10835.26171875  7068.44580078   
0.39300    330837.43750000 183455.95312500 486207.62500000 307.08676147    10752.59277344  7014.69775391   
0.39400    329059.90625000 182328.21875000 483374.12500000 304.40301514    10670.12304688  6960.63134766   
0.39500    327259.56250000 181186.92187500 480505.68750000 301.77560425    10585.94531250  6905.06591797   
0.39600    325462.62500000 180051.15625000 477644.62500000 299.21792603    10501.44140625  6848.87500000   
0.39700    323668.43750000 178915.85937500 474789.59375000 296.72543335    10416.51074219  6792.02099609   
0.39800    321887.87500000 177790.78125000 471953.00000000 294.30538940    10331.77734375  6734.99902344   
0.39900    320098.00000000 176658.46875000 469100.43750000 291.95590210    10246.46972656  6677.23828125   
0.40000    318310.37500000 175528.73437500 466256.59375000 289.67462158    10161.22949219  6619.10742188   
0.40100    316520.18750000 174397.90625000 463402.15625000 287.46246338    10075.59863281  6560.46093750   
0.40200    314746.93750000 173277.85937500 460576.75000000 285.32781982    9990.63476562   6502.00878906   
0.40300    312962.90625000 172147.15625000 457730.78125000 283.26373291    9905.43847656   6442.97998047   
0.40400    311189.06250000 171026.29687500 454903.34375000 281.27359009    9821.11328125   6384.37304688   
0.40500    309417.93750000 169902.82812500 452075.50000000 279.35766602    9736.96484375   6325.57324219   
0.40600    307660.18750000 168788.29687500 449269.21875000 277.52102661    9653.89746094   6267.32421875   
0.40700    305899.71875000 167671.14062500 446452.75000000 275.75628662    9571.09667969   6209.00195312   
0.40800    304146.84375000 166554.45312500 443644.06250000 274.06320190    9489.01757812   6150.87792969   
0.40900    302392.96875000 165438.54687500 440837.28125000 272.44567871    9407.64062500   6093.08447266   
0.41000    300666.40625000 164336.12500000 438064.56250000 270.91015625    9328.04296875   6036.30468750   
0.41100    298931.53125000 163227.25000000 435282.18750000 269.43994141    9248.68945312   5979.45263672   
0.41200    297199.43750000 162117.43750000 432496.84375000 268.04177856    9170.52343750   5923.20117188   
0.41300    295492.50000000 161021.17187500 429747.00000000 266.72628784    9093.90527344   5868.09326172   
0.41400    293782.21875000 159918.48437500 426986.18750000 265.47741699    9018.18261719   5813.21142578   
0.41500    292097.71875000 158830.17187500 424266.00000000 264.30181885    8944.33105469   5759.64697266   
0.41600    290397.37500000 157729.75000000 421519.40625000 263.19232178    8870.91894531   5706.20507812   
0.41700    288732.12500000 156649.48437500 418818.34375000 262.15573120    8799.75195312   5654.22412109   
0.41800    287089.46875000 155578.87500000 416152.87500000 261.19989014    8730.76562500   5603.70800781   
0.41900    285420.65625000 154488.48437500 413438.53125000 260.29122925    8661.62109375   5552.87744141   
0.42000    283792.84375000 153420.03125000 410783.00000000 259.46224976    8595.26464844   5504.00634766   
0.42100    282184.75000000 152363.01562500 408157.71875000 258.70126343    8530.87500000   5456.41064453   
0.42200    280585.43750000 151307.32812500 405543.56250000 257.99984741    8468.02246094   5409.81787109   
0.42300    278992.28125000 150250.81250000 402932.15625000 257.35833740    8406.43457031   5364.13330078   
0.42400    277420.46875000 149205.42187500 400348.00000000 256.77969360    8346.95605469   5319.86621094   
0.42500    275868.15625000 148168.92187500 397790.53125000 256.26266479    8289.38281250   5276.87451172   
0.42600    274320.81250000 147130.34375000 395235.71875000 255.79513550    8233.18457031   5234.91064453   
0.42700    272811.15625000 146113.39062500 392737.06250000 255.39550781    8179.75292969   5194.87402344   
0.42800    271306.03125000 145094.40625000 390239.28125000 255.04272461    8127.71191406   5155.77294922   
0.42900    269838.50000000 144096.04687500 387798.03125000 254.74943542    8078.10937500   5118.46289062   
0.43000    268376.71875000 143099.12500000 385362.53125000 254.50201416    8030.14794922   5082.39355469   
0.43100    266921.00000000 142100.96875000 382927.56250000 254.29557800    7983.39648438   5047.19482422   
0.43200    265509.09375000 141126.81250000 380558.28125000 254.14627075    7939.69238281   5014.16699219   
0.43300    264105.21875000 140156.62500000 378201.31250000 254.03646851    7897.35644531   4982.19482422   
0.43400    262729.28125000 139196.98437500 375878.68750000 253.97093201    7857.11181641   4951.78857422   
0.43500    261367.42187500 138243.85937500 373575.00000000 253.94171143    7818.64501953   4922.65625000   
0.43600    260047.60937500 137313.07812500 371334.50000000 253.96133423    7782.91650391   4895.64941406   
0.43700    258730.29687500 136381.65625000 369092.78125000 254.00471497    7748.11962891   4869.40527344   
0.43800    257429.62500000 135456.79687500 366873.03125000 254.08178711    7715.33740234   4844.64013672   
0.43900    256168.71875000 134553.14062500 364710.15625000 254.20004272    7684.82617188   4821.62988281   
0.44000    254925.82812500 133658.73437500 362572.28125000 254.34188843    7656.06250000   4799.99511719   
0.44100    253707.18750000 132776.51562500 360471.87500000 254.51217651    7629.11816406   4779.73974609   
0.44200    252513.23437500 131904.81250000 358403.59375000 254.70802307    7603.99218750   4761.00000000   
0.44300    251343.68750000 131048.44531250 356371.84375000 254.92546082    7580.68457031   4743.62695312   
0.44400    250199.65625000 130202.47656250 354376.34375000 255.16633606    7559.12890625   4727.74511719   
0.44500    249057.67187500 129357.38281250 352380.15625000 255.41835022    7538.52197266   4712.58007812   
0.44600    247950.82812500 128529.52343750 350435.62500000 255.68675232    7519.96093750   4699.04980469   
0.44700    246880.62500000 127724.11718750 348547.68750000 255.97653198    7503.28515625   4687.16455078   
0.44800    245818.32812500 126919.32812500 346663.62500000 256.27096558    7487.78222656   4676.10205078   
0.44900    244796.37500000 126138.78906250 344849.81250000 256.58557129    7474.37500000   4666.86572266   
0.45000    243798.03125000 125371.13281250 343065.75000000 256.90582275    7462.47900391   4658.88574219   
0.45100    242802.07812500 124603.05468750 341282.15625000 257.22497559    7450.99316406   4651.36376953   
0.45200    241844.17187500 123857.05468750 339559.34375000 257.55108643    7441.51513672   4645.50439453   
0.45300    240900.93750000 123117.89843750 337855.28125000 257.87759399    7432.95849609   4640.44873047   
0.45400    239988.54687500 122397.31250000 336200.34375000 258.20614624    7425.92285156   4636.68359375   
0.45500    239099.95312500 121689.14062500 334575.96875000 258.53515625    7420.08789062   4634.02343750   
0.45600    238225.81250000 120990.58593750 332977.06250000 258.85684204    7415.09130859   4632.19580078   
0.45700    237380.73437500 120308.57812500 331425.56250000 259.17276001    7411.33691406   4631.43896484   
0.45800    236549.60937500 119632.95312500 329891.15625000 259.48513794    7408.45996094   4631.50000000   
0.45900    235737.17187500 118969.82031250 328387.50000000 259.78207397    7406.18554688   4632.21972656   
0.46000    234966.90625000 118331.38281250 326951.46875000 260.07922363    7405.73095703   4634.47265625   
0.46100    234184.90625000 117686.58593750 325492.09375000 260.35317993    7404.78125000   4636.58056641   
0.46200    233451.67187500 117070.97656250 324112.28125000 260.62200928    7405.52539062   4640.23339844   
0.46300    232724.92187500 116459.16406250 322739.84375000 260.87124634    7406.55761719   4644.14208984   
0.46400    232009.79687500 115855.37500000 321389.93750000 261.10650635    7407.97119141   4648.64355469   
0.46500    231328.60937500 115273.10156250 320093.53125000 261.32629395    7410.40039062   4654.06738281   
0.46600    230655.48437500 114695.40625000 318809.40625000 261.52514648    7412.95654297   4659.83300781   
0.46700    229990.85937500 114123.86718750 317540.65625000 261.69845581    7415.53955078   4665.79296875   
0.46800    229367.90625000 113580.27343750 316337.18750000 261.86239624    7419.38964844   4672.94531250   
0.46900    228736.10937500 113031.89062500 315125.00000000 261.99694824    7422.66503906   4679.76708984   
0.47000    228128.18750000 112497.92968750 313946.34375000 262.11105347    7426.36083984   4687.26855469   
0.47100    227537.26562500 111977.89062500 312801.56250000 262.20187378    7430.27294922   4695.05712891   
0.47200    226961.98437500 111465.96875000 311680.87500000 262.26873779    7434.41699219   4703.22070312   
0.47300    226406.51562500 110970.57812500 310594.31250000 262.31280518    7438.66894531   4711.76416016   
0.47400    225842.81250000 110470.04687500 309497.31250000 262.32351685    7442.15917969   4719.85156250   
0.47500    225307.01562500 109990.32812500 308447.25000000 262.31335449    7446.14843750   4728.56738281   
0.47600    224794.09375000 109526.15625000 307436.65625000 262.28457642    7450.51904297   4737.79199219   
0.47700    224261.82812500 109052.69531250 306396.37500000 262.21133423    7453.28417969   4745.95410156   
0.47800    223756.71875000 108598.38281250 305405.96875000 262.12240601    7456.71728516   4754.83398438   
0.47900    223271.92187500 108158.32812500 304448.09375000 262.00772095    7460.08642578   4763.93212891   
0.48000    222774.60937500 107714.40625000 303475.34375000 261.85903931    7462.34033203   4772.36279297   
0.48100    222316.26562500 107296.31250000 302565.81250000 261.69207764    7465.17822266   4781.39208984   
0.48200    221823.67187500 106860.47656250 301608.06250000 261.48043823    7466.11914062   4789.26513672   
0.48300    221353.07812500 106441.22656250 300690.40625000 261.24984741    7467.20556641   4797.36914062   
0.48400    220897.29687500 106033.75000000 299797.78125000 260.99215698    7468.06054688   4805.51171875   
0.48500    220441.40625000 105630.70312500 298914.12500000 260.70452881    7468.07275391   4813.21728516   
0.48600    219999.57812500 105240.05468750 298054.71875000 260.39749146    7467.90625000   4820.92578125   
0.48700    219554.45312500 104850.92968750 297193.50000000 260.05468750    7466.59033203   4828.07519531   
0.48800    219101.54687500 104457.89843750 296323.75000000 259.68264771    7464.31933594   4834.47021484   
0.48900    218659.78125000 104077.20312500 295479.00000000 259.28778076    7461.47460938   4840.79052734   
0.49000    218221.00000000 103703.00000000 294645.12500000 258.86752319    7458.19482422   4846.82373047   
0.49100    217795.56250000 103341.53125000 293837.00000000 258.42480469    7454.27343750   4852.65185547   
0.49200    217352.79687500 102972.17968750 293009.87500000 257.95217896    7449.03466797   4857.56396484   
0.49300    216916.82812500 102611.40625000 292196.09375000 257.45834351    7443.22314453   4862.17285156   
0.49400    216481.70312500 102255.32812500 291388.09375000 256.93756104    7436.53906250   4866.32128906   
0.49500    216037.98437500 101899.58593750 290575.15625000 256.39141846    7428.76318359   4869.76806641   
0.49600    215607.96875000 101555.03906250 289789.12500000 255.83198547    7420.57910156   4873.07763672   
0.49700    215159.98437500 101205.35156250 288982.62500000 255.24319458    7411.03710938   4875.45019531   
0.49800    214721.51562500 100864.76562500 288193.03125000 254.63537598    7400.86914062   4877.46533203   
0.49900    214265.14062500 100518.29687500 287383.18750000 254.00524902    7389.31250000   4878.56640625   
0.50000    213816.82812500 100181.53906250 286593.15625000 253.36096191    7377.25634766   4879.39550781   
