# SAXS profile: number of points = 501, q_min = 0, q_max = 0.5, delta_q = 0.001
#    q    intensity 
0.00000    68461264.00000000 41715120.00000000 106882096.00000000 51544.35546875  3757075.00000000 2932707.00000000 
0.00100    68450096.00000000 41707560.00000000 106862832.00000000 51533.66406250  3756342.25000000 2932129.75000000 
0.00200    68414616.00000000 41685312.00000000 106805440.00000000 51501.56250000  3754130.75000000 2930397.00000000 
0.00300    68353928.00000000 41648076.00000000 106709368.00000000 51447.78125000  3750401.25000000 2927520.25000000 
0.00400    68267704.00000000 41595540.00000000 106575448.00000000 51372.68359375  3745242.00000000 2923497.75000000 
0.00500    68156032.00000000 41528980.00000000 106402072.00000000 51276.17578125  3738613.75000000 2918336.25000000 
0.00600    68020720.00000000 41447420.00000000 106193144.00000000 51158.63281250  3730513.50000000 2912036.25000000 
0.00700    67859776.00000000 41351392.00000000 105946000.00000000 51020.01562500  3720992.25000000 2904626.75000000 
0.00800    67676904.00000000 41240576.00000000 105662072.00000000 50860.80078125  3710005.25000000 2896083.25000000 
0.00900    67471152.00000000 41115924.00000000 105339288.00000000 50681.00000000  3697612.75000000 2886452.75000000 
0.01000    67241344.00000000 40976412.00000000 104981424.00000000 50480.68359375  3683830.00000000 2875723.50000000 
0.01100    66987548.00000000 40823328.00000000 104588616.00000000 50260.50000000  3668658.00000000 2863924.25000000 
0.01200    66711184.00000000 40656428.00000000 104158288.00000000 50020.32421875  3652130.25000000 2851051.25000000 
0.01300    66412684.00000000 40476080.00000000 103694496.00000000 49760.96875000  3634264.25000000 2837136.25000000 
0.01400    66091776.00000000 40282316.00000000 103195240.00000000 49482.63281250  3615051.50000000 2822209.75000000 
0.01500    65749576.00000000 40075236.00000000 102663048.00000000 49185.58203125  3594575.25000000 2806285.75000000 
0.01600    65385744.00000000 39855796.00000000 102097432.00000000 48870.14062500  3572818.25000000 2789354.00000000 
0.01700    65001264.00000000 39623248.00000000 101499792.00000000 48536.84375000  3549848.00000000 2771482.75000000 
0.01800    64596676.00000000 39378564.00000000 100870528.00000000 48186.43359375  3525645.50000000 2752657.75000000 
0.01900    64172016.00000000 39121744.00000000 100210320.00000000 47818.83984375  3500293.75000000 2732911.50000000 
0.02000    63727916.00000000 38853676.00000000 99519816.00000000 47435.15234375  3473776.00000000 2712272.25000000 
0.02100    63265620.00000000 38574048.00000000 98800960.00000000 47035.36718750  3446179.75000000 2690797.75000000 
0.02200    62784876.00000000 38283156.00000000 98053256.00000000 46620.23046875  3417487.00000000 2668478.50000000 
0.02300    62286580.00000000 37981988.00000000 97278272.00000000 46190.17968750  3387756.00000000 2645351.50000000 
0.02400    61771112.00000000 37670524.00000000 96476752.00000000 45746.15234375  3357048.75000000 2621445.00000000 
0.02500    61239464.00000000 37349272.00000000 95650104.00000000 45288.06640625  3325350.75000000 2596784.25000000 
0.02600    60692264.00000000 37018128.00000000 94799064.00000000 44817.28125000  3292746.00000000 2571415.00000000 
0.02700    60129992.00000000 36678300.00000000 93924272.00000000 44333.67578125  3259283.00000000 2545353.75000000 
0.02800    59552776.00000000 36329316.00000000 93027584.00000000 43838.40234375  3224934.75000000 2518645.00000000 
0.02900    58962512.00000000 35972196.00000000 92108736.00000000 43331.89453125  3189823.75000000 2491313.00000000 
0.03000    58358948.00000000 35607248.00000000 91170592.00000000 42814.43750000  3153953.25000000 2463383.50000000 
0.03100    57743236.00000000 35234688.00000000 90212616.00000000 42287.46875000  3117366.25000000 2434913.50000000 
0.03200    57115860.00000000 34855172.00000000 89235640.00000000 41750.80468750  3080111.75000000 2405915.75000000 
0.03300    56477452.00000000 34469092.00000000 88243192.00000000 41205.71484375  3042238.00000000 2376440.25000000 
0.03400    55828804.00000000 34076660.00000000 87234408.00000000 40652.40625000  3003785.00000000 2346506.00000000 
0.03500    55170804.00000000 33678692.00000000 86210568.00000000 40091.89062500  2964789.50000000 2316140.50000000 
0.03600    54504140.00000000 33275218.00000000 85173824.00000000 39524.53125000  2925311.50000000 2285411.00000000 
0.03700    53829416.00000000 32867060.00000000 84123568.00000000 38951.32421875  2885370.50000000 2254319.75000000 
0.03800    53147544.00000000 32454354.00000000 83063088.00000000 38372.48437500  2845043.50000000 2222924.25000000 
0.03900    52459204.00000000 32037742.00000000 81991608.00000000 37788.87109375  2804345.50000000 2191245.50000000 
0.04000    51764608.00000000 31617602.00000000 80910776.00000000 37201.25390625  2763355.75000000 2159313.75000000 
0.04100    51065456.00000000 31194114.00000000 79823016.00000000 36610.14843750  2722082.50000000 2127187.25000000 
0.04200    50361672.00000000 30768218.00000000 78728184.00000000 36016.18750000  2680572.00000000 2094873.62500000 
0.04300    49654324.00000000 30339916.00000000 77627368.00000000 35419.94531250  2638900.00000000 2062411.00000000 
0.04400    48944020.00000000 29909890.00000000 76521744.00000000 34822.28125000  2597068.00000000 2029846.12500000 
0.04500    48231224.00000000 29478660.00000000 75413224.00000000 34223.60937500  2555158.50000000 1997196.87500000 
0.04600    47517432.00000000 29046192.00000000 74301752.00000000 33624.53125000  2513174.25000000 1964503.25000000 
0.04700    46802548.00000000 28613086.00000000 73188784.00000000 33025.90234375  2471176.75000000 1931801.00000000 
0.04800    46087136.00000000 28180206.00000000 72075688.00000000 32427.71093750  2429196.75000000 1899106.25000000 
0.04900    45372520.00000000 27747164.00000000 70963688.00000000 31830.98828125  2387302.50000000 1866459.62500000 
0.05000    44659048.00000000 27314960.00000000 69852864.00000000 31236.20703125  2345469.50000000 1833896.75000000 
0.05100    43947316.00000000 26883776.00000000 68744760.00000000 30643.79882812  2303816.00000000 1801433.87500000 
0.05200    43238060.00000000 26453858.00000000 67640464.00000000 30054.29882812  2262311.50000000 1769108.87500000 
0.05300    42531628.00000000 26025892.00000000 66540552.00000000 29468.25585938  2221026.75000000 1736937.87500000 
0.05400    41828700.00000000 25599870.00000000 65445956.00000000 28886.16210938  2179986.00000000 1704965.50000000 
0.05500    41129820.00000000 25176556.00000000 64358232.00000000 28308.49804688  2139201.50000000 1673202.62500000 
0.05600    40435836.00000000 24755790.00000000 63277368.00000000 27735.61132812  2098739.50000000 1641682.87500000 
0.05700    39746748.00000000 24338222.00000000 62204856.00000000 27168.01562500  2058632.37500000 1610414.00000000 
0.05800    39063792.00000000 23924212.00000000 61141112.00000000 26606.15039062  2018871.50000000 1579434.87500000 
0.05900    38386764.00000000 23513708.00000000 60086820.00000000 26050.26367188  1979516.00000000 1548771.00000000 
0.06000    37716400.00000000 23107164.00000000 59043092.00000000 25500.73242188  1940585.37500000 1518424.00000000 
0.06100    37053328.00000000 22705054.00000000 58010440.00000000 24958.14843750  1902100.50000000 1488434.37500000 
0.06200    36397868.00000000 22307642.00000000 56989756.00000000 24422.60742188  1864085.00000000 1458808.25000000 
0.06300    35750540.00000000 21914966.00000000 55980920.00000000 23894.37500000  1826570.12500000 1429569.37500000 
0.06400    35111216.00000000 21527106.00000000 54985284.00000000 23373.89843750  1789572.62500000 1400725.37500000 
0.06500    34480784.00000000 21144824.00000000 54003332.00000000 22861.38085938  1753109.75000000 1372302.00000000 
0.06600    33859304.00000000 20767856.00000000 53035116.00000000 22356.96289062  1717202.00000000 1344308.25000000 
0.06700    33247476.00000000 20396494.00000000 52081736.00000000 21861.01953125  1681855.62500000 1316762.87500000 
0.06800    32645342.00000000 20031194.00000000 51143512.00000000 21373.86914062  1647108.12500000 1289666.75000000 
0.06900    32052916.00000000 19671810.00000000 50220444.00000000 20895.37304688  1612962.50000000 1263054.00000000 
0.07000    31470688.00000000 19318456.00000000 49313640.00000000 20425.78906250  1579433.87500000 1236900.75000000 
0.07100    30898806.00000000 18971606.00000000 48422616.00000000 19965.37109375  1546524.12500000 1211248.75000000 
0.07200    30337834.00000000 18631138.00000000 47548544.00000000 19514.11523438  1514250.37500000 1186080.00000000 
0.07300    29787594.00000000 18297092.00000000 46691280.00000000 19072.52734375  1482623.62500000 1161416.87500000 
0.07400    29248322.00000000 17969786.00000000 45851064.00000000 18639.88671875  1451649.12500000 1137266.37500000 
0.07500    28720178.00000000 17649290.00000000 45028084.00000000 18216.85937500  1421341.25000000 1113634.75000000 
0.07600    28203210.00000000 17335430.00000000 44222188.00000000 17803.36132812  1391684.87500000 1090516.00000000 
0.07700    27697648.00000000 17028592.00000000 43434700.00000000 17399.47070312  1362713.50000000 1067911.75000000 
0.07800    27203420.00000000 16728605.00000000 42664552.00000000 17005.08007812  1334397.50000000 1045831.06250000 
0.07900    26720556.00000000 16435548.00000000 41912024.00000000 16620.15429688  1306747.62500000 1024267.18750000 
0.08000    26249428.00000000 16149493.00000000 41177584.00000000 16244.89648438  1279773.87500000 1003229.12500000 
0.08100    25789638.00000000 15870349.00000000 40461252.00000000 15879.00683594  1253467.50000000 982711.37500000 
0.08200    25341392.00000000 15598267.00000000 39762776.00000000 15522.50878906  1227835.37500000 962711.62500000 
0.08300    24904466.00000000 15333038.00000000 39082200.00000000 15175.32226562  1202861.37500000 943234.87500000 
0.08400    24479008.00000000 15074789.00000000 38418904.00000000 14837.34863281  1178536.00000000 924271.93750000 
0.08500    24065072.00000000 14823438.00000000 37773752.00000000 14508.65039062  1154874.87500000 905808.68750000 
0.08600    23662142.00000000 14578943.00000000 37146176.00000000 14189.00097656  1131848.37500000 887851.75000000 
0.08700    23270420.00000000 14341301.00000000 36535828.00000000 13878.15332031  1109473.75000000 870397.00000000 
0.08800    22889816.00000000 14110308.00000000 35942656.00000000 13576.01269531  1087715.75000000 853427.68750000 
0.08900    22520136.00000000 13885977.00000000 35366784.00000000 13282.62792969  1066592.37500000 836946.18750000 
0.09000    22161304.00000000 13668253.00000000 34807680.00000000 12997.74316406  1046069.06250000 820937.68750000 
0.09100    21812906.00000000 13456906.00000000 34265092.00000000 12721.12402344  1026150.00000000 805408.37500000 
0.09200    21475044.00000000 13251979.00000000 33738568.00000000 12452.60351562  1006822.12500000 790324.93750000 
0.09300    21147506.00000000 13053295.00000000 33228558.00000000 12192.16503906  988068.18750000 775701.25000000 
0.09400    20829800.00000000 12860796.00000000 32733746.00000000 11939.33886719  969880.75000000 761515.87500000 
0.09500    20522136.00000000 12674201.00000000 32254716.00000000 11694.16210938  952239.87500000 747759.50000000 
0.09600    20223932.00000000 12493522.00000000 31790456.00000000 11456.29101562  935141.50000000 734422.75000000 
0.09700    19935302.00000000 12318561.00000000 31341100.00000000 11225.67285156  918567.25000000 721492.75000000 
0.09800    19655784.00000000 12149279.00000000 30905884.00000000 11001.96093750  902504.18750000 708969.25000000 
0.09900    19385282.00000000 11985408.00000000 30484802.00000000 10785.07324219  886926.12500000 696827.50000000 
0.10000    19123322.00000000 11826819.00000000 30077058.00000000 10574.69921875  871837.06250000 685056.37500000 
0.10100    18869786.00000000 11673369.00000000 29682492.00000000 10370.57031250  857212.06250000 673651.37500000 
0.10200    18624428.00000000 11524953.00000000 29300702.00000000 10172.59179688  843028.37500000 662594.37500000 
0.10300    18386762.00000000 11381315.00000000 28931238.00000000 9980.47558594   829280.12500000 651879.06250000 
0.10400    18156912.00000000 11242298.00000000 28573648.00000000 9794.02539062   815952.37500000 641484.18750000 
0.10500    17934366.00000000 11107931.00000000 28227826.00000000 9613.09277344   803031.93750000 631406.87500000 
0.10600    17718814.00000000 10977654.00000000 27892640.00000000 9437.23828125   790481.87500000 621630.25000000 
0.10700    17510186.00000000 10851675.00000000 27568484.00000000 9266.51171875   778302.43750000 612144.12500000 
0.10800    17307910.00000000 10729620.00000000 27254034.00000000 9100.56152344   766484.87500000 602933.37500000 
0.10900    17111930.00000000 10611401.00000000 26949438.00000000 8939.20605469   754997.81250000 593981.37500000 
0.11000    16921714.00000000 10496748.00000000 26654238.00000000 8782.19238281   743841.31250000 585282.93750000 
0.11100    16737234.00000000 10385567.00000000 26367762.00000000 8629.35839844   732983.87500000 576829.25000000 
0.11200    16558164.00000000 10277635.00000000 26089760.00000000 8480.53320312   722417.43750000 568597.37500000 
0.11300    16384067.00000000 10172906.00000000 25819572.00000000 8335.47265625   712131.93750000 560584.37500000 
0.11400    16214784.00000000 10071068.00000000 25556902.00000000 8193.97851562   702104.75000000 552769.93750000 
0.11500    16049988.00000000 9972016.00000000 25301468.00000000 8055.89550781   692325.93750000 545157.37500000 
0.11600    15889570.00000000 9875472.00000000 25052506.00000000 7921.05566406   682781.56250000 537716.18750000 
0.11700    15733095.00000000 9781506.00000000 24809852.00000000 7789.27392578   673449.31250000 530452.50000000 
0.11800    15580280.00000000 9689852.00000000 24573060.00000000 7660.29443359   664323.37500000 523344.59375000 
0.11900    15430992.00000000 9600208.00000000 24341602.00000000 7534.05712891   655390.25000000 516388.25000000 
0.12000    15284850.00000000 9512540.00000000 24115336.00000000 7410.36279297   646635.00000000 509570.28125000 
0.12100    15141700.00000000 9426784.00000000 23893618.00000000 7289.10400391   638052.31250000 502885.12500000 
0.12200    15001347.00000000 9342607.00000000 23676202.00000000 7170.04296875   629619.56250000 496314.68750000 
0.12300    14863423.00000000 9259942.00000000 23462708.00000000 7053.15576172   621330.31250000 489860.43750000 
0.12400    14727836.00000000 9178836.00000000 23252634.00000000 6938.22363281   613172.50000000 483504.68750000 
0.12500    14594252.00000000 9098792.00000000 23045858.00000000 6825.11230469   605133.31250000 477244.56250000 
0.12600    14462544.00000000 9019975.00000000 22842142.00000000 6713.78369141   597213.50000000 471076.31250000 
0.12700    14332506.00000000 8942149.00000000 22640718.00000000 6604.08300781   589387.87500000 464981.18750000 
0.12800    14203847.00000000 8865150.00000000 22441692.00000000 6495.91943359   581660.81250000 458955.62500000 
0.12900    14076458.00000000 8788873.00000000 22244628.00000000 6389.16503906   574011.81250000 453000.21875000 
0.13000    13950259.00000000 8713332.00000000 22049198.00000000 6283.76708984   566441.31250000 447102.03125000 
0.13100    13824842.00000000 8638298.00000000 21854960.00000000 6179.60791016   558942.06250000 441250.93750000 
0.13200    13700171.00000000 8563750.00000000 21662152.00000000 6076.60253906   551498.75000000 435453.90625000 
0.13300    13576161.00000000 8489468.00000000 21470172.00000000 5974.76318359   544113.31250000 429692.06250000 
0.13400    13452581.00000000 8415445.00000000 21278784.00000000 5873.92236328   536778.93750000 423970.62500000 
0.13500    13329387.00000000 8341629.00000000 21088064.00000000 5774.06640625   529480.50000000 418282.00000000 
0.13600    13206300.00000000 8267847.50000000 20897452.00000000 5675.12988281   522226.56250000 412617.50000000 
0.13700    13083363.00000000 8194161.50000000 20706900.00000000 5577.06250000   515000.34375000 406977.93750000 
0.13800    12960283.00000000 8120345.50000000 20516342.00000000 5479.84423828   507801.75000000 401361.00000000 
0.13900    12837178.00000000 8046413.00000000 20325434.00000000 5383.43994141   500630.12500000 395762.03125000 
0.14000    12713703.00000000 7972319.00000000 20134162.00000000 5287.83544922   493482.03125000 390177.87500000 
0.14100    12590036.00000000 7898031.00000000 19942362.00000000 5192.92529297   486352.81250000 384601.87500000 
0.14200    12465977.00000000 7823434.50000000 19749840.00000000 5098.78515625   479235.56250000 379041.15625000 
0.14300    12341461.00000000 7748536.50000000 19556722.00000000 5005.34082031   472134.84375000 373490.28125000 
0.14400    12216341.00000000 7673169.50000000 19362370.00000000 4912.54687500   465044.06250000 367946.71875000 
0.14500    12090805.00000000 7597531.50000000 19167408.00000000 4820.53027344   457966.93750000 362408.62500000 
0.14600    11964617.00000000 7521438.00000000 18971490.00000000 4729.13525391   450898.40625000 356879.71875000 
0.14700    11837795.00000000 7444878.50000000 18774284.00000000 4638.46240234   443842.37500000 351353.25000000 
0.14800    11710229.00000000 7367864.00000000 18575934.00000000 4548.47314453   436793.78125000 345831.65625000 
0.14900    11582040.00000000 7290332.00000000 18376516.00000000 4459.17822266   429752.78125000 340315.03125000 
0.15000    11453216.00000000 7212361.00000000 18175940.00000000 4370.56103516   422721.53125000 334807.59375000 
0.15100    11323476.00000000 7133865.50000000 17974074.00000000 4282.67382812   415702.56250000 329301.12500000 
0.15200    11193236.00000000 7054877.50000000 17771144.00000000 4195.54394531   408694.18750000 323805.84375000 
0.15300    11062250.00000000 6975418.50000000 17567054.00000000 4109.15039062   401697.96875000 318316.75000000 
0.15400    10930464.00000000 6895404.00000000 17361686.00000000 4023.52148438   394715.37500000 312835.37500000 
0.15500    10798117.00000000 6814959.50000000 17155212.00000000 3938.66113281   387748.18750000 307365.50000000 
0.15600    10665064.00000000 6734013.00000000 16947738.00000000 3854.60058594   380798.06250000 301905.34375000 
0.15700    10531416.00000000 6652660.00000000 16738891.00000000 3771.37402344   373867.96875000 296459.40625000 
0.15800    10397149.00000000 6570780.50000000 16529256.00000000 3688.99194336   366957.31250000 291025.43750000 
0.15900    10262312.00000000 6488547.00000000 16318650.00000000 3607.49707031   360071.84375000 285612.03125000 
0.16000    10126983.00000000 6405909.50000000 16107028.00000000 3526.88208008   353208.09375000 280212.68750000 
0.16100    9991188.00000000 6322912.00000000 15894618.00000000 3447.23901367   346380.12500000 274836.09375000 
0.16200    9854930.00000000 6239576.50000000 15681446.00000000 3368.50244141   339576.87500000 269482.53125000 
0.16300    9718245.00000000 6155963.00000000 15467657.00000000 3290.74633789   332809.65625000 264151.06250000 
0.16400    9581359.00000000 6072050.00000000 15253136.00000000 3214.00146484   326078.87500000 258847.06250000 
0.16500    9444094.00000000 5987869.00000000 15038135.00000000 3138.25366211   319385.90625000 253571.71875000 
0.16600    9306685.00000000 5903508.00000000 14822832.00000000 3063.56201172   312735.68750000 248328.18750000 
0.16700    9169114.00000000 5819001.50000000 14607089.00000000 2989.95434570   306130.15625000 243116.85937500 
0.16800    9031433.00000000 5734327.00000000 14391124.00000000 2917.40380859   299573.06250000 237942.07812500 
0.16900    8893851.00000000 5649630.50000000 14175062.00000000 2846.02636719   293067.06250000 232805.00000000 
0.17000    8756254.00000000 5564833.00000000 13958943.00000000 2775.73242188   286613.59375000 227707.95312500 
0.17100    8618683.00000000 5480083.00000000 13743027.00000000 2706.61279297   280215.09375000 222653.01562500 
0.17200    8481404.00000000 5395307.00000000 13527144.00000000 2638.67968750   273878.00000000 217643.26562500 
0.17300    8344293.50000000 5310677.00000000 13311639.00000000 2571.93212891   267599.37500000 212678.75000000 
0.17400    8207576.00000000 5226110.00000000 13096636.00000000 2506.38598633   261386.54687500 207766.17187500 
0.17500    8071203.00000000 5141794.50000000 12882063.00000000 2442.05908203   255242.09375000 202901.67187500 
0.17600    7935261.50000000 5057594.50000000 12668100.00000000 2378.95751953   249164.59375000 198089.26562500 
0.17700    7799921.50000000 4973721.00000000 12454937.00000000 2317.13867188   243160.56250000 193334.10937500 
0.17800    7665135.00000000 4890142.50000000 12242637.00000000 2256.53930664   237227.92187500 188635.64062500 
0.17900    7530997.00000000 4806862.00000000 12031215.00000000 2197.22363281   231373.37500000 183995.64062500 
0.18000    7397597.50000000 4724014.00000000 11820899.00000000 2139.18774414   225597.09375000 179415.46875000 
0.18100    7265020.00000000 4641601.50000000 11611757.00000000 2082.43530273   219902.64062500 174899.23437500 
0.18200    7133273.00000000 4559596.50000000 11403835.00000000 2026.94873047   214287.93750000 170444.28125000 
0.18300    7002425.50000000 4478132.50000000 11197257.00000000 1972.74890137   208759.04687500 166054.29687500 
0.18400    6872559.00000000 4397235.50000000 10992234.00000000 1919.85229492   203313.64062500 161731.68750000 
0.18500    6743760.00000000 4316875.00000000 10788752.00000000 1868.24243164   197957.75000000 157476.40625000 
0.18600    6616025.50000000 4237165.50000000 10586931.00000000 1817.90417480   192689.62500000 153289.70312500 
0.18700    6489451.50000000 4158095.00000000 10386744.00000000 1768.84130859   187510.60937500 149173.04687500 
0.18800    6364066.00000000 4079720.00000000 10188458.00000000 1721.07946777   182422.50000000 145126.03125000 
0.18900    6239982.50000000 4002090.75000000 9992165.00000000 1674.58422852   177427.42187500 141153.71875000 
0.19000    6117104.50000000 3925192.50000000 9797654.00000000 1629.32727051   172523.92187500 137248.93750000 
0.19100    5995693.00000000 3849125.75000000 9605394.00000000 1585.38171387   167716.21875000 133421.09375000 
0.19200    5875583.50000000 3773829.25000000 9415169.00000000 1542.62976074   162999.76562500 129664.78906250 
0.19300    5756997.00000000 3699422.75000000 9227258.00000000 1501.14526367   158381.17187500 125984.57812500 
0.19400    5639823.50000000 3625866.75000000 9041501.00000000 1460.85437012   153856.51562500 122377.17968750 
0.19500    5524155.00000000 3553213.25000000 8858151.00000000 1421.79223633   149427.17187500 118844.74218750 
0.19600    5410067.00000000 3481474.00000000 8677152.00000000 1383.92382812   145092.04687500 115387.18750000 
0.19700    5297547.50000000 3410696.75000000 8498585.00000000 1347.23059082   140853.84375000 112005.03906250 
0.19800    5186633.00000000 3340841.00000000 8322547.00000000 1311.69812012   136710.23437500 108697.00781250 
0.19900    5077361.00000000 3272034.50000000 8149078.00000000 1277.32836914   132663.17187500 105464.42968750 
0.20000    4969755.50000000 3204172.50000000 7978078.00000000 1244.07580566   128710.72656250 102305.46875000 
0.20100    4863812.50000000 3137357.00000000 7809792.00000000 1211.93591309   124852.43750000 99222.07031250  
0.20200    4759584.50000000 3071554.50000000 7644077.50000000 1180.87878418   121087.50781250 96210.85156250  
0.20300    4657074.50000000 3006799.25000000 7481064.00000000 1150.91784668   117416.64843750 93274.27343750  
0.20400    4556336.00000000 2943112.00000000 7320812.00000000 1121.99572754   113838.34375000 90410.43750000  
0.20500    4457269.00000000 2880459.00000000 7163260.50000000 1094.11645508   110351.72656250 87618.96093750  
0.20600    4359985.50000000 2818905.25000000 7008438.00000000 1067.23144531   106954.89062500 84898.57812500  
0.20700    4264473.00000000 2758402.00000000 6856331.00000000 1041.34533691   103649.64062500 82249.90625000  
0.20800    4170714.75000000 2698984.00000000 6707018.00000000 1016.43280029   100432.01562500 79670.27343750  
0.20900    4078775.75000000 2640673.00000000 6560534.50000000 992.47991943    97305.93750000  77162.55468750  
0.21000    3988576.25000000 2583435.00000000 6416773.50000000 969.43634033    94262.37500000  74720.66406250  
0.21100    3900141.00000000 2527275.75000000 6275816.00000000 947.30621338    91306.81250000  72347.25000000  
0.21200    3813461.25000000 2472233.75000000 6137580.50000000 926.04461670    88434.14062500  70040.07031250  
0.21300    3728556.75000000 2418240.75000000 6002149.50000000 905.65356445    85643.91406250  67798.25000000  
0.21400    3645428.25000000 2365346.00000000 5869488.00000000 886.10650635    82936.43750000  65620.92187500  
0.21500    3564046.75000000 2313570.25000000 5739597.50000000 867.37780762    80309.49218750  63508.37109375  
0.21600    3484353.75000000 2262814.75000000 5612356.50000000 849.43713379    77760.03125000  61456.52343750  
0.21700    3406440.00000000 2213144.50000000 5487899.50000000 832.28210449    75288.75000000  59466.46484375  
0.21800    3330215.50000000 2164540.50000000 5366119.00000000 815.87512207    72892.32812500  57535.89062500  
0.21900    3255650.50000000 2116970.25000000 5246962.50000000 800.18823242    70570.14062500  55663.65234375  
0.22000    3182789.50000000 2070444.50000000 5130445.00000000 785.21398926    68320.25781250  53848.64843750  
0.22100    3111610.25000000 2024968.87500000 5016608.00000000 770.95434570    66142.56250000  52091.49609375  
0.22200    3042050.50000000 1980502.00000000 4905357.00000000 757.35089111    64033.99609375  50388.94140625  
0.22300    2974106.50000000 1937048.62500000 4796620.50000000 744.39514160    61993.11328125  48739.31250000  
0.22400    2907741.50000000 1894579.62500000 4690387.00000000 732.06866455    60017.60546875  47141.92578125  
0.22500    2843014.50000000 1853111.87500000 4586751.50000000 720.36950684    58108.83203125  45597.08203125  
0.22600    2779788.75000000 1812601.37500000 4485478.00000000 709.24517822    56261.30468750  44101.32812500  
0.22700    2718107.00000000 1773055.37500000 4386647.50000000 698.70928955    54477.25000000  42655.06250000  
0.22800    2657940.75000000 1734438.62500000 4290190.50000000 688.72332764    52752.11328125  41255.93359375  
0.22900    2599231.25000000 1696744.50000000 4196050.50000000 679.26916504    51085.12890625  39903.14843750  
0.23000    2541977.00000000 1659963.75000000 4104223.75000000 670.34014893    49476.02343750  38595.50781250  
0.23100    2486167.75000000 1624085.25000000 4014674.00000000 661.91833496    47922.26171875  37332.26562500  
0.23200    2431726.25000000 1589059.75000000 3927295.00000000 653.97033691    46421.26562500  36110.69531250  
0.23300    2378665.25000000 1554908.25000000 3842117.50000000 646.50445557    44973.33203125  34931.01953125  
0.23400    2326965.25000000 1521597.62500000 3759070.75000000 639.49450684    43576.61718750  33792.08203125  
0.23500    2276545.50000000 1489087.75000000 3678058.25000000 632.90686035    42227.70312500  32691.01757812  
0.23600    2227430.50000000 1457412.87500000 3599100.50000000 626.74566650    40928.11328125  31629.25781250  
0.23700    2179557.00000000 1426515.75000000 3522152.75000000 620.99365234    39674.95312500  30603.73242188  
0.23800    2132933.50000000 1396388.87500000 3447124.75000000 615.63623047    38466.73828125  29614.31835938  
0.23900    2087500.87500000 1367008.37500000 3374007.00000000 610.65380859    37301.96875000  28659.30468750  
0.24000    2043220.62500000 1338367.87500000 3302745.25000000 606.03350830    36180.31640625  27737.89648438  
0.24100    2000138.25000000 1310453.87500000 3233316.75000000 601.77563477    35100.53515625  26849.78320312  
0.24200    1958120.25000000 1283236.25000000 3165635.75000000 597.85394287    34060.10156250  25993.57421875  
0.24300    1917222.37500000 1256701.62500000 3099701.75000000 594.24725342    33058.30468750  25167.50585938  
0.24400    1877352.37500000 1230826.87500000 3035408.75000000 590.95556641    32094.34570312  24371.04101562  
0.24500    1838538.87500000 1205599.62500000 2972765.25000000 587.96063232    31166.14648438  23603.47656250  
0.24600    1800715.25000000 1181007.62500000 2911719.00000000 585.25415039    30273.46093750  22863.84570312  
0.24700    1763882.50000000 1157028.25000000 2852231.25000000 582.82672119    29415.24414062  22151.45117188  
0.24800    1728001.00000000 1133648.00000000 2794230.00000000 580.65826416    28590.15625000  21465.10156250  
0.24900    1693035.62500000 1110839.50000000 2737705.50000000 578.74206543    27795.93554688  20803.99218750  
0.25000    1658976.62500000 1088605.62500000 2682601.00000000 577.06744385    27033.70117188  20167.30859375  
0.25100    1625767.75000000 1066907.87500000 2628867.25000000 575.61450195    26300.69531250  19554.29296875  
0.25200    1593452.87500000 1045765.31250000 2576557.75000000 574.39495850    25597.72265625  18965.40039062  
0.25300    1561959.75000000 1025132.18750000 2525491.50000000 573.38214111    24922.49609375  18398.12695312  
0.25400    1531266.75000000 1005000.93750000 2475749.50000000 572.56311035    24274.52539062  17852.67382812  
0.25500    1501335.62500000 985350.93750000 2427177.25000000 571.92687988    23652.21875000  17327.58789062  
0.25600    1472178.00000000 966188.31250000 2379841.25000000 571.47979736    23055.97656250  16823.32812500  
0.25700    1443743.25000000 947483.68750000 2333666.25000000 571.19732666    22484.16406250  16338.26171875  
0.25800    1416036.37500000 929221.31250000 2288634.00000000 571.08264160    21936.49414062  15872.47167969  
0.25900    1389032.00000000 911403.56250000 2244689.00000000 571.11639404    21411.93554688  15425.37402344  
0.26000    1362696.25000000 893999.43750000 2201825.50000000 571.29071045    20909.98242188  14996.17871094  
0.26100    1337004.50000000 877007.12500000 2159960.75000000 571.59039307    20428.65234375  14583.23730469  
0.26200    1311970.50000000 860424.68750000 2119160.75000000 572.02911377    19969.48046875  14188.42382812  
0.26300    1287529.50000000 844205.25000000 2079277.00000000 572.56976318    19529.89648438  13808.97851562  
0.26400    1263707.12500000 828382.25000000 2040397.25000000 573.23016357    19110.45898438  13445.66894531  
0.26500    1240469.25000000 812915.18750000 2002430.00000000 573.98358154    18710.30664062  13097.83691406  
0.26600    1217790.37500000 797799.31250000 1965347.37500000 574.83715820    18327.80078125  12764.42187500  
0.26700    1195674.12500000 783035.93750000 1929135.87500000 575.77703857    17964.05468750  12446.06933594  
0.26800    1174091.62500000 768616.06250000 1893806.87500000 576.79254150    17617.53125000  12141.66113281  
0.26900    1153026.25000000 754502.25000000 1859258.87500000 577.87481689    17287.16601562  11850.27636719  
0.27000    1132477.00000000 740721.37500000 1825551.62500000 579.02563477    16973.67578125  11572.57226562  
0.27100    1112421.50000000 727245.93750000 1792603.25000000 580.23089600    16675.64062500  11307.55468750  
0.27200    1092859.00000000 714083.68750000 1760463.50000000 581.50341797    16394.33203125  11055.68261719  
0.27300    1073750.25000000 701207.56250000 1729029.12500000 582.80462646    16126.57910156  10815.14257812  
0.27400    1055068.37500000 688592.18750000 1698276.12500000 584.13769531    15872.14843750  10585.54882812  
0.27500    1036888.12500000 676290.87500000 1668305.37500000 585.51910400    15633.79882812  10369.11230469  
0.27600    1019090.87500000 664234.06250000 1638953.00000000 586.91320801    15407.06933594  10162.32128906  
0.27700    1001757.93750000 652463.81250000 1610326.75000000 588.34210205    15194.83886719  9967.35644531   
0.27800    984809.81250000 640934.56250000 1582333.75000000 589.77362061    14994.44824219  9782.15917969   
0.27900    968287.25000000 629676.18750000 1554985.50000000 591.22106934    14806.71875000  9607.78222656   
0.28000    952142.62500000 618655.18750000 1528249.75000000 592.67639160    14630.73339844  9443.00878906   
0.28100    936383.93750000 607877.87500000 1502142.62500000 594.12908936    14466.25488281  9287.96484375   
0.28200    921015.81250000 597347.31250000 1476632.62500000 595.58654785    14313.38281250  9142.51074219   
0.28300    906007.93750000 587049.06250000 1451710.12500000 597.03466797    14171.29882812  9006.03027344   
0.28400    891353.68750000 576966.18750000 1427366.62500000 598.46771240    14039.37109375  8878.22363281   
0.28500    877063.68750000 567123.25000000 1403589.37500000 599.88684082    13918.18066406  8759.58789062   
0.28600    863114.50000000 557488.25000000 1380342.87500000 601.28674316    13806.14941406  8648.89257812   
0.28700    849504.56250000 548073.12500000 1357651.87500000 602.66314697    13704.02343750  8546.43066406   
0.28800    836217.18750000 538860.06250000 1335471.50000000 604.01361084    13611.14648438  8451.83789062   
0.28900    823271.75000000 529872.68750000 1313855.12500000 605.34112549    13527.37109375  8365.33203125   
0.29000    810626.43750000 521077.93750000 1292708.00000000 606.62731934    13451.86328125  8285.75488281   
0.29100    798313.81250000 512493.31250000 1272094.12500000 607.88940430    13385.24316406  8214.07128906   
0.29200    786299.12500000 504095.15625000 1251962.87500000 609.11273193    13326.35839844  8149.08789062   
0.29300    774592.56250000 495902.90625000 1232334.00000000 610.29693604    13275.87792969  8091.32958984   
0.29400    763163.43750000 487890.37500000 1213144.37500000 611.43737793    13231.94140625  8039.45019531   
0.29500    752050.50000000 480079.87500000 1194460.12500000 612.54003906    13196.32617188  7994.87451172   
0.29600    741201.18750000 472442.71875000 1176205.12500000 613.59100342    13167.05957031  7955.91113281   
0.29700    730628.68750000 464987.06250000 1158402.00000000 614.59484863    13144.31347656  7922.91015625   
0.29800    720341.68750000 457717.90625000 1141075.37500000 615.55322266    13128.56933594  7896.06201172   
0.29900    710332.75000000 450628.03125000 1124182.62500000 616.46838379    13119.42285156  7875.14453125   
0.30000    700574.12500000 443704.09375000 1107688.75000000 617.32482910    13115.47851562  7858.92285156   
0.30100    691084.50000000 436960.78125000 1091664.12500000 618.13262939    13117.97070312  7848.65429688   
0.30200    681837.18750000 430373.93750000 1076006.37500000 618.88543701    13125.29980469  7842.80517578   
0.30300    672848.06250000 423966.50000000 1060790.62500000 619.58966064    13138.62597656  7842.28222656   
0.30400    664126.62500000 417723.65625000 1045983.43750000 620.24597168    13156.85546875  7846.57568359   
0.30500    655609.31250000 411631.68750000 1031549.06250000 620.83380127    13179.34863281  7854.72216797   
0.30600    647338.43750000 405696.28125000 1017502.37500000 621.36529541    13206.52050781  7867.38037109   
0.30700    639316.62500000 399927.28125000 1003855.43750000 621.85235596    13238.70800781  7884.51904297   
0.30800    631502.37500000 394303.12500000 990566.12500000 622.27050781    13274.35546875  7905.21484375   
0.30900    623927.18750000 388837.12500000 977659.62500000 622.64807129    13314.58496094  7929.95947266   
0.31000    616563.93750000 383515.96875000 965114.06250000 622.95745850    13358.21386719  7958.14355469   
0.31100    609405.87500000 378337.59375000 952895.75000000 623.21160889    13405.13671875  7989.46093750   
0.31200    602466.37500000 373302.84375000 941050.18750000 623.41180420    13455.45312500  8024.32763672   
0.31300    595730.12500000 368408.53125000 929534.81250000 623.55053711    13508.74609375  8062.00244141   
0.31400    589203.00000000 363660.65625000 918368.06250000 623.64312744    13565.39843750  8102.89404297   
0.31500    582860.81250000 359033.71875000 907509.93750000 623.66809082    13623.97070312  8146.01953125   
0.31600    576706.93750000 354545.31250000 896962.93750000 623.64416504    13685.30859375  8191.87451172   
0.31700    570744.18750000 350186.93750000 886749.68750000 623.55993652    13749.00292969  8240.06250000   
0.31800    564959.31250000 345949.96875000 876824.93750000 623.41198730    13814.28906250  8289.97656250   
0.31900    559359.81250000 341841.65625000 867206.68750000 623.22271729    13881.99414062  8342.55273438   
0.32000    553928.25000000 337851.40625000 857869.68750000 622.97064209    13950.97363281  8396.59472656   
0.32100    548660.37500000 333978.87500000 848813.43750000 622.66735840    14021.52832031  8452.21777344   
0.32200    543565.81250000 330227.78125000 840046.93750000 622.29919434    14093.46679688  8509.69921875   
0.32300    538608.81250000 326571.12500000 831514.31250000 621.87603760    14165.67187500  8567.60156250   
0.32400    533819.25000000 323030.96875000 823254.25000000 621.40063477    14239.20605469  8627.24902344   
0.32500    529169.62500000 319595.18750000 815242.75000000 620.85925293    14313.02148438  8687.38085938   
0.32600    524663.87500000 316263.59375000 807474.81250000 620.27191162    14387.62597656  8748.62011719   
0.32700    520297.09375000 313028.06250000 799941.87500000 619.63159180    14462.77343750  8810.63574219   
0.32800    516076.65625000 309897.59375000 792656.93750000 618.93725586    14538.02929688  8873.33691406   
0.32900    511968.40625000 306850.90625000 785567.37500000 618.18200684    14612.73632812  8935.82128906   
0.33000    508000.03125000 303900.81250000 778702.12500000 617.37518311    14687.88769531  8998.82128906   
0.33100    504119.28125000 301018.09375000 772001.81250000 616.49865723    14761.47558594  9061.18945312   
0.33200    500391.15625000 298245.96875000 765557.06250000 615.59399414    14835.91308594  9124.59667969   
0.33300    496757.12500000 295539.15625000 759271.06250000 614.61456299    14908.87207031  9186.99804688   
0.33400    493232.50000000 292915.25000000 753180.75000000 613.58746338    14981.23632812  9249.31054688   
0.33500    489803.12500000 290362.68750000 747249.18750000 612.50366211    15052.56152344  9310.94238281   
0.33600    486469.21875000 287881.53125000 741484.18750000 611.36303711    15122.44335938  9371.88964844   
0.33700    483224.21875000 285464.50000000 735876.18750000 610.17028809    15190.95507812  9431.99804688   
0.33800    480073.09375000 283120.40625000 730432.18750000 608.92425537    15258.55957031  9491.44726562   
0.33900    476994.06250000 280825.71875000 725107.50000000 607.61877441    15323.70410156  9549.55664062   
0.34000    473997.93750000 278600.71875000 719931.62500000 606.26196289    15387.74902344  9606.66113281   
0.34100    471073.53125000 276428.40625000 714882.81250000 604.85040283    15449.75097656  9662.34570312   
0.34200    468241.96875000 274317.34375000 709985.12500000 603.39215088    15510.41113281  9717.32812500   
0.34300    465447.00000000 272244.96875000 705160.50000000 601.86499023    15568.34277344  9770.24316406   
0.34400    462738.75000000 270234.90625000 700492.06250000 600.30078125    15624.93066406  9822.33691406   
0.34500    460074.12500000 268258.75000000 695899.06250000 598.67321777    15678.71191406  9872.26171875   
0.34600    457484.21875000 266340.56250000 691432.87500000 597.00195312    15730.90820312  9921.20410156   
0.34700    454922.37500000 264444.59375000 687018.00000000 595.26763916    15779.87500000  9967.61523438   
0.34800    452419.93750000 262597.65625000 682716.56250000 593.48937988    15826.69628906  10012.52246094  
0.34900    449957.37500000 260783.59375000 678484.37500000 591.65631104    15871.11328125  10055.60351562  
0.35000    447540.34375000 259003.06250000 674328.68750000 589.76770020    15912.87792969  10096.67089844  
0.35100    445173.43750000 257263.26562500 670268.56250000 587.84124756    15952.54101562  10136.26367188  
0.35200    442819.78125000 255535.48437500 666227.00000000 585.85003662    15988.57421875  10172.95019531  
0.35300    440505.68750000 253840.04687500 662260.18750000 583.81793213    16022.33300781  10207.98632812  
0.35400    438228.90625000 252176.06250000 658366.68750000 581.73278809    16053.36718750  10240.90820312  
0.35500    435981.46875000 250535.43750000 654517.81250000 579.60314941    16081.74414062  10271.72753906  
0.35600    433746.34375000 248906.79687500 650697.93750000 577.41870117    16107.08984375  10300.22167969  
0.35700    431541.84375000 247302.03125000 646932.25000000 575.19696045    16129.64453125  10326.66503906  
0.35800    429363.15625000 245722.60937500 643216.81250000 572.92425537    16149.80957031  10351.25488281  
0.35900    427203.12500000 244158.34375000 639533.43750000 570.61419678    16167.06445312  10373.39160156  
0.36000    425071.46875000 242612.82812500 635903.43750000 568.26281738    16181.83007812  10393.77636719  
0.36100    422937.40625000 241070.48437500 632267.75000000 565.86035156    16193.25488281  10411.51660156  
0.36200    420847.50000000 239564.37500000 628713.31250000 563.42797852    16203.02343750  10427.89843750  
0.36300    418742.71875000 238049.21875000 625135.12500000 560.95239258    16209.11132812  10441.41210938  
0.36400    416657.93750000 236549.54687500 621591.12500000 558.42919922    16212.50390625  10452.87109375  
0.36500    414580.46875000 235060.10937500 618064.12500000 555.87615967    16213.21191406  10462.26269531  
0.36600    412527.84375000 233586.75000000 614585.81250000 553.29589844    16212.19824219  10470.09667969  
0.36700    410473.56250000 232115.79687500 611098.50000000 550.67102051    16207.73144531  10475.31640625  
0.36800    408453.75000000 230671.17187500 607673.93750000 548.03088379    16202.11718750  10479.63769531  
0.36900    406432.31250000 229224.92187500 604249.37500000 545.35168457    16193.62792969  10481.66699219  
0.37000    404402.62500000 227777.46875000 600812.00000000 542.63623047    16182.03906250  10481.11035156  
0.37100    402386.25000000 226338.84375000 597400.93750000 539.89416504    16168.34863281  10479.10351562  
0.37200    400401.50000000 224921.57812500 594034.50000000 537.14575195    16153.38476562  10475.91308594  
0.37300    398410.03125000 223504.21875000 590657.93750000 534.35980225    16135.72070312  10470.59179688  
0.37400    396433.75000000 222095.07812500 587315.06250000 531.55767822    16116.44824219  10464.07226562  
0.37500    394466.78125000 220693.45312500 583984.81250000 528.73754883    16095.39062500  10455.83300781  
0.37600    392523.56250000 219307.03125000 580686.12500000 525.89959717    16072.29589844  10446.34667969  
0.37700    390572.68750000 217917.09375000 577383.62500000 523.04504395    16047.25781250  10435.14843750  
0.37800    388643.25000000 216540.95312500 574109.25000000 520.17785645    16020.96582031  10422.83496094  
0.37900    386737.15625000 215180.71875000 570879.37500000 517.30426025    15993.50683594  10409.69140625  
0.38000    384834.87500000 213823.29687500 567646.18750000 514.41320801    15964.11718750  10394.99609375  
0.38100    382936.81250000 212468.17187500 564426.43750000 511.51455688    15933.18945312  10379.01171875  
0.38200    381066.75000000 211131.21875000 561247.56250000 508.61795044    15901.55468750  10362.36132812  
0.38300    379199.71875000 209797.50000000 558071.56250000 505.70413208    15868.14746094  10344.39648438  
0.38400    377369.75000000 208483.90625000 554956.12500000 502.80081177    15834.40429688  10326.11718750  
0.38500    375538.93750000 207170.62500000 551835.56250000 499.88729858    15799.07519531  10306.44238281  
0.38600    373745.03125000 205882.51562500 548779.62500000 496.98577881    15763.66699219  10286.75292969  
0.38700    371956.40625000 204593.48437500 545717.75000000 494.07601929    15726.53320312  10265.63769531  
0.38800    370187.50000000 203321.17187500 542706.43750000 491.17410278    15689.18652344  10244.38378906  
0.38900    368439.40625000 202059.48437500 539707.50000000 488.27273560    15650.88574219  10222.24121094  
0.39000    366732.37500000 200823.14062500 536781.43750000 485.38970947    15612.76953125  10200.26660156  
0.39100    365037.90625000 199592.00000000 533870.68750000 482.50967407    15573.74023438  10177.53027344  
0.39200    363369.65625000 198378.81250000 531003.75000000 479.63897705    15534.39550781  10154.55957031  
0.39300    361723.62500000 197180.40625000 528169.81250000 476.77658081    15494.66210938  10131.10644531  
0.39400    360120.93750000 196006.81250000 525397.50000000 473.93853760    15455.30566406  10108.05468750  
0.39500    358525.71875000 194838.01562500 522641.40625000 471.10205078    15414.97949219  10084.14648438  
0.39600    356961.53125000 193688.40625000 519934.87500000 468.27606201    15374.50585938  10060.15820312  
0.39700    355428.78125000 192556.71875000 517274.43750000 465.47073364    15334.06445312  10036.09765625  
0.39800    353930.81250000 191447.17187500 514668.96875000 462.68377686    15293.88867188  10012.22363281  
0.39900    352457.81250000 190351.48437500 512099.50000000 459.90975952    15253.41796875  9988.21484375   
0.40000    351013.78125000 189275.68750000 509571.81250000 457.15652466    15213.01171875  9964.06835938   
0.40100    349598.25000000 188218.26562500 507099.68750000 454.41363525    15172.38867188  9939.81445312   
0.40200    348224.21875000 187185.14062500 504683.62500000 451.69464111    15132.32519531  9915.95410156   
0.40300    346872.34375000 186165.31250000 502302.40625000 448.98922729    15091.80078125  9891.74023438   
0.40400    345556.65625000 185167.79687500 499976.84375000 446.30505371    15051.60742188  9867.76757812   
0.40500    344272.21875000 184190.18750000 497704.53125000 443.64175415    15011.50097656  9843.91113281   
0.40600    343026.46875000 183235.82812500 495487.37500000 440.99819946    14971.82519531  9820.23242188   
0.40700    341804.96875000 182299.04687500 493316.65625000 438.37249756    14931.91894531  9796.47656250   
0.40800    340616.40625000 181381.67187500 491190.43750000 435.76327515    14891.96191406  9772.72167969   
0.40900    339454.81250000 180483.12500000 489112.21875000 433.17108154    14851.95507812  9748.91308594   
0.41000    338340.25000000 179611.54687500 487099.18750000 430.60696411    14812.61816406  9725.62988281   
0.41100    337242.18750000 178753.48437500 485123.09375000 428.05123901    14772.69921875  9701.91796875   
0.41200    336171.12500000 177911.12500000 483181.81250000 425.51522827    14732.66113281  9678.02636719   
0.41300    335143.87500000 177098.43750000 481312.34375000 423.00329590    14693.00195312  9654.55859375   
0.41400    334132.40625000 176293.64062500 479466.34375000 420.50283813    14652.81445312  9630.67675781   
0.41500    333159.68750000 175516.62500000 477688.68750000 418.02154541    14612.79882812  9607.00976562   
0.41600    332193.71875000 174744.60937500 475922.68750000 415.54763794    14571.91015625  9582.59765625   
0.41700    331272.68750000 174001.26562500 474225.06250000 413.10122681    14531.32519531  9558.60058594   
0.41800    330387.50000000 173282.00000000 472586.40625000 410.67355347    14491.01269531  9534.79589844   
0.41900    329489.68750000 172556.35937500 470931.37500000 408.24551392    14448.72949219  9509.46679688   
0.42000    328636.56250000 171860.68750000 469345.71875000 405.84118652    14406.98437500  9484.70019531   
0.42100    327810.71875000 171186.09375000 467807.90625000 403.45480347    14364.94140625  9459.60351562   
0.42200    327002.21875000 170520.79687500 466297.09375000 401.07955933    14322.17187500  9434.16699219   
0.42300    326199.93750000 169863.32812500 464799.21875000 398.71374512    14278.47558594  9407.92968750   
0.42400    325418.37500000 169222.62500000 463339.71875000 396.35839844    14234.02246094  9381.31933594   
0.42500    324656.03125000 168595.50000000 461914.37500000 394.02062988    14188.98046875  9354.39062500   
0.42600    323896.28125000 167970.42187500 460494.96875000 391.68844604    14142.83105469  9326.48730469   
0.42700    323167.00000000 167369.18750000 459123.84375000 389.37783813    14096.36914062  9298.58593750   
0.42800    322431.81250000 166768.34375000 457756.75000000 387.07046509    14048.26171875  9269.53515625   
0.42900    321728.62500000 166187.39062500 456430.59375000 384.78405762    13999.89355469  9240.34082031   
0.43000    321017.53125000 165608.17187500 455106.37500000 382.50280762    13950.16601562  9210.15234375   
0.43100    320301.53125000 165025.10937500 453766.37500000 380.22463989    13898.56835938  9178.62304688   
0.43200    319606.56250000 164463.01562500 452474.78125000 377.96768188    13846.69726562  9147.12500000   
0.43300    318903.71875000 163899.35937500 451176.90625000 375.71621704    13793.19628906  9114.37304688   
0.43400    318207.46875000 163341.85937500 449889.78125000 373.48141479    13738.38769531  9080.71191406   
0.43500    317503.40625000 162785.18750000 448596.78125000 371.25082397    13682.07519531  9046.04394531   
0.43600    316815.87500000 162240.34375000 447331.06250000 369.04455566    13625.11230469  9011.13476562   
0.43700    316102.84375000 161687.15625000 446036.46875000 366.83712769    13566.03320312  8974.60253906   
0.43800    315381.68750000 161132.48437500 444728.84375000 364.64544678    13505.31347656  8936.96582031   
0.43900    314664.87500000 160584.48437500 443441.62500000 362.47171021    13443.66503906  8898.78906250   
0.44000    313937.06250000 160035.73437500 442138.03125000 360.30966187    13380.26855469  8859.48046875   
0.44100    313200.56250000 159484.20312500 440829.03125000 358.16244507    13315.45898438  8819.22851562   
0.44200    312452.25000000 158931.59375000 439509.03125000 356.03250122    13249.16601562  8777.92968750   
0.44300    311690.71875000 158377.67187500 438176.53125000 353.91619873    13181.28027344  8735.66210938   
0.44400    310917.46875000 157820.82812500 436831.81250000 351.82150269    13112.18847656  8692.56250000   
0.44500    310110.09375000 157246.62500000 435435.90625000 349.73550415    13040.61035156  8647.76464844   
0.44600    309295.53125000 156674.09375000 434037.71875000 347.67279053    12967.91796875  8602.32226562   
0.44700    308478.71875000 156105.39062500 432640.90625000 345.64035034    12894.22460938  8556.19140625   
0.44800    307622.62500000 155516.82812500 431190.65625000 343.61740112    12818.44042969  8508.69238281   
0.44900    306766.46875000 154936.17187500 429750.75000000 341.63049316    12741.97363281  8460.81933594   
0.45000    305888.03125000 154346.62500000 428285.12500000 339.67098999    12664.17187500  8412.12402344   
0.45100    304970.03125000 153739.75000000 426760.34375000 337.72579956    12584.06347656  8361.94238281   
0.45200    304046.81250000 153133.31250000 425236.40625000 335.81677246    12503.33984375  8311.30957031   
0.45300    303090.00000000 152513.40625000 423671.90625000 333.93243408    12421.00781250  8259.76464844   
0.45400    302123.12500000 151892.68750000 422092.15625000 332.08337402    12337.79980469  8207.72070312   
0.45500    301129.59375000 151262.56250000 420482.78125000 330.27011108    12253.52343750  8154.98632812   
0.45600    300110.31250000 150619.70312500 418840.21875000 328.48907471    12168.06152344  8101.54443359   
0.45700    299073.87500000 149974.96875000 417178.06250000 326.74459839    12081.77734375  8047.75146484   
0.45800    298003.40625000 149314.48437500 415473.90625000 325.04211426    11994.48535156  7993.28222656   
0.45900    296914.53125000 148648.51562500 413744.40625000 323.37161255    11906.09375000  7938.24072266   
0.46000    295816.03125000 147982.37500000 412011.12500000 321.75463867    11817.97070312  7883.48974609   
0.46100    294669.71875000 147292.95312500 410212.06250000 320.16937256    11728.07910156  7827.64355469   
0.46200    293526.59375000 146611.62500000 408422.93750000 318.63967896    11638.60742188  7772.37500000   
0.46300    292347.18750000 145913.90625000 406586.53125000 317.15261841    11548.29394531  7716.58740234   
0.46400    291144.40625000 145205.84375000 404717.68750000 315.70904541    11457.50390625  7660.60400391   
0.46500    289933.37500000 144500.65625000 402850.18750000 314.32299805    11366.96289062  7605.00537109   
0.46600    288692.96875000 143781.62500000 400936.75000000 312.98150635    11276.08105469  7549.26123047   
0.46700    287427.71875000 143053.07812500 398998.40625000 311.69171143    11184.88671875  7493.51318359   
0.46800    286164.03125000 142331.56250000 397069.96875000 310.46780396    11094.71093750  7438.72363281   
0.46900    284863.28125000 141593.76562500 395087.43750000 309.28472900    11003.85937500  7383.61035156   
0.47000    283549.12500000 140853.28125000 393096.50000000 308.16680908    10913.76660156  7329.13134766   
0.47100    282226.00000000 140109.65625000 391094.37500000 307.10211182    10824.11621094  7275.17675781   
0.47200    280885.28125000 139361.82812500 389074.34375000 306.09490967    10735.11132812  7221.92431641   
0.47300    279538.40625000 138617.28125000 387050.31250000 305.15155029    10646.95898438  7169.35302734   
0.47400    278163.43750000 137856.32812500 384985.06250000 304.25665283    10558.87109375  7117.03662109   
0.47500    276786.62500000 137103.81250000 382933.21875000 303.42852783    10472.19531250  7065.95019531   
0.47600    275413.71875000 136355.07812500 380887.53125000 302.66500854    10386.95898438  7016.05224609   
0.47700    274003.53125000 135590.06250000 378794.09375000 301.94558716    10301.71093750  6966.21630859   
0.47800    272599.78125000 134832.54687500 376711.06250000 301.29840088    10218.17968750  6917.88281250   
0.47900    271200.53125000 134080.70312500 374646.00000000 300.71340942    10136.34472656  6870.88281250   
0.48000    269776.40625000 133322.18750000 372550.06250000 300.17956543    10055.16503906  6824.53417969   
0.48100    268377.71875000 132578.04687500 370497.18750000 299.71792603    9976.30468750   6780.05761719   
0.48200    266941.15625000 131816.18750000 368388.28125000 299.29669189    9897.74414062   6735.75878906   
0.48300    265514.87500000 131064.33593750 366302.53125000 298.93942261    9821.20019531   6693.14355469   
0.48400    264096.31250000 130320.14843750 364231.59375000 298.64093018    9746.53906250   6651.99169922   
0.48500    262676.09375000 129580.81250000 362166.81250000 298.39971924    9673.51953125   6612.14013672   
0.48600    261265.43750000 128847.78906250 360117.65625000 298.21484375    9602.45703125   6573.83593750   
0.48700    259852.51562500 128117.67968750 358072.84375000 298.08065796    9533.04101562   6536.76855469   
0.48800    258434.34375000 127385.92968750 356018.40625000 297.99426270    9465.10546875   6500.80078125   
0.48900    257030.75000000 126665.32031250 353994.78125000 297.95837402    9399.15527344   6466.45849609   
0.49000    255634.06250000 125953.44531250 351985.93750000 297.97418213    9335.30664062   6433.71875000   
0.49100    254256.71875000 125253.21875000 350009.21875000 298.03872681    9273.76171875   6402.68798828   
0.49200    252871.65625000 124550.69531250 348025.21875000 298.14285278    9213.53222656   6372.62646484   
0.49300    251501.71875000 123860.41406250 346066.65625000 298.29019165    9155.51855469   6344.13427734   
0.49400    250144.76562500 123178.29687500 344127.75000000 298.47479248    9099.33886719   6317.17968750   
0.49500    248793.29687500 122501.64062500 342204.50000000 298.69665527    9045.00195312   6291.46142578   
0.49600    247465.95312500 121841.14843750 340320.93750000 298.95825195    8993.13574219   6267.51269531   
0.49700    246138.25000000 121181.49218750 338434.43750000 299.24740601    8942.63378906   6244.51757812   
0.49800    244835.71875000 120536.81250000 336589.65625000 299.56588745    8894.33007812   6223.23291016   
0.49900    243534.31250000 119893.64062500 334748.09375000 299.90917969    8847.34570312   6202.85156250   
0.50000    242257.71875000 119266.41406250 332948.90625000 300.27713013    8802.67773438   6183.98242188   
