# SAXS profile: number of points = 501, q_min = 0, q_max = 0.5, delta_q = 0.001
#    q    intensity 
0.00000    68461728.00000000 41715284.00000000 106882064.00000000 43972.97656250  3470187.00000000 2708747.00000000 
0.00100    68454472.00000000 41710488.00000000 106869840.00000000 43966.62500000  3469720.00000000 2708393.50000000 
0.00200    68432352.00000000 41696400.00000000 106834208.00000000 43946.81640625  3468343.75000000 2707328.50000000 
0.00300    68394272.00000000 41672944.00000000 106773232.00000000 43914.46875000  3466062.00000000 2705558.00000000 
0.00400    68340176.00000000 41639968.00000000 106688608.00000000 43869.12500000  3462870.25000000 2703065.75000000 
0.00500    68270160.00000000 41597680.00000000 106580568.00000000 43811.00000000  3458763.25000000 2699880.00000000 
0.00600    68184408.00000000 41546436.00000000 106447048.00000000 43739.83203125  3453755.25000000 2696001.00000000 
0.00700    68083224.00000000 41485880.00000000 106291472.00000000 43656.12890625  3447859.50000000 2691404.75000000 
0.00800    67966120.00000000 41415940.00000000 106111464.00000000 43559.56250000  3441042.25000000 2686098.75000000 
0.00900    67834624.00000000 41336984.00000000 105908424.00000000 43450.46875000  3433361.25000000 2680138.25000000 
0.01000    67688840.00000000 41248852.00000000 105680632.00000000 43328.77734375  3424764.75000000 2673461.50000000 
0.01100    67528464.00000000 41151904.00000000 105430024.00000000 43194.85156250  3415325.50000000 2666128.25000000 
0.01200    67352272.00000000 41045344.00000000 105156816.00000000 43048.59765625  3405003.25000000 2658097.25000000 
0.01300    67160880.00000000 40930244.00000000 104860920.00000000 42890.28515625  3393826.00000000 2649421.75000000 
0.01400    66955540.00000000 40806552.00000000 104541624.00000000 42720.04687500  3381798.50000000 2640067.00000000 
0.01500    66735808.00000000 40674152.00000000 104200408.00000000 42537.77343750  3368924.50000000 2630070.75000000 
0.01600    66501772.00000000 40533072.00000000 103836440.00000000 42344.00390625  3355236.25000000 2619418.50000000 
0.01700    66253492.00000000 40383356.00000000 103451512.00000000 42138.63281250  3340723.25000000 2608138.00000000 
0.01800    65991392.00000000 40225660.00000000 103044072.00000000 41922.28515625  3325400.00000000 2596227.25000000 
0.01900    65715612.00000000 40059292.00000000 102616288.00000000 41694.48437500  3309292.25000000 2583695.00000000 
0.02000    65426336.00000000 39884988.00000000 102167176.00000000 41456.03906250  3292409.50000000 2570572.25000000 
0.02100    65123768.00000000 39702476.00000000 101697224.00000000 41206.77734375  3274746.25000000 2556855.00000000 
0.02200    64808032.00000000 39512176.00000000 101206600.00000000 40947.02343750  3256335.00000000 2542530.50000000 
0.02300    64479736.00000000 39314336.00000000 100697176.00000000 40677.05468750  3237189.50000000 2527648.50000000 
0.02400    64138704.00000000 39108628.00000000 100167376.00000000 40397.41406250  3217324.00000000 2512198.75000000 
0.02500    63785172.00000000 38895704.00000000 99618512.00000000 40107.83593750  3196762.50000000 2496210.00000000 
0.02600    63420052.00000000 38675344.00000000 99050872.00000000 39808.65234375  3175504.00000000 2479676.50000000 
0.02700    63042872.00000000 38447748.00000000 98464992.00000000 39500.47656250  3153579.75000000 2462643.25000000 
0.02800    62653792.00000000 38213388.00000000 97861152.00000000 39183.29687500  3130998.75000000 2445088.75000000 
0.02900    62253884.00000000 37972244.00000000 97240104.00000000 38857.29296875  3107775.75000000 2427024.50000000 
0.03000    61843152.00000000 37724512.00000000 96601904.00000000 38523.01171875  3083950.50000000 2408501.00000000 
0.03100    61421408.00000000 37470216.00000000 95946960.00000000 38180.58984375  3059509.25000000 2389500.75000000 
0.03200    60989448.00000000 37209532.00000000 95275720.00000000 37830.57421875  3034509.75000000 2370052.75000000 
0.03300    60547328.00000000 36942968.00000000 94589608.00000000 37472.71093750  3008944.25000000 2350171.50000000 
0.03400    60095780.00000000 36670448.00000000 93887680.00000000 37107.68359375  2982827.00000000 2329869.75000000 
0.03500    59634244.00000000 36392048.00000000 93171072.00000000 36736.03515625  2956191.50000000 2309158.00000000 
0.03600    59164092.00000000 36108260.00000000 92440152.00000000 36357.54296875  2929062.75000000 2288066.00000000 
0.03700    58684968.00000000 35819120.00000000 91695480.00000000 35972.81640625  2901455.75000000 2266589.25000000 
0.03800    58197276.00000000 35524852.00000000 90938464.00000000 35582.20312500  2873393.75000000 2244752.00000000 
0.03900    57701364.00000000 35225732.00000000 90168176.00000000 35185.71484375  2844897.50000000 2222578.50000000 
0.04000    57197812.00000000 34921920.00000000 89385576.00000000 34783.94140625  2815967.50000000 2200079.75000000 
0.04100    56686964.00000000 34613484.00000000 88591648.00000000 34377.20312500  2786649.75000000 2177287.00000000 
0.04200    56168760.00000000 34300612.00000000 87786376.00000000 33965.70703125  2756964.25000000 2154183.50000000 
0.04300    55643896.00000000 33983664.00000000 86970728.00000000 33549.95312500  2726922.00000000 2130801.25000000 
0.04400    55112420.00000000 33663016.00000000 86144840.00000000 33129.91015625  2696541.00000000 2107180.00000000 
0.04500    54575044.00000000 33338392.00000000 85309640.00000000 32706.17773438  2665856.75000000 2083304.37500000 
0.04600    54031932.00000000 33010310.00000000 84465328.00000000 32278.94140625  2634871.00000000 2059203.62500000 
0.04700    53483232.00000000 32679024.00000000 83612480.00000000 31848.72070312  2603632.75000000 2034889.75000000 
0.04800    52929500.00000000 32344620.00000000 82751768.00000000 31415.64453125  2572144.50000000 2010388.62500000 
0.04900    52371016.00000000 32007260.00000000 81884072.00000000 30980.05468750  2540444.75000000 1985715.87500000 
0.05000    51808552.00000000 31667408.00000000 81009376.00000000 30542.38671875  2508523.00000000 1960874.62500000 
0.05100    51241632.00000000 31324942.00000000 80128024.00000000 30102.71289062  2476413.50000000 1935896.12500000 
0.05200    50671332.00000000 30980256.00000000 79241208.00000000 29661.44335938  2444158.75000000 1910784.25000000 
0.05300    50097360.00000000 30633462.00000000 78348744.00000000 29218.93945312  2411754.50000000 1885561.87500000 
0.05400    49520524.00000000 30284824.00000000 77451976.00000000 28775.52734375  2379229.50000000 1860245.37500000 
0.05500    48941232.00000000 29934490.00000000 76550760.00000000 28331.38476562  2346601.00000000 1834848.00000000 
0.05600    48359160.00000000 29582786.00000000 75646080.00000000 27886.89257812  2313893.75000000 1809392.62500000 
0.05700    47775372.00000000 29229820.00000000 74738000.00000000 27442.34765625  2281135.00000000 1783884.25000000 
0.05800    47189784.00000000 28875766.00000000 73827208.00000000 26997.94921875  2248333.75000000 1758341.75000000 
0.05900    46603072.00000000 28520888.00000000 72914440.00000000 26553.88085938  2215504.25000000 1732782.50000000 
0.06000    46015088.00000000 28165284.00000000 72000448.00000000 26110.68554688  2182682.25000000 1707217.50000000 
0.06100    45426204.00000000 27809286.00000000 71084248.00000000 25668.46679688  2149870.00000000 1681672.00000000 
0.06200    44837220.00000000 27452900.00000000 70167920.00000000 25227.48828125  2117089.25000000 1656149.75000000 
0.06300    44248196.00000000 27096524.00000000 69252048.00000000 24788.04687500  2084365.37500000 1630660.00000000 
0.06400    43659124.00000000 26739936.00000000 68335072.00000000 24350.32617188  2051707.62500000 1605224.37500000 
0.06500    43070724.00000000 26383926.00000000 67419672.00000000 23914.63476562  2019141.25000000 1579863.00000000 
0.06600    42483084.00000000 26028122.00000000 66505144.00000000 23480.98242188  1986676.87500000 1554570.25000000 
0.06700    41896428.00000000 25673066.00000000 65592304.00000000 23050.00976562  1954334.75000000 1529373.62500000 
0.06800    41310908.00000000 25318662.00000000 64681312.00000000 22621.58789062  1922131.87500000 1504282.75000000 
0.06900    40727480.00000000 24965206.00000000 63772984.00000000 22196.08593750  1890070.25000000 1479315.25000000 
0.07000    40145424.00000000 24612818.00000000 62867424.00000000 21773.58984375  1858191.37500000 1454466.50000000 
0.07100    39565836.00000000 24261760.00000000 61965336.00000000 21354.35742188  1826484.75000000 1429756.75000000 
0.07200    38988592.00000000 23912000.00000000 61066632.00000000 20938.67578125  1794969.25000000 1405202.12500000 
0.07300    38414120.00000000 23563938.00000000 60171996.00000000 20526.60546875  1763671.87500000 1380806.12500000 
0.07400    37842436.00000000 23217510.00000000 59281964.00000000 20118.36718750  1732599.87500000 1356595.12500000 
0.07500    37273692.00000000 22872828.00000000 58396556.00000000 19714.08593750  1701759.25000000 1332556.25000000 
0.07600    36708332.00000000 22530166.00000000 57516276.00000000 19313.99218750  1671162.87500000 1308702.37500000 
0.07700    36146824.00000000 22189688.00000000 56641992.00000000 18918.16601562  1640830.75000000 1285059.37500000 
0.07800    35588988.00000000 21851480.00000000 55772944.00000000 18526.63281250  1610775.50000000 1261618.12500000 
0.07900    35034904.00000000 21515564.00000000 54909952.00000000 18139.87695312  1580985.62500000 1238403.50000000 
0.08000    34485176.00000000 21182168.00000000 54053628.00000000 17757.71484375  1551499.75000000 1215407.87500000 
0.08100    33939808.00000000 20851220.00000000 53204136.00000000 17380.27539062  1522311.25000000 1192643.50000000 
0.08200    33398938.00000000 20523168.00000000 52361480.00000000 17007.88867188  1493432.00000000 1170128.75000000 
0.08300    32862830.00000000 20197836.00000000 51526184.00000000 16640.53125000  1464881.00000000 1147853.75000000 
0.08400    32331472.00000000 19875406.00000000 50698272.00000000 16278.15429688  1436644.62500000 1125832.50000000 
0.08500    31805258.00000000 19555942.00000000 49878264.00000000 15921.08007812  1408755.50000000 1104071.37500000 
0.08600    31284100.00000000 19239650.00000000 49066036.00000000 15569.15527344  1381195.75000000 1082575.12500000 
0.08700    30768270.00000000 18926382.00000000 48262236.00000000 15222.73437500  1353989.37500000 1061348.62500000 
0.08800    30257914.00000000 18616384.00000000 47466688.00000000 14881.59667969  1327139.75000000 1040403.43750000 
0.08900    29753184.00000000 18309828.00000000 46679960.00000000 14545.91601562  1300653.50000000 1019731.31250000 
0.09000    29254038.00000000 18006662.00000000 45901844.00000000 14215.81445312  1274538.12500000 999346.75000000 
0.09100    28760784.00000000 17707092.00000000 45132812.00000000 13891.19921875  1248779.62500000 979248.68750000 
0.09200    28273370.00000000 17410866.00000000 44373052.00000000 13572.13281250  1223394.50000000 959436.62500000 
0.09300    27792078.00000000 17118334.00000000 43622372.00000000 13258.77441406  1198396.12500000 939925.25000000 
0.09400    27316732.00000000 16829502.00000000 42881472.00000000 12950.97363281  1173772.37500000 920705.93750000 
0.09500    26847536.00000000 16544227.00000000 42149588.00000000 12648.84667969  1149542.75000000 901781.87500000 
0.09600    26384550.00000000 16262727.00000000 41427712.00000000 12352.36425781  1125696.00000000 883163.43750000 
0.09700    25927960.00000000 15985044.00000000 40715496.00000000 12061.49414062  1102231.87500000 864847.43750000 
0.09800    25477768.00000000 15711210.00000000 40013264.00000000 11776.33398438  1079154.50000000 846832.56250000 
0.09900    25033908.00000000 15441239.00000000 39321060.00000000 11496.78417969  1056487.12500000 829117.18750000 
0.10000    24596576.00000000 15175074.00000000 38638568.00000000 11222.88671875  1034193.56250000 811711.56250000 
0.10100    24165548.00000000 14912881.00000000 37966028.00000000 10954.51074219  1012298.81250000 794607.50000000 
0.10200    23741204.00000000 14654586.00000000 37303852.00000000 10691.77050781  990791.50000000 777814.00000000 
0.10300    23323220.00000000 14400269.00000000 36651976.00000000 10434.47753906  969678.06250000 761314.25000000 
0.10400    22911872.00000000 14149817.00000000 36009980.00000000 10182.83496094  948952.87500000 745122.81250000 
0.10500    22507184.00000000 13903385.00000000 35378192.00000000 9936.54589844   928617.75000000 729234.87500000 
0.10600    22108898.00000000 13660880.00000000 34756732.00000000 9695.64941406   908668.87500000 713649.12500000 
0.10700    21717280.00000000 13422359.00000000 34145560.00000000 9460.18359375   889106.37500000 698361.81250000 
0.10800    21332224.00000000 13187748.00000000 33544230.00000000 9229.98632812   869925.00000000 683369.06250000 
0.10900    20953688.00000000 12957140.00000000 32953302.00000000 9005.05664062   851127.87500000 668675.87500000 
0.11000    20581594.00000000 12730535.00000000 32372532.00000000 8785.28320312   832702.93750000 654278.25000000 
0.11100    20216106.00000000 12507797.00000000 31801774.00000000 8570.65820312   814654.50000000 640171.06250000 
0.11200    19856992.00000000 12288873.00000000 31241136.00000000 8361.04199219   796974.31250000 626350.06250000 
0.11300    19504254.00000000 12073926.00000000 30690232.00000000 8156.41210938   779663.31250000 612814.56250000 
0.11400    19158018.00000000 11862814.00000000 30149516.00000000 7956.74609375   762715.56250000 599562.43750000 
0.11500    18818128.00000000 11655598.00000000 29618690.00000000 7761.91259766   746128.12500000 586593.50000000 
0.11600    18484466.00000000 11452195.00000000 29097734.00000000 7571.77880859   729893.06250000 573900.68750000 
0.11700    18157212.00000000 11252540.00000000 28586468.00000000 7386.41064453   714014.12500000 561477.43750000 
0.11800    17835996.00000000 11056610.00000000 28084682.00000000 7205.54345703   698475.06250000 549327.56250000 
0.11900    17520870.00000000 10864510.00000000 27592598.00000000 7029.20458984   683273.37500000 537440.12500000 
0.12000    17211884.00000000 10675990.00000000 27109638.00000000 6857.23535156   668412.06250000 525812.62500000 
0.12100    16908950.00000000 10491166.00000000 26636440.00000000 6689.70410156   653879.25000000 514447.59375000 
0.12200    16611772.00000000 10309883.00000000 26172380.00000000 6526.35156250   639672.12500000 503331.53125000 
0.12300    16320546.00000000 10132223.00000000 25717362.00000000 6367.18310547   625781.81250000 492468.50000000 
0.12400    16035073.00000000 9957948.00000000 25271324.00000000 6212.09082031   612209.56250000 481845.75000000 
0.12500    15755288.00000000 9787214.00000000 24834074.00000000 6060.93652344   598946.43750000 471465.84375000 
0.12600    15481180.00000000 9619913.00000000 24405748.00000000 5913.69726562   585985.50000000 461323.68750000 
0.12700    15212587.00000000 9455950.00000000 23985914.00000000 5770.25585938   573312.43750000 451413.28125000 
0.12800    14949335.00000000 9295279.00000000 23574646.00000000 5630.48681641   560938.50000000 441726.43750000 
0.12900    14691529.00000000 9137844.00000000 23171732.00000000 5494.37255859   548848.87500000 432262.46875000 
0.13000    14439027.00000000 8983646.00000000 22777090.00000000 5361.78662109   537035.12500000 423016.81250000 
0.13100    14191554.00000000 8832613.00000000 22390390.00000000 5232.61572266   525494.50000000 413980.78125000 
0.13200    13949264.00000000 8684632.00000000 22011640.00000000 5106.77539062   514219.09375000 405157.31250000 
0.13300    13711884.00000000 8539701.00000000 21640680.00000000 4984.22509766   503205.84375000 396536.25000000 
0.13400    13479450.00000000 8397745.00000000 21277286.00000000 4864.81738281   492445.03125000 388112.56250000 
0.13500    13251814.00000000 8258711.00000000 20921486.00000000 4748.50830078   481936.03125000 379882.90625000 
0.13600    13028807.00000000 8122499.00000000 20572892.00000000 4635.21923828   471667.53125000 371842.65625000 
0.13700    12810414.00000000 7989130.50000000 20231650.00000000 4524.80224609   461634.71875000 363988.62500000 
0.13800    12596536.00000000 7858536.00000000 19897302.00000000 4417.22998047   451833.53125000 356312.68750000 
0.13900    12387111.00000000 7730559.50000000 19569848.00000000 4312.40673828   442254.59375000 348811.93750000 
0.14000    12181896.00000000 7605303.50000000 19249078.00000000 4210.25927734   432896.50000000 341481.78125000 
0.14100    11980980.00000000 7482521.50000000 18934914.00000000 4110.65576172   423750.53125000 334319.40625000 
0.14200    11784080.00000000 7362266.00000000 18627118.00000000 4013.61840820   414809.81250000 327317.00000000 
0.14300    11591193.00000000 7244453.00000000 18325624.00000000 3918.97583008   406073.06250000 320473.81250000 
0.14400    11402217.00000000 7128998.00000000 18030152.00000000 3826.68310547   397528.00000000 313779.21875000 
0.14500    11217132.00000000 7015965.50000000 17740750.00000000 3736.69897461   389175.53125000 307236.03125000 
0.14600    11035673.00000000 6905101.00000000 17457218.00000000 3648.91357422   381009.21875000 300837.62500000 
0.14700    10857849.00000000 6796508.50000000 17179090.00000000 3563.29565430   373022.56250000 294580.50000000 
0.14800    10683588.00000000 6690063.50000000 16906720.00000000 3479.73779297   365205.56250000 288456.34375000 
0.14900    10512708.00000000 6585655.50000000 16639510.00000000 3398.18457031   357561.15625000 282463.34375000 
0.15000    10345214.00000000 6483335.00000000 16377663.00000000 3318.58740234   350078.21875000 276601.46875000 
0.15100    10180876.00000000 6382962.00000000 16120755.00000000 3240.87670898   342755.96875000 270860.93750000 
0.15200    10019761.00000000 6284548.00000000 15868933.00000000 3165.02709961   335586.90625000 265243.34375000 
0.15300    9861792.00000000 6188009.50000000 15621872.00000000 3090.88989258   328569.28125000 259740.82812500 
0.15400    9706614.00000000 6093240.50000000 15379315.00000000 3018.48437500   321692.53125000 254350.93750000 
0.15500    9554479.00000000 6000290.00000000 15141417.00000000 2947.75268555   314959.56250000 249070.20312500 
0.15600    9405061.00000000 5909000.00000000 14907876.00000000 2878.61352539   308362.00000000 243896.50000000 
0.15700    9258481.00000000 5819428.50000000 14678591.00000000 2811.04980469   301896.18750000 238825.26562500 
0.15800    9114382.00000000 5731427.00000000 14453361.00000000 2744.96313477   295557.65625000 233853.14062500 
0.15900    8972993.00000000 5645014.00000000 14232184.00000000 2680.35864258   289341.75000000 228977.84375000 
0.16000    8833961.00000000 5560076.00000000 14014841.00000000 2617.17846680   283246.81250000 224194.81250000 
0.16100    8697490.00000000 5476657.50000000 13801398.00000000 2555.37329102   277268.43750000 219504.03125000 
0.16200    8563257.00000000 5394632.00000000 13591436.00000000 2494.89355469   271401.78125000 214900.65625000 
0.16300    8431308.00000000 5313976.00000000 13385095.00000000 2435.73242188   265645.87500000 210381.12500000 
0.16400    8301512.50000000 5234652.00000000 13182129.00000000 2377.81811523   259994.64062500 205945.70312500 
0.16500    8173889.00000000 5156622.50000000 12982444.00000000 2321.12963867   254444.92187500 201588.75000000 
0.16600    8048322.00000000 5079854.50000000 12786075.00000000 2265.62304688   248998.43750000 197308.79687500 
0.16700    7924692.50000000 5004296.50000000 12592645.00000000 2211.27124023   243645.07812500 193103.26562500 
0.16800    7803069.00000000 4929883.00000000 12402378.00000000 2158.06250000   238385.85937500 188971.62500000 
0.16900    7683275.50000000 4856638.50000000 12214946.00000000 2105.96093750   233219.17187500 184911.76562500 
0.17000    7565258.00000000 4784434.50000000 12030323.00000000 2054.91699219   228140.68750000 180918.42187500 
0.17100    7449035.00000000 4713342.50000000 11848458.00000000 2004.92224121   223146.79687500 176992.17187500 
0.17200    7334468.00000000 4643246.00000000 11669156.00000000 1955.94311523   218236.95312500 173130.89062500 
0.17300    7221592.00000000 4574144.50000000 11492492.00000000 1907.96118164   213409.14062500 169332.98437500 
0.17400    7110333.50000000 4506007.00000000 11318286.00000000 1860.97753906   208660.65625000 165596.59375000 
0.17500    7000593.00000000 4438816.50000000 11146457.00000000 1814.93603516   203989.29687500 161919.56250000 
0.17600    6892332.50000000 4372476.00000000 10976945.00000000 1769.81823730   199391.29687500 158299.09375000 
0.17700    6785537.00000000 4307060.50000000 10809701.00000000 1725.64306641   194867.73437500 154737.59375000 
0.17800    6680159.00000000 4242469.50000000 10644679.00000000 1682.33703613   190416.10937500 151229.23437500 
0.17900    6576149.00000000 4178709.00000000 10481779.00000000 1639.94628906   186033.96875000 147776.95312500 
0.18000    6473438.00000000 4115731.50000000 10320857.00000000 1598.41906738   181722.53125000 144376.67187500 
0.18100    6372118.00000000 4053564.25000000 10162015.00000000 1557.76208496   177478.00000000 141029.46875000 
0.18200    6271952.00000000 3992091.50000000 10005066.00000000 1517.91711426   173296.95312500 137730.92187500 
0.18300    6173068.50000000 3931369.75000000 9850001.00000000 1478.91601562   169180.59375000 134481.40625000 
0.18400    6075376.50000000 3871362.75000000 9696801.00000000 1440.72119141   165128.89062500 131283.04687500 
0.18500    5978836.50000000 3812032.00000000 9545405.00000000 1403.35437012   161138.89062500 128131.67187500 
0.18600    5883439.50000000 3753395.50000000 9395751.00000000 1366.76062012   157209.82812500 125026.89843750 
0.18700    5789130.00000000 3695374.00000000 9247769.00000000 1330.96716309   153340.32812500 121968.44531250 
0.18800    5695909.50000000 3638008.00000000 9101393.00000000 1295.94372559   149530.20312500 118955.25781250 
0.18900    5603760.50000000 3581293.75000000 8956773.00000000 1261.69458008   145779.50000000 115987.79687500 
0.19000    5512584.00000000 3525126.25000000 8813576.00000000 1228.18762207   142083.98437500 113062.91406250 
0.19100    5422535.50000000 3469625.50000000 8672107.00000000 1195.46826172   138448.50000000 110184.54687500 
0.19200    5333393.00000000 3414647.75000000 8532033.00000000 1163.45837402   134866.42187500 107346.78906250 
0.19300    5245268.50000000 3360275.00000000 8393594.00000000 1132.21728516   131342.82812500 104553.60156250 
0.19400    5158107.50000000 3306453.25000000 8256493.00000000 1101.68762207   127871.67968750 101801.81250000 
0.19500    5071870.00000000 3253176.75000000 8120853.50000000 1071.88879395   124456.43750000 99092.07812500  
0.19600    4986591.00000000 3200458.25000000 7986671.00000000 1042.80676270   121095.10156250 96423.60937500  
0.19700    4902205.50000000 3148242.25000000 7853830.00000000 1014.43609619   117787.24218750 93796.93750000  
0.19800    4818713.00000000 3096578.25000000 7722438.50000000 986.76818848    114532.35156250 91210.64062500  
0.19900    4736153.00000000 3045450.25000000 7592436.50000000 959.81365967    111331.55468750 88665.86718750  
0.20000    4654455.50000000 2994784.50000000 7463704.00000000 933.54266357    108181.78906250 86160.40625000  
0.20100    4573607.00000000 2944652.50000000 7336331.00000000 907.96893311    105085.46875000 83695.77343750  
0.20200    4493677.50000000 2895024.00000000 7210275.00000000 883.06384277    102039.89062500 81271.32812500  
0.20300    4414609.50000000 2845907.75000000 7085563.50000000 858.86328125    99047.30468750  78886.65625000  
0.20400    4336371.50000000 2797274.00000000 6962120.50000000 835.32495117    96105.09375000  76541.51562500  
0.20500    4259004.50000000 2749140.00000000 6839968.00000000 812.45135498    93214.28125000  74235.95312500  
0.20600    4182422.00000000 2701457.25000000 6719093.00000000 790.23596191    90374.82031250  71969.07031250  
0.20700    4106731.25000000 2654305.25000000 6599532.00000000 768.68060303    87586.68750000  69742.63281250  
0.20800    4031857.75000000 2607596.75000000 6481222.50000000 747.77294922    84847.75781250  67553.95312500  
0.20900    3957898.00000000 2561423.75000000 6364255.50000000 727.53735352    82161.86718750  65406.86718750  
0.21000    3884686.00000000 2515696.75000000 6248500.00000000 707.91143799    79523.92187500  63296.45312500  
0.21100    3812326.00000000 2470456.00000000 6133977.00000000 688.93109131    76937.46093750  61225.78515625  
0.21200    3740804.00000000 2425700.75000000 6020749.50000000 670.57318115    74400.46875000  59193.64843750  
0.21300    3670092.50000000 2381416.00000000 5908797.50000000 652.83630371    71912.94531250  57199.77734375  
0.21400    3600226.50000000 2337632.00000000 5798089.00000000 635.71911621    69476.37500000  55245.06640625  
0.21500    3531218.00000000 2294332.00000000 5688723.00000000 619.22186279    67089.78125000  53329.57031250  
0.21600    3462983.00000000 2251495.25000000 5580531.50000000 603.30822754    64750.61328125  51451.21093750  
0.21700    3395631.25000000 2209150.00000000 5473655.50000000 587.99914551    62462.12890625  49611.96484375  
0.21800    3329094.00000000 2167293.00000000 5368032.50000000 573.27990723    60222.42187500  47810.43750000  
0.21900    3263361.25000000 2125915.25000000 5263659.00000000 559.12896729    58030.77734375  46047.00000000  
0.22000    3198468.50000000 2085019.12500000 5160558.00000000 545.55816650    55888.05468750  44321.33203125  
0.22100    3134465.50000000 2044629.50000000 5058815.50000000 532.56201172    53795.57031250  42634.32812500  
0.22200    3071256.25000000 2004729.75000000 4958327.00000000 520.12133789    51750.68750000  40985.33203125  
0.22300    3008915.00000000 1965303.62500000 4859076.50000000 508.22290039    49753.18750000  39373.14453125  
0.22400    2947347.25000000 1926369.25000000 4761122.50000000 496.87420654    47803.44921875  37798.05859375  
0.22500    2886709.50000000 1887967.62500000 4664567.00000000 486.06774902    45903.42578125  36262.23046875  
0.22600    2826852.50000000 1850035.75000000 4569205.50000000 475.76770020    44048.59375000  34761.94531250  
0.22700    2767879.00000000 1812621.25000000 4475193.00000000 466.01281738    42242.90234375  33299.73828125  
0.22800    2709753.75000000 1775690.00000000 4382460.00000000 456.75216675    40482.97265625  31873.97070312  
0.22900    2652449.25000000 1739265.25000000 4291020.50000000 447.98977661    38769.65234375  30484.42578125  
0.23000    2596021.00000000 1703356.12500000 4200945.50000000 439.72628784    37103.23046875  29132.06835938  
0.23100    2540456.00000000 1667955.12500000 4112204.00000000 431.94830322    35483.07421875  27816.08203125  
0.23200    2485716.50000000 1633046.87500000 4024700.75000000 424.63479614    33907.54296875  26535.33007812  
0.23300    2431836.75000000 1598654.50000000 3938563.00000000 417.79254150    32378.01367188  25290.57226562  
0.23400    2378845.75000000 1564785.12500000 3853772.00000000 411.40734863    30893.91406250  24081.78710938  
0.23500    2326647.00000000 1531397.87500000 3770244.00000000 405.44839478    29452.93359375  22906.95507812  
0.23600    2275352.25000000 1498555.37500000 3688087.75000000 399.94381714    28057.61718750  21768.40234375  
0.23700    2224904.50000000 1466215.87500000 3607253.50000000 394.85946655    26705.68164062  20664.27343750  
0.23800    2175317.00000000 1434387.62500000 3527759.00000000 390.19845581    25397.60546875  19594.76757812  
0.23900    2126581.75000000 1403076.62500000 3449569.00000000 385.93267822    24131.46875000  18558.61523438  
0.24000    2078677.50000000 1372276.37500000 3372715.25000000 382.06655884    22908.42968750  17556.43750000  
0.24100    2031673.50000000 1342017.25000000 3297246.50000000 378.59854126    21728.18554688  16588.41796875  
0.24200    1985519.62500000 1312266.37500000 3223082.50000000 375.50756836    20589.41796875  15652.96484375  
0.24300    1940216.75000000 1283028.75000000 3150249.25000000 372.77197266    19490.91210938  14750.08105469  
0.24400    1895748.50000000 1254305.75000000 3078722.25000000 370.39703369    18433.30468750  13879.65234375  
0.24500    1852124.75000000 1226095.87500000 3008533.50000000 368.36767578    17415.60156250  13040.85156250  
0.24600    1809363.50000000 1198413.50000000 2939681.75000000 366.67797852    16437.93750000  12234.10253906  
0.24700    1767456.37500000 1171242.62500000 2872150.00000000 365.31475830    15499.13769531  11458.15332031  
0.24800    1726374.25000000 1144596.25000000 2805921.00000000 364.26980591    14598.73535156  10712.99218750  
0.24900    1686118.87500000 1118438.75000000 2740997.50000000 363.52191162    13735.89648438  9997.78515625   
0.25000    1646718.87500000 1092809.25000000 2677400.50000000 363.07775879    12910.42675781  9312.45996094   
0.25100    1608133.12500000 1067673.25000000 2615088.25000000 362.90835571    12120.92675781  8656.20019531   
0.25200    1570404.12500000 1043080.31250000 2554114.75000000 363.03509521    11369.33984375  8030.00488281   
0.25300    1533476.75000000 1018977.93750000 2494417.25000000 363.41503906    10652.25195312  7431.50390625   
0.25400    1497374.50000000 995374.37500000 2435995.50000000 364.05291748    9970.38085938   6861.06591797   
0.25500    1462068.37500000 972272.37500000 2378846.25000000 364.93041992    9321.86230469   6317.79003906   
0.25600    1427575.50000000 949673.81250000 2322966.00000000 366.05154419    8707.65332031   5801.69775391   
0.25700    1393878.62500000 927570.87500000 2268358.75000000 367.38879395    8125.85107422   5311.94335938   
0.25800    1360984.87500000 905958.12500000 2214990.75000000 368.94778442    7576.87695312   4848.39746094   
0.25900    1328876.25000000 884835.37500000 2162888.25000000 370.71411133    7059.53564453   4410.19580078   
0.26000    1297549.37500000 864197.81250000 2112014.25000000 372.68310547    6572.94189453   3997.00317383   
0.26100    1266979.37500000 844036.18750000 2062314.25000000 374.82128906    6115.85546875   3607.62866211   
0.26200    1237197.00000000 824369.43750000 2013882.12500000 377.15148926    5689.79443359   3242.81811523   
0.26300    1208148.00000000 805158.81250000 1966607.87500000 379.64132690    5291.13085938   2900.58520508   
0.26400    1179860.25000000 786420.31250000 1920537.12500000 382.28808594    4921.50927734   2581.61230469   
0.26500    1152325.00000000 768160.93750000 1875662.62500000 385.08728027    4579.29296875   2284.83154297   
0.26600    1125497.37500000 750340.81250000 1831931.00000000 388.02691650    4263.67236328   2009.42492676   
0.26700    1099416.50000000 732994.06250000 1789351.75000000 391.09991455    3974.68798828   1755.58752441   
0.26800    1074056.00000000 716096.37500000 1747916.75000000 394.29354858    3711.11157227   1522.42358398   
0.26900    1049370.00000000 699630.56250000 1707577.87500000 397.59127808    3471.72070312   1308.62426758   
0.27000    1025407.31250000 683615.06250000 1668375.37500000 401.00228882    3256.79174805   1114.81701660   
0.27100    1002115.68750000 668020.87500000 1630238.00000000 404.50479126    3064.85083008   939.62158203    
0.27200    979526.50000000 652876.81250000 1593231.25000000 408.11047363    2896.67944336   783.60485840    
0.27300    957585.31250000 638142.25000000 1557239.25000000 411.77713013    2749.05175781   644.43176270    
0.27400    936264.31250000 623801.25000000 1522250.25000000 415.50488281    2621.86938477   521.84356689    
0.27500    915640.06250000 609901.87500000 1488375.25000000 419.31890869    2517.30200195   417.50540161    
0.27600    895606.12500000 596382.93750000 1455428.87500000 423.16726685    2430.50463867   327.68041992    
0.27700    876233.37500000 583274.12500000 1423530.12500000 427.07525635    2364.35205078   254.66549683    
0.27800    857444.75000000 570544.68750000 1392586.12500000 431.01391602    2315.70556641   195.85365295    
0.27900    839274.37500000 558207.12500000 1362625.75000000 434.98583984    2285.13842773   151.77059937    
0.28000    821676.06250000 546237.00000000 1333573.50000000 438.98098755    2271.34960938   121.52944183    
0.28100    804655.12500000 534641.93750000 1305463.00000000 442.99401855    2273.87622070   104.51635742    
0.28200    788216.06250000 523410.53125000 1278262.62500000 447.01776123    2292.62524414   100.67236328    
0.28300    772328.18750000 512531.50000000 1251950.00000000 451.04586792    2326.14843750   108.92971039    
0.28400    756972.50000000 501996.84375000 1226505.62500000 455.06558228    2373.66064453   128.69369507    
0.28500    742156.68750000 491813.87500000 1201905.00000000 459.08074951    2435.36303711   160.01618958    
0.28600    727849.18750000 481954.62500000 1178130.37500000 463.06542969    2509.43774414   201.57913208    
0.28700    714050.31250000 472425.56250000 1155174.50000000 467.03732300    2596.21386719   253.38746643    
0.28800    700738.50000000 463206.15625000 1133011.25000000 470.97674561    2694.81811523   314.90325928    
0.28900    687932.37500000 454314.81250000 1111642.87500000 474.88421631    2804.57836914   385.79922485    
0.29000    675568.87500000 445710.18750000 1090990.12500000 478.74624634    2924.49926758   464.95996094    
0.29100    663687.56250000 437417.40625000 1071116.62500000 482.56365967    3054.89672852   552.79626465    
0.29200    652234.43750000 429404.06250000 1051945.87500000 486.32940674    3194.11059570   647.95458984    
0.29300    641232.12500000 421681.25000000 1033483.68750000 490.04293823    3342.74267578   750.79614258    
0.29400    630631.18750000 414217.53125000 1015671.68750000 493.67987061    3498.12744141   859.33563232    
0.29500    620461.93750000 407038.59375000 998554.81250000 497.26235962    3662.40551758   975.28381348    
0.29600    610670.56250000 400104.65625000 982053.81250000 500.76995850    3832.86596680   1096.33984375   
0.29700    601260.25000000 393419.34375000 966171.06250000 504.19625854    4009.55541992   1222.61291504   
0.29800    592238.43750000 386989.93750000 950905.18750000 507.54898071    4192.60742188   1354.17980957   
0.29900    583584.31250000 380797.78125000 936236.75000000 510.81597900    4381.28466797   1490.52917480   
0.30000    575264.25000000 374823.62500000 922120.00000000 513.98980713    4574.07421875   1630.25134277   
0.30100    567299.00000000 369085.50000000 908575.68750000 517.07751465    4771.85644531   1774.41210938   
0.30200    559646.06250000 363548.46875000 895523.00000000 520.06317139    4972.71337891   1921.30712891   
0.30300    552320.37500000 358228.15625000 883006.06250000 522.95812988    5177.63964844   2071.49389648   
0.30400    545303.75000000 353113.15625000 870995.62500000 525.75390625    5385.42041016   2224.31811523   
0.30500    538562.68750000 348183.12500000 859433.43750000 528.43298340    5594.97900391   2378.80859375   
0.30600    532106.93750000 343437.28125000 848327.81250000 531.00585938    5806.65625000   2535.14379883   
0.30700    525935.75000000 338882.37500000 837697.56250000 533.47790527    6020.67968750   2693.47973633   
0.30800    520011.28125000 334492.96875000 827461.18750000 535.82965088    6234.83984375   2852.34448242   
0.30900    514353.46875000 330273.84375000 817649.87500000 538.07464600    6450.46142578   3012.53417969   
0.31000    508932.31250000 326217.65625000 808240.93750000 540.20153809    6666.29443359   3172.99169922   
0.31100    503729.25000000 322306.78125000 799181.37500000 542.20715332    6881.68066406   3333.52416992   
0.31200    498757.50000000 318550.90625000 790496.56250000 544.09759521    7097.08349609   3494.25463867   
0.31300    493992.75000000 314931.00000000 782152.18750000 545.86328125    7311.51416016   3654.40039062   
0.31400    489444.87500000 311457.25000000 774163.81250000 547.51788330    7525.41943359   3814.38330078   
0.31500    485069.25000000 308100.12500000 766458.31250000 549.03845215    7737.32128906   3973.01293945   
0.31600    480883.62500000 304874.59375000 759067.31250000 550.44317627    7947.90722656   4130.88232422   
0.31700    476874.28125000 301766.65625000 751960.75000000 551.72845459    8156.67236328   4287.40039062   
0.31800    473025.56250000 298766.00000000 745116.68750000 552.87603760    8362.56347656   4441.77246094   
0.31900    469345.18750000 295882.40625000 738555.12500000 553.91448975    8566.85449219   4595.27685547   
0.32000    465807.03125000 293095.46875000 732226.62500000 554.82672119    8767.81933594   4746.36132812   
0.32100    462408.21875000 290400.59375000 726129.06250000 555.61346436    8965.97460938   4895.41796875   
0.32200    459155.65625000 287810.37500000 720272.25000000 556.28039551    9161.21972656   5042.41601562   
0.32300    456005.40625000 285291.09375000 714584.06250000 556.81695557    9352.25878906   5186.35253906   
0.32400    452982.81250000 282860.18750000 709116.00000000 557.23468018    9540.25000000   5327.89843750   
0.32500    450070.87500000 280503.65625000 703818.93750000 557.53253174    9724.08007812   5466.50585938   
0.32600    447264.00000000 278224.03125000 698708.00000000 557.71453857    9904.31640625   5602.51953125   
0.32700    444556.03125000 276013.84375000 693757.06250000 557.77746582    10080.37500000  5735.50244141   
0.32800    441951.31250000 273873.40625000 688986.06250000 557.72784424    10252.70898438  5865.58300781   
0.32900    439418.56250000 271786.68750000 684325.75000000 557.55364990    10420.07617188  5992.03515625   
0.33000    436975.12500000 269764.75000000 679820.43750000 557.27374268    10583.37890625  6115.62158203   
0.33100    434580.34375000 267778.65625000 675401.75000000 556.87762451    10741.35839844  6235.09863281   
0.33200    432290.46875000 265864.84375000 671158.37500000 556.37994385    10896.05859375  6352.19042969   
0.33300    430047.65625000 263985.53125000 666993.06250000 555.76312256    11045.07519531  6465.06835938   
0.33400    427868.81250000 262156.12500000 662939.43750000 555.05194092    11189.72167969  6574.87890625   
0.33500    425735.75000000 260363.26562500 658969.93750000 554.23333740    11329.36132812  6680.70605469   
0.33600    423659.09375000 258607.20312500 655083.50000000 553.30993652    11464.00585938  6782.91064453   
0.33700    421617.59375000 256884.28125000 651271.43750000 552.29364014    11593.81738281  6881.55810547   
0.33800    419631.65625000 255199.70312500 647549.62500000 551.18481445    11719.02441406  6976.78955078   
0.33900    417668.87500000 253535.35937500 643873.81250000 549.97698975    11838.85839844  7068.10498047   
0.34000    415748.96875000 251904.75000000 640271.31250000 548.68035889    11953.90917969  7155.74023438   
0.34100    413853.06250000 250292.68750000 636717.68750000 547.29827881    12063.98828125  7239.73046875   
0.34200    412005.34375000 248720.46875000 633241.06250000 545.83654785    12169.95019531  7320.67871094   
0.34300    410159.75000000 247152.89062500 629781.68750000 544.28991699    12270.24902344  7397.37304688   
0.34400    408360.96875000 245618.50000000 626392.12500000 542.66943359    12366.39843750  7471.14843750   
0.34500    406566.65625000 244093.70312500 623020.43750000 540.96954346    12457.44042969  7541.02734375   
0.34600    404808.78125000 242596.06250000 619714.62500000 539.21142578    12544.50488281  7608.12695312   
0.34700    403038.00000000 241097.71875000 616395.75000000 537.36358643    12625.99609375  7670.92236328   
0.34800    401298.09375000 239622.53125000 613133.87500000 535.46313477    12703.16113281  7730.66894531   
0.34900    399573.59375000 238158.98437500 609883.43750000 533.50061035    12776.32421875  7787.36230469   
0.35000    397852.90625000 236706.45312500 606662.93750000 531.47772217    12844.51269531  7840.49658203   
0.35100    396158.46875000 235273.67187500 603483.43750000 529.40167236    12909.32519531  7891.12353516   
0.35200    394447.56250000 233831.67187500 600278.93750000 527.26788330    12968.83984375  7937.84960938   
0.35300    392751.78125000 232405.95312500 597109.62500000 525.08728027    13024.71289062  7981.88232422   
0.35400    391068.78125000 230993.81250000 593968.37500000 522.86395264    13076.61230469  8023.11523438   
0.35500    389394.43750000 229587.10937500 590834.87500000 520.59442139    13124.77539062  8061.51123047   
0.35600    387709.53125000 228181.31250000 587695.18750000 518.28472900    13168.70410156  8096.90966797   
0.35700    386036.46875000 226784.92187500 584582.31250000 515.93804932    13209.13378906  8129.77587891   
0.35800    384374.90625000 225399.35937500 581487.06250000 513.55975342    13246.26269531  8160.24414062   
0.35900    382716.03125000 224019.73437500 578403.62500000 511.15478516    13280.01855469  8188.26123047   
0.36000    381070.34375000 222650.62500000 575342.43750000 508.71981812    13310.69726562  8214.00390625   
0.36100    379410.46875000 221275.26562500 572260.68750000 506.26068115    13337.59179688  8237.13867188   
0.36200    377783.68750000 219926.40625000 569238.62500000 503.78396606    13362.54882812  8258.88183594   
0.36300    376133.31250000 218564.12500000 566182.87500000 501.28045654    13383.53808594  8277.75976562   
0.36400    374489.62500000 217212.00000000 563139.31250000 498.75842285    13401.71191406  8294.60253906   
0.36500    372849.59375000 215861.84375000 560108.00000000 496.22454834    13417.21289062  8309.66406250   
0.36600    371227.84375000 214527.14062500 557113.18750000 493.68923950    13430.86621094  8323.36230469   
0.36700    369599.21875000 213189.73437500 554102.18750000 491.13018799    13441.13574219  8334.74707031   
0.36800    368007.09375000 211876.12500000 551152.50000000 488.57943726    13450.50585938  8345.40527344   
0.36900    366405.75000000 210564.12500000 548196.81250000 486.02105713    13457.42382812  8354.43847656   
0.37000    364793.93750000 209244.62500000 545220.62500000 483.44821167    13461.11816406  8361.06152344   
0.37100    363194.59375000 207936.48437500 542278.56250000 480.88214111    13463.24316406  8366.79785156   
0.37200    361624.40625000 206650.93750000 539380.56250000 478.32489014    13464.22753906  8371.80566406   
0.37300    360049.15625000 205361.76562500 536478.50000000 475.76397705    13463.00097656  8375.26269531   
0.37400    358494.34375000 204087.29687500 533610.06250000 473.21377563    13460.57910156  8377.94921875   
0.37500    356948.71875000 202820.90625000 530755.00000000 470.67196655    13456.79199219  8379.76269531   
0.37600    355422.68750000 201568.76562500 527936.75000000 468.13793945    13451.44042969  8380.47070312   
0.37700    353891.75000000 200316.87500000 525118.50000000 465.60833740    13444.60058594  8380.22460938   
0.37800    352384.09375000 199081.48437500 522336.25000000 463.09396362    13436.77636719  8379.42578125   
0.37900    350908.28125000 197864.95312500 519603.53125000 460.59820557    13428.59082031  8378.37597656   
0.38000    349429.53125000 196653.15625000 516872.37500000 458.10949707    13418.57910156  8376.23144531   
0.38100    347961.90625000 195447.04687500 514162.59375000 455.63439941    13407.59667969  8373.44238281   
0.38200    346525.09375000 194263.62500000 511502.40625000 453.18304443    13396.40136719  8370.54882812   
0.38300    345093.06250000 193080.45312500 508845.56250000 450.73910522    13383.85156250  8366.82714844   
0.38400    343696.78125000 191927.46875000 506256.75000000 448.32015991    13371.24121094  8363.35644531   
0.38500    342300.84375000 190773.64062500 503665.65625000 445.91336060    13357.35742188  8358.90429688   
0.38600    340946.65625000 189647.37500000 501145.18750000 443.53216553    13343.86914062  8354.95410156   
0.38700    339586.31250000 188520.06250000 498624.34375000 441.16354370    13328.92285156  8350.09472656   
0.38800    338256.53125000 187414.06250000 496149.53125000 438.81674194    13313.98730469  8345.29394531   
0.38900    336946.59375000 186318.04687500 493697.40625000 436.48275757    13298.28808594  8340.15722656   
0.39000    335673.37500000 185251.28125000 491317.78125000 434.18078613    13283.12109375  8335.43652344   
0.39100    334408.53125000 184189.03125000 488953.00000000 431.89498901    13267.13476562  8330.33105469   
0.39200    333174.84375000 183147.68750000 486635.90625000 429.62792969    13251.04101562  8325.25390625   
0.39300    331953.56250000 182117.59375000 484345.46875000 427.37561035    13234.40625000  8319.91210938   
0.39400    330779.12500000 181115.70312500 482124.25000000 425.15560913    13218.41796875  8315.19726562   
0.39500    329599.18750000 180117.56250000 479908.40625000 422.94329834    13201.21875000  8309.75292969   
0.39600    328452.25000000 179136.62500000 477735.68750000 420.75216675    13184.13085938  8304.49609375   
0.39700    327326.43750000 178172.04687500 475603.03125000 418.58023071    13166.89355469  8299.23730469   
0.39800    326233.37500000 177232.03125000 473530.75000000 416.42956543    13149.69824219  8294.24316406   
0.39900    325156.90625000 176300.75000000 471479.87500000 414.29409790    13132.27050781  8289.08691406   
0.40000    324101.65625000 175385.79687500 469467.40625000 412.17837524    13114.53613281  8283.94140625   
0.40100    323065.93750000 174486.12500000 467490.28125000 410.07553101    13096.43261719  8278.65136719   
0.40200    322065.43750000 173610.60937500 465572.15625000 407.99139404    13078.51855469  8273.61621094   
0.40300    321073.34375000 172742.53125000 463670.00000000 405.92010498    13059.85253906  8268.16601562   
0.40400    320112.59375000 171896.60937500 461817.96875000 403.86648560    13041.54589844  8263.15234375   
0.40500    319171.18750000 171062.01562500 459998.37500000 401.82629395    13022.64843750  8257.76757812   
0.40600    318257.46875000 170250.98437500 458232.43750000 399.80462646    13003.93261719  8252.69531250   
0.40700    317357.81250000 169450.07812500 456487.65625000 397.79263306    12984.58496094  8247.32421875   
0.40800    316478.37500000 168664.79687500 454779.21875000 395.79025269    12964.73632812  8241.77246094   
0.40900    315616.09375000 167890.57812500 453101.06250000 393.79998779    12944.34277344  8235.91796875   
0.41000    314785.25000000 167141.95312500 451483.37500000 391.82901001    12924.47656250  8230.45214844   
0.41100    313963.53125000 166399.45312500 449873.21875000 389.85867310    12903.34472656  8224.25390625   
0.41200    313151.28125000 165667.68750000 448290.18750000 387.89764404    12881.71972656  8217.85351562   
0.41300    312373.56250000 164958.40625000 446754.56250000 385.95083618    12859.93554688  8211.49218750   
0.41400    311595.25000000 164252.71875000 445233.53125000 384.01004028    12837.25488281  8204.55664062   
0.41500    310848.71875000 163569.89062500 443763.84375000 382.08026123    12814.37597656  8197.65625000   
0.41600    310093.43750000 162884.78125000 442279.18750000 380.14706421    12790.02148438  8189.74804688   
0.41700    309367.93750000 162223.43750000 440855.09375000 378.22756958    12765.60546875  8181.95751953   
0.41800    308667.12500000 161580.07812500 439472.21875000 376.32357788    12741.01562500  8174.26611328   
0.41900    307940.53125000 160924.07812500 438051.34375000 374.40124512    12713.92480469  8164.71826172   
0.42000    307248.40625000 160293.14062500 436691.75000000 372.49957275    12687.08789062  8155.48437500   
0.42100    306573.06250000 159677.32812500 435365.03125000 370.60302734    12659.53613281  8145.99511719   
0.42200    305899.50000000 159066.68750000 434041.46875000 368.70568848    12630.86718750  8135.75537109   
0.42300    305220.62500000 158457.31250000 432720.68750000 366.81326294    12600.85156250  8124.60839844   
0.42400    304555.37500000 157860.26562500 431427.06250000 364.92037964    12569.87304688  8112.92968750   
0.42500    303899.71875000 157271.67187500 430148.03125000 363.03646851    12537.89746094  8100.64501953   
0.42600    303230.53125000 156681.32812500 428862.21875000 361.14572144    12504.45507812  8087.33789062   
0.42700    302586.68750000 156111.25000000 427613.40625000 359.26818848    12470.61523438  8073.85156250   
0.42800    301929.50000000 155537.42187500 426355.93750000 357.38619995    12434.89453125  8059.22460938   
0.42900    301289.96875000 154979.03125000 425129.96875000 355.51168823    12398.52734375  8044.21582031   
0.43000    300638.78125000 154418.96875000 423894.12500000 353.63818359    12360.75781250  8028.21630859   
0.43100    299971.34375000 153852.76562500 422638.09375000 351.75650024    12320.80371094  8010.74121094   
0.43200    299325.87500000 153304.34375000 421417.81250000 349.88977051    12280.56250000  7993.23583984   
0.43300    298661.78125000 152751.65625000 420183.40625000 348.01852417    12238.28222656  7974.33251953   
0.43400    297997.93750000 152203.78125000 418954.84375000 346.15246582    12194.90039062  7954.69482422   
0.43500    297322.75000000 151654.84375000 417713.12500000 344.28729248    12149.81054688  7933.97021484   
0.43600    296659.21875000 151117.64062500 416496.06250000 342.43334961    12104.10839844  7912.89697266   
0.43700    295967.09375000 150569.42187500 415243.59375000 340.57263184    12056.15429688  7890.18164062   
0.43800    295262.50000000 150018.06250000 413977.37500000 338.71707153    12006.57031250  7866.51416016   
0.43900    294563.12500000 149475.10937500 412727.15625000 336.87097168    11956.05273438  7842.22509766   
0.44000    293849.25000000 148929.04687500 411460.37500000 335.02630615    11903.87988281  7816.77148438   
0.44100    293125.21875000 148383.34375000 410188.31250000 333.19226074    11850.18066406  7790.34375000   
0.44200    292391.40625000 147834.96875000 408902.75000000 331.35989380    11795.17382812  7763.02734375   
0.44300    291644.09375000 147288.20312500 407609.46875000 329.53567505    11738.56738281  7734.65332031   
0.44400    290884.71875000 146738.07812500 406302.68750000 327.71972656    11680.66796875  7705.40087891   
0.44500    290091.09375000 146170.53125000 404949.31250000 325.90545654    11620.52148438  7674.57861328   
0.44600    289291.75000000 145606.20312500 403591.53125000 324.10150146    11559.18847656  7642.95947266   
0.44700    288490.84375000 145049.35937500 402247.43750000 322.31478882    11496.92285156  7610.74853516   
0.44800    287655.87500000 144475.10937500 400846.15625000 320.52816772    11432.71972656  7577.12255859   
0.44900    286822.34375000 143909.43750000 399466.71875000 318.76614380    11367.77539062  7543.09472656   
0.45000    285972.56250000 143337.68750000 398061.00000000 317.01333618    11301.46679688  7508.15673828   
0.45100    285085.37500000 142749.42187500 396606.65625000 315.26510620    11232.95898438  7471.60937500   
0.45200    284192.84375000 142165.00000000 395154.62500000 313.53955078    11163.69042969  7434.58984375   
0.45300    283277.93750000 141568.65625000 393665.78125000 311.82363892    11093.01171875  7396.48730469   
0.45400    282348.43750000 140973.92187500 392173.31250000 310.12576294    11021.30957031  7357.79394531   
0.45500    281400.62500000 140373.23437500 390657.96875000 308.44970703    10948.34179688  7318.18603516   
0.45600    280432.68750000 139763.03125000 389112.03125000 306.78576660    10874.12109375  7277.69384766   
0.45700    279448.56250000 139149.82812500 387552.15625000 305.14346313    10799.02343750  7236.59033203   
0.45800    278440.37500000 138526.60937500 385957.59375000 303.52127075    10722.76562500  7194.65722656   
0.45900    277410.81250000 137896.98437500 384341.09375000 301.91870117    10645.22167969  7151.74316406   
0.46000    276382.62500000 137272.31250000 382730.25000000 300.34548950    10567.67480469  7108.89013672   
0.46100    275303.75000000 136624.42187500 381053.03125000 298.78369141    10488.21972656  7064.51562500   
0.46200    274235.75000000 135986.81250000 379397.18750000 297.25701904    10408.75292969  7020.34277344   
0.46300    273135.31250000 135335.21875000 377693.75000000 295.75238037    10328.24121094  6975.20507812   
0.46400    272011.87500000 134673.42187500 375965.75000000 294.27066040    10246.81738281  6929.52294922   
0.46500    270883.90625000 134014.92187500 374237.90625000 292.82101440    10165.33300781  6883.66015625   
0.46600    269729.37500000 133343.48437500 372468.81250000 291.39575195    10082.98144531  6837.21582031   
0.46700    268551.00000000 132663.39062500 370670.37500000 289.99707031    9999.90136719   6790.13964844   
0.46800    267380.21875000 131992.85937500 368893.31250000 288.63711548    9917.28320312   6743.40136719   
0.46900    266167.96875000 131302.31250000 367056.93750000 287.29959106    9833.57519531   6695.70117188   
0.47000    264948.09375000 130608.72656250 365212.15625000 285.99627686    9749.76269531   6648.02929688   
0.47100    263718.09375000 129912.87500000 363356.43750000 284.72424316    9665.89453125   6600.17431641   
0.47200    262469.62500000 129212.96093750 361481.71875000 283.48709106    9582.13378906   6552.29052734   
0.47300    261215.81250000 128511.08593750 359599.03125000 282.28454590    9498.42871094   6504.38623047   
0.47400    259929.73437500 127794.19531250 357669.78125000 281.11044312    9414.14648438   6455.92285156   
0.47500    258642.01562500 127082.11718750 355750.40625000 279.97805786    9330.58203125   6407.94287109   
0.47600    257358.34375000 126372.87500000 353833.28125000 278.88546753    9247.64941406   6360.36816406   
0.47700    256033.10937500 125641.75000000 351859.96875000 277.81231689    9163.77929688   6311.95556641   
0.47800    254709.12500000 124917.14062500 349896.87500000 276.78652954    9081.06738281   6264.23535156   
0.47900    253390.48437500 124196.13281250 347940.28125000 275.80160522    8999.16503906   6216.97949219   
0.48000    252040.25000000 123460.46875000 345940.65625000 274.84399414    8916.92382812   6169.40039062   
0.48100    250713.40625000 122740.06250000 343978.50000000 273.93692017    8836.42871094   6122.92333984   
0.48200    249339.34375000 121994.17968750 341945.65625000 273.04870605    8755.17675781   6075.67041016   
0.48300    247971.23437500 121254.81250000 339931.68750000 272.20834351    8675.16406250   6029.27001953   
0.48400    246605.90625000 120518.39062500 337920.15625000 271.40368652    8596.33984375   5983.51660156   
0.48500    245233.54687500 119780.25000000 335899.65625000 270.63958740    8518.14746094   5938.08447266   
0.48600    243863.81250000 119045.34375000 333887.84375000 269.91622925    8441.23242188   5893.45996094   
0.48700    242484.56250000 118307.23437500 331865.87500000 269.22698975    8365.08398438   5849.12792969   
0.48800    241092.00000000 117559.81250000 329817.90625000 268.57098389    8289.53125000   5805.08056641   
0.48900    239706.37500000 116820.90625000 327787.75000000 267.95666504    8215.33007812   5761.84765625   
0.49000    238323.29687500 116082.41406250 325759.50000000 267.38037109    8142.57128906   5719.47753906   
0.49100    236949.20312500 115352.76562500 323751.71875000 266.84344482    8071.32080078   5677.97216797   
0.49200    235560.68750000 114612.98437500 321717.46875000 266.33999634    8000.76269531   5636.81689453   
0.49300    234180.10937500 113878.89843750 319698.96875000 265.87240601    7931.86083984   5596.61914062   
0.49400    232802.18750000 113148.59375000 317687.40625000 265.44085693    7864.29101562   5557.18847656   
0.49500    231423.39062500 112417.25781250 315671.87500000 265.04199219    7797.97216797   5518.38916016   
0.49600    230062.10937500 111697.30468750 313686.90625000 264.68438721    7733.58447266   5480.88525391   
0.49700    228691.70312500 110970.92187500 311686.21875000 264.35452271    7670.31591797   5443.84472656   
0.49800    227337.98437500 110254.96093750 309711.31250000 264.06219482    7608.78662109   5408.02148438   
0.49900    225977.18750000 109535.00000000 307727.37500000 263.79638672    7548.40673828   5372.68750000   
0.50000    224638.31250000 108826.82031250 305773.06250000 263.56781006    7490.16894531   5338.64990234   
