# SAXS profile: number of points = 501, q_min = 0, q_max = 0.5, delta_q = 0.001
#    q    intensity 
0.00000    68462064.00000000 41715340.00000000 106882136.00000000 43445.87500000  3449316.25000000 2692468.25000000 
0.00100    68455208.00000000 41710900.00000000 106870584.00000000 43439.88671875  3448880.50000000 2692131.75000000 
0.00200    68434080.00000000 41697480.00000000 106836728.00000000 43421.48046875  3447589.25000000 2691134.75000000 
0.00300    68397952.00000000 41675348.00000000 106779384.00000000 43391.16796875  3445452.75000000 2689466.00000000 
0.00400    68346600.00000000 41644192.00000000 106699312.00000000 43348.76171875  3442442.00000000 2687128.75000000 
0.00500    68280384.00000000 41604424.00000000 106597312.00000000 43294.21093750  3438584.25000000 2684135.00000000 
0.00600    68199720.00000000 41556180.00000000 106471832.00000000 43227.76171875  3433873.25000000 2680466.25000000 
0.00700    68104496.00000000 41498940.00000000 106324240.00000000 43149.11328125  3428304.50000000 2676159.75000000 
0.00800    67993848.00000000 41433072.00000000 106154352.00000000 43058.78906250  3421904.75000000 2671181.75000000 
0.00900    67869416.00000000 41358204.00000000 105962456.00000000 42956.66015625  3414661.00000000 2665555.00000000 
0.01000    67731128.00000000 41275140.00000000 105748104.00000000 42842.64843750  3406595.25000000 2659277.75000000 
0.01100    67579136.00000000 41183428.00000000 105510672.00000000 42717.02343750  3397688.00000000 2652384.00000000 
0.01200    67413240.00000000 41083308.00000000 105252064.00000000 42579.97265625  3387974.25000000 2644827.50000000 
0.01300    67232200.00000000 40974436.00000000 104972680.00000000 42431.45312500  3377446.50000000 2636640.75000000 
0.01400    67037712.00000000 40857564.00000000 104670952.00000000 42271.66796875  3366101.50000000 2627831.25000000 
0.01500    66829604.00000000 40732200.00000000 104348152.00000000 42100.69140625  3353966.50000000 2618406.75000000 
0.01600    66608076.00000000 40598920.00000000 104004200.00000000 41918.84375000  3341049.50000000 2608367.00000000 
0.01700    66372636.00000000 40457588.00000000 103639376.00000000 41725.97656250  3327362.50000000 2597733.75000000 
0.01800    66124504.00000000 40308096.00000000 103254056.00000000 41522.69531250  3312910.75000000 2586505.50000000 
0.01900    65863024.00000000 40151144.00000000 102848520.00000000 41308.46875000  3297685.00000000 2574688.75000000 
0.02000    65588772.00000000 39986044.00000000 102423032.00000000 41084.40234375  3281735.00000000 2562282.25000000 
0.02100    65301848.00000000 39813396.00000000 101977984.00000000 40849.88671875  3265045.75000000 2549328.50000000 
0.02200    65002184.00000000 39632844.00000000 101513016.00000000 40605.43750000  3247648.25000000 2535807.25000000 
0.02300    64690392.00000000 39445284.00000000 101028920.00000000 40351.30078125  3229538.00000000 2521738.00000000 
0.02400    64366676.00000000 39250424.00000000 100526968.00000000 40087.67578125  3210737.00000000 2507134.00000000 
0.02500    64030804.00000000 39048472.00000000 100005944.00000000 39814.78906250  3191273.50000000 2491988.75000000 
0.02600    63683424.00000000 38839448.00000000 99466680.00000000 39532.44921875  3171122.50000000 2476350.25000000 
0.02700    63324604.00000000 38623504.00000000 98909912.00000000 39241.51562500  3150341.00000000 2460195.00000000 
0.02800    62954764.00000000 38400692.00000000 98336056.00000000 38942.01953125  3128932.50000000 2443556.75000000 
0.02900    62573848.00000000 38171404.00000000 97745168.00000000 38634.04296875  3106894.75000000 2426429.00000000 
0.03000    62182336.00000000 37935620.00000000 97137760.00000000 38317.80078125  3084259.00000000 2408848.50000000 
0.03100    61780364.00000000 37693840.00000000 96513824.00000000 37994.09765625  3061051.50000000 2390805.75000000 
0.03200    61368408.00000000 37445680.00000000 95874304.00000000 37662.19531250  3037268.00000000 2372328.25000000 
0.03300    60946612.00000000 37191560.00000000 95219416.00000000 37323.32031250  3012942.00000000 2353421.50000000 
0.03400    60514984.00000000 36931752.00000000 94550104.00000000 36977.12890625  2988084.50000000 2334091.25000000 
0.03500    60074212.00000000 36666216.00000000 93865736.00000000 36624.22656250  2962706.25000000 2314365.25000000 
0.03600    59624644.00000000 36395528.00000000 93167640.00000000 36264.66015625  2936833.50000000 2294256.00000000 
0.03700    59165964.00000000 36119332.00000000 92455648.00000000 35898.96093750  2910476.50000000 2273778.25000000 
0.03800    58699092.00000000 35838008.00000000 91730864.00000000 35527.12109375  2883678.00000000 2252933.75000000 
0.03900    58224064.00000000 35551764.00000000 90993584.00000000 35149.65234375  2856436.00000000 2231755.00000000 
0.04000    57741356.00000000 35260676.00000000 90243912.00000000 34766.58203125  2828753.00000000 2210231.00000000 
0.04100    57250760.00000000 34965192.00000000 89482520.00000000 34378.40625000  2800676.00000000 2188405.25000000 
0.04200    56752936.00000000 34665420.00000000 88709952.00000000 33985.50390625  2772223.75000000 2166281.50000000 
0.04300    56248540.00000000 34361196.00000000 87926336.00000000 33587.95312500  2743408.50000000 2143876.00000000 
0.04400    55737180.00000000 34053120.00000000 87132592.00000000 33186.00390625  2714240.00000000 2121191.00000000 
0.04500    55219964.00000000 33741316.00000000 86329200.00000000 32780.19140625  2684741.00000000 2098262.25000000 
0.04600    54696400.00000000 33425640.00000000 85515752.00000000 32370.62109375  2654962.00000000 2075095.62500000 
0.04700    54167292.00000000 33106646.00000000 84694128.00000000 31957.67968750  2624866.50000000 2051690.87500000 
0.04800    53632700.00000000 32784368.00000000 83864416.00000000 31541.59179688  2594521.50000000 2028089.50000000 
0.04900    53093112.00000000 32458912.00000000 83026264.00000000 31122.55468750  2563919.75000000 2004289.87500000 
0.05000    52549084.00000000 32130716.00000000 82180832.00000000 30701.08593750  2533091.75000000 1980312.75000000 
0.05100    52000316.00000000 31799800.00000000 81328728.00000000 30277.32226562  2502050.50000000 1956175.50000000 
0.05200    51447616.00000000 31466296.00000000 80469984.00000000 29851.57617188  2470828.50000000 1931881.12500000 
0.05300    50891216.00000000 31130488.00000000 79605272.00000000 29423.95507812  2439430.25000000 1907453.62500000 
0.05400    50331152.00000000 30792598.00000000 78735192.00000000 28995.09375000  2407889.50000000 1882906.50000000 
0.05500    49767952.00000000 30452650.00000000 77860064.00000000 28565.01171875  2376212.25000000 1858254.37500000 
0.05600    49201776.00000000 30111094.00000000 76980760.00000000 28134.01562500  2344409.50000000 1833515.37500000 
0.05700    48633356.00000000 29767754.00000000 76097304.00000000 27702.45312500  2312525.75000000 1808702.12500000 
0.05800    48062524.00000000 29423142.00000000 75209952.00000000 27270.50781250  2280555.25000000 1783825.12500000 
0.05900    47489820.00000000 29077312.00000000 74319584.00000000 26838.44921875  2248527.00000000 1758891.12500000 
0.06000    46915512.00000000 28730496.00000000 73427040.00000000 26406.57031250  2216472.25000000 1733935.12500000 
0.06100    46339596.00000000 28382790.00000000 72531944.00000000 25975.10156250  2184364.50000000 1708958.62500000 
0.06200    45762916.00000000 28034334.00000000 71635216.00000000 25544.25390625  2152273.25000000 1683966.50000000 
0.06300    45185488.00000000 27685420.00000000 70737824.00000000 25114.51562500  2120190.75000000 1658987.25000000 
0.06400    44607524.00000000 27336086.00000000 69839032.00000000 24685.66210938  2088136.25000000 1634021.75000000 
0.06500    44029324.00000000 26986676.00000000 68939784.00000000 24258.32617188  2056116.62500000 1609105.50000000 
0.06600    43451144.00000000 26637178.00000000 68041000.00000000 23832.62304688  2024168.12500000 1584224.50000000 
0.06700    42873464.00000000 26287910.00000000 67142448.00000000 23408.60937500  1992296.50000000 1559402.12500000 
0.06800    42296356.00000000 25938994.00000000 66245092.00000000 22986.85546875  1960513.37500000 1534646.75000000 
0.06900    41720216.00000000 25590532.00000000 65348768.00000000 22567.25390625  1928843.25000000 1509976.87500000 
0.07000    41145012.00000000 25242676.00000000 64454348.00000000 22150.00000000  1897291.62500000 1485396.75000000 
0.07100    40571280.00000000 24895578.00000000 63561768.00000000 21735.43750000  1865877.75000000 1460921.62500000 
0.07200    39999204.00000000 24549472.00000000 62671800.00000000 21323.80273438  1834614.75000000 1436572.12500000 
0.07300    39429052.00000000 24204492.00000000 61784828.00000000 20915.17968750  1803521.00000000 1412340.62500000 
0.07400    38861184.00000000 23860600.00000000 60901172.00000000 20509.71289062  1772599.50000000 1388248.25000000 
0.07500    38295336.00000000 23518306.00000000 60020872.00000000 20107.71679688  1741870.50000000 1364301.25000000 
0.07600    37732332.00000000 23177246.00000000 59144404.00000000 19709.10742188  1711346.62500000 1340507.00000000 
0.07700    37172052.00000000 22837964.00000000 58272596.00000000 19314.43554688  1681037.50000000 1316893.00000000 
0.07800    36614808.00000000 22500446.00000000 57405088.00000000 18923.41210938  1650953.12500000 1293435.12500000 
0.07900    36060900.00000000 22164760.00000000 56542700.00000000 18536.48046875  1621112.50000000 1270170.37500000 
0.08000    35510208.00000000 21831084.00000000 55685488.00000000 18153.68750000  1591519.62500000 1247099.00000000 
0.08100    34963280.00000000 21499772.00000000 54833760.00000000 17775.11718750  1562182.87500000 1224230.87500000 
0.08200    34419916.00000000 21170496.00000000 53987948.00000000 17400.91601562  1533121.12500000 1201566.12500000 
0.08300    33880656.00000000 20843518.00000000 53148200.00000000 17031.26757812  1504335.00000000 1179114.25000000 
0.08400    33345796.00000000 20519138.00000000 52314788.00000000 16666.25390625  1475838.25000000 1156891.37500000 
0.08500    32814830.00000000 20197316.00000000 51487820.00000000 16305.94238281  1447642.25000000 1134890.87500000 
0.08600    32288678.00000000 19878012.00000000 50668172.00000000 15950.31250000  1419745.25000000 1113129.12500000 
0.08700    31767038.00000000 19561492.00000000 49855352.00000000 15599.77734375  1392163.87500000 1091611.25000000 
0.08800    31250112.00000000 19247848.00000000 49050060.00000000 15254.10839844  1364905.87500000 1070334.75000000 
0.08900    30738154.00000000 18937128.00000000 48252092.00000000 14913.44433594  1337965.62500000 1049318.00000000 
0.09000    30231184.00000000 18629284.00000000 47462180.00000000 14577.93750000  1311356.87500000 1028553.81250000 
0.09100    29729390.00000000 18324594.00000000 46680104.00000000 14247.61328125  1285092.12500000 1008049.87500000 
0.09200    29232840.00000000 18023084.00000000 45906236.00000000 13922.48339844  1259166.75000000 987812.50000000 
0.09300    28741696.00000000 17724708.00000000 45140688.00000000 13602.69531250  1233593.25000000 967847.56250000 
0.09400    28256096.00000000 17429590.00000000 44383440.00000000 13288.12597656  1208369.37500000 948157.25000000 
0.09500    27775908.00000000 17137804.00000000 43634748.00000000 12978.99804688  1183508.12500000 928739.56250000 
0.09600    27301566.00000000 16849478.00000000 42895068.00000000 12675.16308594  1159002.87500000 909602.56250000 
0.09700    26832944.00000000 16564605.00000000 42164236.00000000 12376.83691406  1134863.12500000 890750.75000000 
0.09800    26370210.00000000 16283118.00000000 41442520.00000000 12083.79003906  1111094.75000000 872182.93750000 
0.09900    25913340.00000000 16005284.00000000 40729840.00000000 11796.28906250  1087689.62500000 853901.00000000 
0.10000    25462340.00000000 15730986.00000000 40026368.00000000 11514.12695312  1064657.50000000 835905.12500000 
0.10100    25017468.00000000 15460205.00000000 39332212.00000000 11237.40820312  1041994.62500000 818199.75000000 
0.10200    24578712.00000000 15193131.00000000 38647628.00000000 10966.17382812  1019712.56250000 800783.25000000 
0.10300    24145980.00000000 14929729.00000000 37972224.00000000 10700.26367188  997803.25000000 783663.56250000 
0.10400    23719468.00000000 14669995.00000000 37306760.00000000 10439.77734375  976267.50000000 766828.56250000 
0.10500    23299192.00000000 14414017.00000000 36650608.00000000 10184.71093750  955113.81250000 750291.43750000 
0.10600    22884950.00000000 14161672.00000000 36004036.00000000 9934.94335938   934323.37500000 734040.00000000 
0.10700    22477080.00000000 13913157.00000000 35367316.00000000 9690.47070312   913917.37500000 718083.50000000 
0.10800    22075428.00000000 13668361.00000000 34740028.00000000 9451.26757812   893886.87500000 702416.62500000 
0.10900    21679956.00000000 13427374.00000000 34122700.00000000 9217.31933594   874223.56250000 687038.75000000 
0.11000    21290870.00000000 13190056.00000000 33514726.00000000 8988.62695312   854937.25000000 671951.18750000 
0.11100    20907886.00000000 12956578.00000000 32916952.00000000 8764.96875000   836018.93750000 657152.43750000 
0.11200    20531322.00000000 12726837.00000000 32328352.00000000 8546.41699219   817459.75000000 642635.50000000 
0.11300    20160874.00000000 12500828.00000000 31749702.00000000 8332.95214844   799274.18750000 628405.93750000 
0.11400    19796722.00000000 12278561.00000000 31180728.00000000 8124.45654297   781451.87500000 614453.68750000 
0.11500    19438558.00000000 12060034.00000000 30621238.00000000 7920.84130859   763987.18750000 600787.43750000 
0.11600    19086856.00000000 11845295.00000000 30071474.00000000 7722.10009766   746875.50000000 587393.75000000 
0.11700    18741164.00000000 11634145.00000000 29531072.00000000 7528.15478516   730122.37500000 574280.12500000 
0.11800    18401400.00000000 11426694.00000000 29000226.00000000 7338.94482422   713712.00000000 561431.31250000 
0.11900    18067810.00000000 11222935.00000000 28478790.00000000 7154.32812500   697649.87500000 548855.43750000 
0.12000    17740236.00000000 11022743.00000000 27966526.00000000 6974.26269531   681929.50000000 536547.50000000 
0.12100    17418860.00000000 10826276.00000000 27463754.00000000 6798.74267578   666548.62500000 524500.75000000 
0.12200    17102954.00000000 10633268.00000000 26970080.00000000 6627.61083984   651498.87500000 512712.68750000 
0.12300    16793208.00000000 10443836.00000000 26485514.00000000 6460.86132812   636775.75000000 501179.59375000 
0.12400    16489140.00000000 10257905.00000000 26009976.00000000 6298.33642578   622377.06250000 489902.00000000 
0.12500    16190779.00000000 10075430.00000000 25543270.00000000 6139.95263672   608296.87500000 478869.12500000 
0.12600    15898146.00000000 9896425.00000000 25085562.00000000 5985.67333984   594536.06250000 468085.46875000 
0.12700    15611118.00000000 9720750.00000000 24636520.00000000 5835.41113281   581079.00000000 457540.46875000 
0.12800    15329615.00000000 9548510.00000000 24195956.00000000 5689.07128906   567928.56250000 447231.09375000 
0.12900    15053562.00000000 9379502.00000000 23764112.00000000 5546.58154297   555075.18750000 437156.28125000 
0.13000    14782912.00000000 9213860.00000000 23340616.00000000 5407.81250000   542516.12500000 427310.78125000 
0.13100    14517543.00000000 9051309.00000000 22925174.00000000 5272.69580078   530242.18750000 417687.46875000 
0.13200    14257446.00000000 8892000.00000000 22518046.00000000 5141.17382812   518245.87500000 408287.28125000 
0.13300    14002465.00000000 8735907.00000000 22118906.00000000 5013.15332031   506536.15625000 399101.00000000 
0.13400    13752568.00000000 8582743.00000000 21727598.00000000 4888.49902344   495092.53125000 390125.06250000 
0.13500    13507568.00000000 8432680.00000000 21344224.00000000 4767.17089844   483911.96875000 381360.00000000 
0.13600    13267569.00000000 8285592.00000000 20968306.00000000 4649.08398438   472992.43750000 372794.46875000 
0.13700    13032420.00000000 8141376.50000000 20599902.00000000 4534.13720703   462328.50000000 364429.37500000 
0.13800    12801884.00000000 8000060.00000000 20239080.00000000 4422.23095703   451910.87500000 356254.75000000 
0.13900    12576007.00000000 7861561.50000000 19885246.00000000 4313.32177734   441736.62500000 348272.81250000 
0.14000    12354735.00000000 7725878.50000000 19538662.00000000 4207.31640625   431799.62500000 340475.62500000 
0.14100    12137872.00000000 7592891.50000000 19199078.00000000 4104.10742188   422093.06250000 332859.96875000 
0.14200    11925349.00000000 7462519.00000000 18866070.00000000 4003.64892578   412612.65625000 325419.87500000 
0.14300    11717103.00000000 7334753.50000000 18539904.00000000 3905.81005859   403350.09375000 318152.87500000 
0.14400    11513096.00000000 7209566.50000000 18220234.00000000 3810.54760742   394301.15625000 311048.96875000 
0.14500    11313111.00000000 7086910.50000000 17906832.00000000 3717.79418945   385464.59375000 304112.15625000 
0.14600    11117138.00000000 6966598.00000000 17599836.00000000 3627.47314453   376830.59375000 297333.75000000 
0.14700    10925191.00000000 6848753.50000000 17298992.00000000 3539.47973633   368396.78125000 290711.75000000 
0.14800    10736952.00000000 6733219.50000000 17003960.00000000 3453.74902344   360152.12500000 284238.21875000 
0.14900    10552411.00000000 6619964.00000000 16714856.00000000 3370.22607422   352093.71875000 277912.15625000 
0.15000    10371569.00000000 6508947.00000000 16431418.00000000 3288.84472656   344219.06250000 271728.03125000 
0.15100    10194291.00000000 6400059.00000000 16153560.00000000 3209.52001953   336519.59375000 265682.81250000 
0.15200    10020479.00000000 6293303.00000000 15881151.00000000 3132.20483398   328995.90625000 259773.79687500 
0.15300    9850079.00000000 6188673.50000000 15614022.00000000 3056.81494141   321637.75000000 253994.14062500 
0.15400    9682871.00000000 6086019.00000000 15351921.00000000 2983.28955078   314438.75000000 248339.87500000 
0.15500    9518919.00000000 5985298.00000000 15094915.00000000 2911.57250977   307400.50000000 242811.12500000 
0.15600    9358069.00000000 5886493.00000000 14842776.00000000 2841.62353516   300513.00000000 237400.03125000 
0.15700    9200318.00000000 5789622.00000000 14595482.00000000 2773.36816406   293775.65625000 232107.53125000 
0.15800    9045417.00000000 5694475.50000000 14352639.00000000 2706.73999023   287177.93750000 226925.46875000 
0.15900    8893523.00000000 5601127.00000000 14114463.00000000 2641.71655273   280723.59375000 221852.31250000 
0.16000    8744301.00000000 5509440.00000000 13880503.00000000 2578.19213867   274402.12500000 216886.29687500 
0.16100    8597900.00000000 5419490.50000000 13651005.00000000 2516.19555664   268214.62500000 212022.73437500 
0.16200    8454086.00000000 5331129.50000000 13425497.00000000 2455.60815430   262154.59375000 207259.42187500 
0.16300    8312867.00000000 5244350.00000000 13204090.00000000 2396.42089844   256215.87500000 202592.21875000 
0.16400    8174116.50000000 5159107.00000000 12986570.00000000 2338.60253906   250397.51562500 198018.65625000 
0.16500    8037843.00000000 5075350.50000000 12772796.00000000 2282.06201172   244694.71875000 193536.00000000 
0.16600    7903927.50000000 4993042.00000000 12562837.00000000 2226.81323242   239105.17187500 189141.84375000 
0.16700    7772240.00000000 4912096.50000000 12356289.00000000 2172.78173828   233623.57812500 184831.50000000 
0.16800    7642794.00000000 4832522.00000000 12153222.00000000 2119.93139648   228247.35937500 180605.28125000 
0.16900    7515544.50000000 4754313.50000000 11953729.00000000 2068.25781250   222977.06250000 176458.70312500 
0.17000    7390377.50000000 4677340.50000000 11757370.00000000 2017.70227051   217803.60937500 172391.10937500 
0.17100    7267218.50000000 4601628.50000000 11564290.00000000 1968.22985840   212728.67187500 168397.85937500 
0.17200    7146061.50000000 4527136.50000000 11374176.00000000 1919.82666016   207746.65625000 164478.64062500 
0.17300    7026819.00000000 4453795.00000000 11187105.00000000 1872.46325684   202856.46875000 160632.03125000 
0.17400    6909425.50000000 4381622.50000000 11003000.00000000 1826.11791992   198055.81250000 156854.15625000 
0.17500    6793888.50000000 4310546.00000000 10821691.00000000 1780.74987793   193341.48437500 153143.71875000 
0.17600    6680066.00000000 4240509.50000000 10643112.00000000 1736.31604004   188709.81250000 149497.84375000 
0.17700    6567967.00000000 4171562.50000000 10467273.00000000 1692.85485840   184162.01562500 145917.39062500 
0.17800    6457556.50000000 4103612.50000000 10294004.00000000 1650.26733398   179691.28125000 142397.78125000 
0.17900    6348719.50000000 4036649.00000000 10123176.00000000 1608.60815430   175300.60937500 138939.76562500 
0.18000    6241477.50000000 3970657.25000000 9954864.00000000 1567.82141113   170985.31250000 135540.93750000 
0.18100    6135798.00000000 3905610.75000000 9789016.00000000 1527.92419434   166746.42187500 132201.20312500 
0.18200    6031547.00000000 3841422.25000000 9625369.00000000 1488.82080078   162576.20312500 128915.24218750 
0.18300    5928744.00000000 3778145.50000000 9464004.00000000 1450.57653809   158477.56250000 125685.17968750 
0.18400    5827379.50000000 3715710.25000000 9304851.00000000 1413.13134766   154448.70312500 122509.42187500 
0.18500    5727425.50000000 3654145.50000000 9147925.00000000 1376.50061035   150488.70312500 119386.71875000 
0.18600    5628813.00000000 3593370.25000000 8992934.00000000 1340.65258789   146594.06250000 116314.57812500 
0.18700    5531478.50000000 3533362.25000000 8840114.00000000 1305.58874512   142765.46875000 113294.07031250 
0.18800    5435388.50000000 3474165.25000000 8689255.00000000 1271.28100586   138999.14062500 110323.01562500 
0.18900    5340617.50000000 3415744.25000000 8540423.00000000 1237.75256348   135298.98437500 107401.36718750 
0.19000    5247020.00000000 3358004.00000000 8393295.00000000 1204.94189453   131657.01562500 104526.30468750 
0.19100    5154708.00000000 3301056.25000000 8248237.50000000 1172.92077637   128079.75781250 101701.20312500 
0.19200    5063499.00000000 3244747.75000000 8104889.00000000 1141.59143066   124560.21093750 98920.59375000  
0.19300    4973474.00000000 3189193.00000000 7963390.50000000 1111.01550293   121101.96093750 96186.92187500  
0.19400    4884560.00000000 3134295.75000000 7823592.00000000 1081.13793945   117700.26562500 93498.12500000  
0.19500    4796794.50000000 3080070.00000000 7685534.50000000 1051.97692871   114357.35156250 90854.32812500  
0.19600    4710088.00000000 3026486.00000000 7549175.00000000 1023.53314209   111071.59375000 88254.44531250  
0.19700    4624469.50000000 2973543.25000000 7414491.00000000 995.78015137    107842.86718750 85698.61718750  
0.19800    4539891.50000000 2921253.75000000 7281409.50000000 968.72802734    104669.61718750 83186.34375000  
0.19900    4456408.00000000 2869595.50000000 7150030.00000000 942.37438965    101553.08593750 80717.98437500  
0.20000    4373913.50000000 2818523.25000000 7020144.00000000 916.69995117    98489.79687500  78290.57031250  
0.20100    4292465.50000000 2768074.50000000 6891888.00000000 891.70190430    95483.06250000  75906.52343750  
0.20200    4211979.00000000 2718211.75000000 6765126.00000000 867.37817383    92529.68750000  73563.37500000  
0.20300    4132530.75000000 2668948.75000000 6639923.00000000 843.74755859    89630.37500000  71263.39062500  
0.20400    4054065.50000000 2620285.00000000 6516312.00000000 820.76416016    86784.35156250  69003.76562500  
0.20500    3976555.25000000 2572178.75000000 6394110.50000000 798.45843506    83992.47656250  66785.57812500  
0.20600    3900007.00000000 2524635.50000000 6273418.50000000 776.79705811    81252.30468750  64608.04687500  
0.20700    3824444.50000000 2477697.00000000 6154239.50000000 755.79815674    78565.56250000  62472.05468750  
0.20800    3749809.75000000 2431292.50000000 6036468.50000000 735.43933105    75930.26562500  60375.75781250  
0.20900    3676196.75000000 2385488.50000000 5920274.50000000 715.76397705    73350.48437500  58321.72656250  
0.21000    3603450.75000000 2340207.50000000 5805420.50000000 696.69683838    70819.80468750  56306.27734375  
0.21100    3531670.25000000 2295488.50000000 5692055.50000000 678.27404785    68341.83593750  54331.41406250  
0.21200    3460840.50000000 2251332.00000000 5580109.50000000 660.47753906    65915.64062500  52396.08984375  
0.21300    3390900.25000000 2207702.75000000 5469597.00000000 643.30828857    63540.23828125  50500.44140625  
0.21400    3321925.00000000 2164636.75000000 5360522.00000000 626.75836182    61216.74218750  48644.87890625  
0.21500    3253880.25000000 2122115.25000000 5252876.00000000 610.84124756    58945.27734375  46830.03906250  
0.21600    3186737.00000000 2080135.87500000 5146602.00000000 595.51556396    56723.07031250  45052.77343750  
0.21700    3120522.75000000 2038706.25000000 5041775.50000000 580.79687500    54552.22265625  43315.43750000  
0.21800    3055225.25000000 1997808.25000000 4938369.50000000 566.67724609    52431.88281250  41617.15234375  
0.21900    2990827.00000000 1957442.62500000 4836349.00000000 553.13836670    50360.37109375  39957.10937500  
0.22000    2927354.75000000 1917609.00000000 4735717.00000000 540.18475342    48339.84375000  38336.14843750  
0.22100    2864824.50000000 1878355.50000000 4636548.00000000 527.82104492    46370.36718750  36755.04296875  
0.22200    2803194.25000000 1839620.37500000 4538770.50000000 516.01757812    44449.42578125  35211.46875000  
0.22300    2742458.25000000 1801416.62500000 4442378.00000000 504.77020264    42577.77734375  33706.34765625  
0.22400    2682638.50000000 1763744.62500000 4347378.00000000 494.07452393    40754.69140625  32238.77734375  
0.22500    2623776.25000000 1726641.75000000 4253847.50000000 483.94525146    38981.79296875  30810.36914062  
0.22600    2565794.25000000 1690044.37500000 4161615.75000000 474.32763672    37256.05078125  29418.77539062  
0.22700    2508756.50000000 1654019.75000000 4070882.00000000 465.25796509    35580.00781250  28065.73632812  
0.22800    2452592.50000000 1618506.50000000 3981498.25000000 456.69357300    33950.98046875  26749.08203125  
0.22900    2397347.75000000 1583537.75000000 3893544.75000000 448.64016724    32369.00585938  25469.23828125  
0.23000    2343022.25000000 1549118.12500000 3806980.00000000 441.09497070    30835.05078125  24226.75585938  
0.23100    2289618.00000000 1515237.37500000 3721843.75000000 434.03286743    29348.34960938  23021.17773438  
0.23200    2237091.25000000 1481885.87500000 3638074.75000000 427.45202637    27907.15039062  21851.25585938  
0.23300    2185503.25000000 1449068.00000000 3555704.75000000 421.34365845    26512.28320312  20717.48828125  
0.23400    2134821.25000000 1416807.12500000 3474746.50000000 415.69680786    25163.47851562  19619.58007812  
0.23500    2085010.75000000 1385050.50000000 3395132.00000000 410.48809814    23858.23632812  18555.86328125  
0.23600    2036127.25000000 1353854.00000000 3316974.75000000 405.72824097    22599.10351562  17528.16015625  
0.23700    1988139.12500000 1323187.75000000 3240191.25000000 401.38928223    21384.20703125  16534.93554688  
0.23800    1941067.75000000 1293054.87500000 3164789.50000000 397.47042847    20212.86523438  15576.20703125  
0.23900    1894868.87500000 1263450.87500000 3090763.50000000 393.95431519    19084.05859375  14650.66503906  
0.24000    1849573.37500000 1234392.37500000 3018124.75000000 390.83190918    17998.26367188  13758.84863281  
0.24100    1805194.00000000 1205866.75000000 2946902.25000000 388.09838867    16955.48437500  12901.05566406  
0.24200    1761683.00000000 1177877.25000000 2877035.00000000 385.73876953    15954.09472656  12075.57519531  
0.24300    1719053.12500000 1150407.00000000 2808541.75000000 383.73178101    14993.11523438  11282.04101562  
0.24400    1677318.75000000 1123458.25000000 2741404.50000000 382.06912231    14072.46093750  10520.21972656  
0.24500    1636447.00000000 1097052.62500000 2675614.25000000 380.74404907    13191.58300781  9789.56640625   
0.24600    1596456.37500000 1071154.87500000 2611196.00000000 379.74801636    12350.24414062  9090.18261719   
0.24700    1557340.12500000 1045789.43750000 2548129.00000000 379.06079102    11547.21191406  8421.22753906   
0.24800    1519086.62500000 1020941.56250000 2486400.00000000 378.67864990    10782.05566406  7782.05175781   
0.24900    1481680.25000000 996599.75000000 2425977.00000000 378.57806396    10053.44140625  7172.02197266   
0.25000    1445137.37500000 972787.06250000 2366908.00000000 378.75878906    9361.92773438   6591.03564453   
0.25100    1409420.75000000 949463.87500000 2309130.75000000 379.19686890    8705.53906250   6037.91845703   
0.25200    1374580.37500000 926678.31250000 2252721.50000000 379.90512085    8085.34033203   5513.73388672   
0.25300    1340561.25000000 904383.37500000 2197575.00000000 380.84878540    7498.83007812   5016.33740234   
0.25400    1307372.37500000 882597.25000000 2143718.50000000 382.02410889    6946.30322266   4545.61425781   
0.25500    1274995.12500000 861290.81250000 2091118.25000000 383.41125488    6426.14355469   4100.71191406   
0.25600    1243430.12500000 840495.56250000 2039825.87500000 385.01745605    5938.42041016   3681.78149414   
0.25700    1212666.37500000 820183.93750000 1989773.87500000 386.81176758    5481.73144531   3287.64819336   
0.25800    1182708.12500000 800357.43750000 1940951.87500000 388.79739380    5056.22167969   2918.28979492   
0.25900    1153543.62500000 781013.00000000 1893393.87500000 390.96066284    4660.19238281   2572.71997070   
0.26000    1125151.25000000 762144.37500000 1847036.12500000 393.28976440    4293.83691406   2250.65112305   
0.26100    1097518.62500000 743743.06250000 1801886.87500000 395.75982666    3954.99829102   1950.53381348   
0.26200    1070679.87500000 725820.25000000 1757948.00000000 398.39318848    3644.86352539   1673.65771484   
0.26300    1044559.25000000 708341.87500000 1715155.25000000 401.14257812    3360.40527344   1417.29199219   
0.26400    1019194.43750000 691332.31250000 1673547.00000000 404.02642822    3102.73413086   1182.33947754   
0.26500    994575.25000000 674774.25000000 1633097.75000000 407.02517700    2870.30004883   967.92901611    
0.26600    970658.62500000 658657.06250000 1593770.25000000 410.12506104    2661.98925781   772.98309326    
0.26700    947468.25000000 642986.12500000 1555584.25000000 413.32714844    2478.02246094   597.53228760    
0.26800    924992.68750000 627748.62500000 1518514.12500000 416.61944580    2317.61157227   440.93997192    
0.26900    903177.81250000 612933.56250000 1482498.37500000 419.97540283    2178.32934570   301.55722046    
0.27000    882067.06250000 598547.68750000 1447584.50000000 423.41207886    2061.12353516   180.42970276    
0.27100    861617.62500000 584572.93750000 1413712.62500000 426.90600586    1964.50976562   75.54397583     
0.27200    841854.37500000 571025.18750000 1380917.12500000 430.46755981    1889.35900879   -11.76425171    
0.27300    822709.00000000 557862.81250000 1349115.75000000 434.05834961    1832.00329590   -84.49545288    
0.27400    804174.75000000 545083.62500000 1318273.75000000 437.67764282    1792.53430176   -142.74166870   
0.27500    786317.00000000 532727.12500000 1288508.62500000 441.35043335    1772.70507812   -184.73757935   
0.27600    769026.00000000 520726.96875000 1259633.87500000 445.03134155    1768.51831055   -214.03488159   
0.27700    752370.93750000 509122.93750000 1231768.12500000 448.73855591    1782.09106445   -229.00083923   
0.27800    736282.68750000 497877.53125000 1204813.75000000 452.44781494    1810.51391602   -231.46434021   
0.27900    720785.43750000 487003.50000000 1178791.50000000 456.16699219    1854.65563965   -221.28022766   
0.28000    705844.50000000 476480.81250000 1153653.00000000 459.88476562    1912.97668457   -199.22660828   
0.28100    691454.50000000 466305.75000000 1129399.12500000 463.58959961    1984.79394531   -165.85203552   
0.28200    677616.62500000 456483.62500000 1106012.62500000 467.28967285    2070.41821289   -121.42967987   
0.28300    664304.37500000 446995.53125000 1083472.25000000 470.96810913    2168.24267578   -66.54725647    
0.28400    651501.56250000 437828.15625000 1061744.87500000 474.62142944    2277.68994141   -2.20878863     
0.28500    639217.18750000 428993.34375000 1040841.75000000 478.24783325    2398.97802734   72.16884613     
0.28600    627406.43750000 420459.84375000 1020708.12500000 481.83825684    2530.12329102   154.67767334    
0.28700    616083.75000000 412244.53125000 1001357.81250000 485.39392090    2671.78320312   246.04182434    
0.28800    605221.43750000 404318.75000000 982737.00000000 488.90756226    2822.79687500   345.31103516    
0.28900    594834.62500000 396702.28125000 964891.25000000 492.37661743    2983.15893555   452.29852295    
0.29000    584862.75000000 389353.71875000 947707.06250000 495.79431152    3151.29394531   566.23394775    
0.29100    575350.56250000 382301.15625000 931260.50000000 499.16333008    3328.03173828   687.20666504    
0.29200    566250.18750000 375510.53125000 915472.81250000 502.47726440    3511.74829102   814.16766357    
0.29300    557560.68750000 368994.68750000 900362.50000000 505.73571777    3702.65283203   947.49591064    
0.29400    549252.68750000 362720.40625000 885853.37500000 508.91732788    3899.01147461   1085.28051758   
0.29500    541351.25000000 356715.25000000 872010.43750000 512.04876709    4102.30615234   1229.31896973   
0.29600    533805.37500000 350943.53125000 858746.56250000 515.10614014    4310.28417969   1377.34765625   
0.29700    526615.37500000 345406.62500000 846058.56250000 518.09143066    4522.99267578   1529.52246094   
0.29800    519791.87500000 340108.34375000 833962.75000000 521.00585938    4740.70703125   1686.21337891   
0.29900    513308.15625000 335035.06250000 822420.18750000 523.85498047    4962.88867188   1846.76843262   
0.30000    507139.18750000 330168.78125000 811387.62500000 526.61730957    5188.00781250   2009.99609375   
0.30100    501304.84375000 325525.81250000 800910.75000000 529.30639648    5416.82470703   2176.79296875   
0.30200    495751.21875000 321071.84375000 790888.62500000 531.91278076    5648.01171875   2345.72460938   
0.30300    490512.18750000 316825.09375000 781378.81250000 534.44104004    5882.21044922   2517.51464844   
0.30400    485557.21875000 312772.68750000 772337.06250000 536.88879395    6118.65087891   2691.37792969   
0.30500    480863.37500000 308892.15625000 763724.00000000 539.24298096    6356.28613281   2866.69555664   
0.30600    476432.59375000 305193.06250000 755543.68750000 541.51324463    6595.37744141   3043.55419922   
0.30700    472274.43750000 301674.84375000 747809.12500000 543.70367432    6836.30029297   3222.00878906   
0.30800    468341.34375000 298313.00000000 740456.81250000 545.80187988    7077.27880859   3401.16113281   
0.30900    464656.62500000 295118.62500000 733502.37500000 547.81317139    7319.41601562   3581.37524414   
0.31000    461188.90625000 292076.34375000 726924.87500000 549.73236084    7561.44042969   3761.88354492   
0.31100    457932.06250000 289179.40625000 720680.68750000 551.56378174    7803.34423828   3942.75097656   
0.31200    454885.25000000 286426.56250000 714800.00000000 553.30334473    8045.15429688   4123.69726562   
0.31300    452032.34375000 283808.62500000 709238.68750000 554.94958496    8285.98242188   4304.57080078   
0.31400    449380.62500000 281332.37500000 704019.25000000 556.50646973    8526.61718750   4485.37988281   
0.31500    446889.84375000 278971.00000000 699065.06250000 557.96777344    8765.76074219   4665.26074219   
0.31600    444579.59375000 276733.43750000 694415.12500000 559.33959961    9003.76660156   4844.59326172   
0.31700    442436.43750000 274613.43750000 690040.87500000 560.61645508    9240.63183594   5023.28710938   
0.31800    440432.03125000 272600.43750000 685915.18750000 561.79382324    9474.81347656   5200.38281250   
0.31900    438593.28125000 270700.78125000 682071.12500000 562.88464355    9708.23925781   5376.87792969   
0.32000    436883.31250000 268897.53125000 678443.00000000 563.87634277    9938.89843750   5551.69384766   
0.32100    435304.59375000 267188.31250000 675039.31250000 564.77471924    10167.52441406  5725.10400391   
0.32200    433862.59375000 265581.56250000 671865.43750000 565.58172607    10393.90722656  5897.08691406   
0.32300    432514.75000000 264045.93750000 668863.25000000 566.28637695    10616.97460938  6066.73242188   
0.32400    431284.56250000 262597.50000000 666065.81250000 566.89685059    10837.68164062  6234.74023438   
0.32500    430156.18750000 261225.48437500 663434.75000000 567.41058350    11055.17578125  6400.41503906   
0.32600    429127.59375000 259931.39062500 660987.87500000 567.82751465    11269.91894531  6564.21875000   
0.32700    428186.96875000 258705.10937500 658697.37500000 568.15625000    11481.39746094  6725.71826172   
0.32800    427345.34375000 257555.82812500 656576.06250000 568.38903809    11690.03125000  6885.29492188   
0.32900    426558.40625000 256455.23437500 654563.87500000 568.52313232    11894.44042969  7041.76464844   
0.33000    425862.93750000 255422.68750000 652707.37500000 568.56506348    12095.92675781  7196.15966797   
0.33100    425206.31250000 254424.03125000 650925.62500000 568.50164795    12292.57031250  7347.01123047   
0.33200    424649.37500000 253506.12500000 649321.18750000 568.35931396    12487.32226562  7496.50830078   
0.33300    424126.03125000 252618.81250000 647786.62500000 568.11206055    12676.96582031  7642.33007812   
0.33400    423661.06250000 251782.96875000 646356.12500000 567.77044678    12863.12890625  7785.61962891   
0.33500    423235.18750000 250985.00000000 645009.43750000 567.33679199    13044.90722656  7925.71289062   
0.33600    422852.71875000 250222.76562500 643741.68750000 566.80407715    13222.55859375  8062.83154297   
0.33700    422500.50000000 249495.31250000 642538.25000000 566.18200684    13395.99218750  8196.77441406   
0.33800    422191.75000000 248807.23437500 641423.25000000 565.47045898    13565.50683594  8327.97363281   
0.33900    421897.96875000 248138.21875000 640337.25000000 564.65826416    13730.35937500  8455.56542969   
0.34000    421633.12500000 247503.92187500 639316.06250000 563.75421143    13890.65234375  8580.02441406   
0.34100    421385.12500000 246886.96875000 638337.56250000 562.75891113    14046.59179688  8701.13574219   
0.34200    421174.37500000 246307.23437500 637427.25000000 561.68084717    14198.70996094  8819.60253906   
0.34300    420952.53125000 245731.10937500 636517.62500000 560.49969482    14345.31738281  8933.99609375   
0.34400    420762.40625000 245186.73437500 635667.12500000 559.23583984    14488.31347656  9045.56640625   
0.34500    420564.75000000 244647.98437500 634822.93750000 557.87994385    14626.03906250  9153.45800781   
0.34600    420390.78125000 244133.95312500 634025.56250000 556.44421387    14759.91406250  9258.39160156   
0.34700    420186.96875000 243612.87500000 633192.81250000 554.90747070    14888.10546875  9359.22265625   
0.34800    420001.65625000 243113.73437500 632403.43750000 553.28869629    15011.91406250  9456.84472656   
0.34900    419809.21875000 242617.34375000 631610.06250000 551.58227539    15131.04882812  9551.15820312   
0.35000    419606.12500000 242127.71875000 630817.18750000 549.79138184    15245.30371094  9641.82128906   
0.35100    419409.84375000 241653.56250000 630048.00000000 547.91949463    15355.67578125  9729.55078125   
0.35200    419173.37500000 241162.29687500 629228.37500000 545.95910645    15460.07031250  9812.87597656   
0.35300    418934.15625000 240678.70312500 628415.50000000 543.91497803    15559.98144531  9892.99902344   
0.35400    418688.56250000 240201.89062500 627598.43750000 541.79309082    15655.23144531  9969.84863281   
0.35500    418422.71875000 239721.40625000 626763.62500000 539.58996582    15745.75781250  10043.02050781  
0.35600    418126.62500000 239228.48437500 625898.25000000 537.30603027    15831.22558594  10112.60253906  
0.35700    417819.03125000 238737.12500000 625012.31250000 534.94915771    15912.05078125  10178.72851562  
0.35800    417491.06250000 238245.29687500 624114.00000000 532.51397705    15988.18750000  10241.59179688  
0.35900    417140.28125000 237743.96875000 623185.18750000 530.00787354    16059.63867188  10300.90136719  
0.36000    416773.87500000 237243.50000000 622244.50000000 527.42993164    16126.63574219  10357.03515625  
0.36100    416368.28125000 236724.28125000 621244.93750000 524.77258301    16188.31542969  10409.17968750  
0.36200    415961.96875000 236215.46875000 620264.43750000 522.05798340    16246.22656250  10458.83496094  
0.36300    415500.78125000 235675.48437500 619197.37500000 519.26550293    16298.57910156  10504.22656250  
0.36400    415014.25000000 235130.81250000 618104.75000000 516.40673828    16346.23437500  10546.37109375  
0.36500    414497.37500000 234573.21875000 616969.43750000 513.48364258    16389.27539062  10585.14062500  
0.36600    413969.09375000 234013.51562500 615822.68750000 510.50677490    16428.41601562  10621.08691406  
0.36700    413392.90625000 233432.50000000 614614.00000000 507.45755005    16462.10742188  10652.99902344  
0.36800    412816.31250000 232857.21875000 613408.31250000 504.36160278    16492.62109375  10682.73242188  
0.36900    412199.71875000 232263.82812500 612146.06250000 501.20794678    16518.21093750  10709.02343750  
0.37000    411526.46875000 231642.10937500 610809.68750000 497.98873901    16538.47851562  10731.28808594  
0.37100    410833.93750000 231011.75000000 609439.37500000 494.72116089    16554.66015625  10750.74707031  
0.37200    410129.06250000 230381.46875000 608060.87500000 491.41137695    16567.36328125  10767.50488281  
0.37300    409376.56250000 229727.06250000 606619.68750000 488.04556274    16575.15429688  10780.93945312  
0.37400    408605.96875000 229067.89062500 605153.31250000 484.64337158    16579.35742188  10791.73535156  
0.37500    407801.62500000 228389.03125000 603639.93750000 481.19604492    16579.20507812  10799.49511719  
0.37600    406974.34375000 227704.65625000 602097.87500000 477.70678711    16575.08007812  10804.33886719  
0.37700    406101.21875000 226996.07812500 600486.18750000 474.17816162    16566.64453125  10806.05761719  
0.37800    405210.78125000 226279.71875000 598855.25000000 470.61627197    16554.50781250  10805.27148438  
0.37900    404304.71875000 225558.06250000 597201.25000000 467.02737427    16539.03710938  10802.12304688  
0.38000    403353.68750000 224813.12500000 595488.75000000 463.39852905    16519.26953125  10795.80664062  
0.38100    402370.87500000 224053.06250000 593727.06250000 459.74301147    16495.58398438  10786.71972656  
0.38200    401372.56250000 223288.12500000 591945.25000000 456.06683350    16468.64453125  10775.55468750  
0.38300    400335.09375000 222499.65625000 590102.62500000 452.36651611    16437.81445312  10761.27832031  
0.38400    399292.06250000 221714.39062500 588265.00000000 448.64666748    16404.21289062  10745.25000000  
0.38500    398199.37500000 220901.65625000 586358.37500000 444.90762329    16366.52734375  10726.30566406  
0.38600    397108.06250000 220091.87500000 584445.87500000 441.16052246    16326.34863281  10705.65820312  
0.38700    395971.12500000 219255.75000000 582468.50000000 437.39126587    16282.03515625  10681.96289062  
0.38800    394818.53125000 218412.40625000 580469.25000000 433.61834717    16235.04394531  10656.49414062  
0.38900    393635.90625000 217555.81250000 578425.75000000 429.83432007    16184.80371094  10628.57812500  
0.39000    392452.21875000 216701.07812500 576393.06250000 426.05636597    16132.47460938  10599.38574219  
0.39100    391234.50000000 215824.64062500 574302.31250000 422.27252197    16076.75000000  10567.62695312  
0.39200    390004.03125000 214944.28125000 572198.06250000 418.49044800    16018.31054688  10534.20214844  
0.39300    388747.90625000 214049.70312500 570052.50000000 414.70880127    15957.05664062  10498.68847656  
0.39400    387493.75000000 213158.85937500 567913.75000000 410.94299316    15894.13769531  10462.02343750  
0.39500    386200.62500000 212245.65625000 565715.68750000 407.17678833    15827.86425781  10422.87792969  
0.39600    384892.03125000 211326.98437500 563507.87500000 403.42428589    15759.31445312  10382.31250000  
0.39700    383570.56250000 210399.01562500 561268.87500000 399.68649292    15688.55371094  10340.18066406  
0.39800    382247.03125000 209471.28125000 559034.18750000 395.96847534    15615.96289062  10296.83398438  
0.39900    380899.59375000 208530.20312500 556758.56250000 392.26882935    15541.24121094  10251.82324219  
0.40000    379538.96875000 207581.06250000 554470.93750000 388.58963013    15464.45312500  10205.44726562  
0.40100    378168.46875000 206626.09375000 552159.62500000 384.93035889    15385.50097656  10157.61816406  
0.40200    376794.03125000 205673.65625000 549856.00000000 381.30151367    15305.36621094  10108.82324219  
0.40300    375399.34375000 204706.57812500 547512.75000000 377.69781494    15222.87304688  10058.56152344  
0.40400    374002.40625000 203740.10937500 545175.18750000 374.12615967    15139.43359375  10007.60839844  
0.40500    372595.93750000 202769.18750000 542819.75000000 370.58441162    15054.15722656  9955.29492188   
0.40600    371190.21875000 201798.60937500 540468.18750000 367.08648682    14968.10839844  9902.51269531   
0.40700    369772.65625000 200820.62500000 538097.68750000 363.61972046    14880.39746094  9848.56640625   
0.40800    368348.37500000 199839.00000000 535714.62500000 360.18933105    14791.28027344  9793.68554688   
0.40900    366916.21875000 198851.82812500 533324.56250000 356.79843140    14701.09667969  9737.94140625   
0.41000    365500.00000000 197874.40625000 530958.25000000 353.45770264    14610.62792969  9682.08398438   
0.41100    364062.93750000 196887.40625000 528564.87500000 350.15112305    14518.48730469  9625.03808594   
0.41200    362620.25000000 195894.84375000 526160.62500000 346.88925171    14425.42285156  9567.36621094   
0.41300    361192.78125000 194912.06250000 523781.87500000 343.68154907    14332.31738281  9509.60839844   
0.41400    359749.40625000 193918.34375000 521374.78125000 340.51824951    14237.99511719  9451.04296875   
0.41500    358322.40625000 192935.75000000 518997.50000000 337.40853882    14143.59375000  9392.43554688   
0.41600    356874.65625000 191939.09375000 516580.12500000 334.33953857    14047.87402344  9332.79101562   
0.41700    355444.43750000 190955.42187500 514199.03125000 331.32968140    13952.51171875  9273.53125000   
0.41800    354031.78125000 189979.59375000 511841.53125000 328.38085938    13857.37792969  9214.37207031   
0.41900    352579.87500000 188980.96875000 509425.21875000 325.46524048    13760.28027344  9153.81347656   
0.42000    351160.75000000 188000.07812500 507054.15625000 322.61932373    13664.23730469  9093.88378906   
0.42100    349748.25000000 187026.95312500 504705.93750000 319.82962036    13568.20214844  9034.05273438   
0.42200    348337.09375000 186051.60937500 502350.46875000 317.09365845    13471.89160156  8974.09667969   
0.42300    346920.09375000 185071.95312500 499985.00000000 314.41192627    13375.33203125  8913.71484375   
0.42400    345512.06250000 184099.84375000 497637.15625000 311.78759766    13278.94433594  8853.63378906   
0.42500    344113.46875000 183130.65625000 495305.96875000 309.22607422    13182.89355469  8793.68261719   
0.42600    342707.40625000 182158.35937500 492963.37500000 306.71392822    13086.65429688  8733.58691406   
0.42700    341329.09375000 181201.48437500 490657.53125000 304.27233887    12991.45800781  8674.09960938   
0.42800    339943.59375000 180240.45312500 488345.43750000 301.88259888    12895.90429688  8614.43261719   
0.42900    338582.28125000 179292.82812500 486068.03125000 299.55816650    12801.48925781  8555.45312500   
0.43000    337219.00000000 178344.09375000 483787.96875000 297.28927612    12707.08984375  8496.55957031   
0.43100    335841.87500000 177388.10937500 481491.75000000 295.07196045    12612.48535156  8437.35449219   
0.43200    334501.25000000 176452.14062500 479246.18750000 292.92288208    12519.42382812  8379.25683594   
0.43300    333152.75000000 175514.09375000 476991.28125000 290.83001709    12426.44824219  8321.11132812   
0.43400    331817.00000000 174582.43750000 474757.84375000 288.79577637    12334.06250000  8263.44531250   
0.43500    330486.56250000 173652.92187500 472527.00000000 286.81704712    12242.14355469  8205.98535156   
0.43600    329180.75000000 172737.79687500 470336.90625000 284.90539551    12151.76269531  8149.54980469   
0.43700    327860.00000000 171816.92187500 468131.68750000 283.04141235    12061.23632812  8092.96337891   
0.43800    326546.46875000 170896.31250000 465927.00000000 281.23312378    11971.45996094  8036.74169922   
0.43900    325253.43750000 169991.70312500 463760.34375000 279.48855591    11882.66113281  7981.31347656   
0.44000    323966.00000000 169090.95312500 461600.15625000 277.79476929    11794.68652344  7926.32177734   
0.44100    322685.43750000 168193.21875000 459452.31250000 276.15914917    11707.45019531  7871.81591797   
0.44200    321413.71875000 167301.45312500 457321.90625000 274.57614136    11621.12304688  7817.78466797   
0.44300    320151.03125000 166416.46875000 455203.31250000 273.04571533    11535.62500000  7764.31884766   
0.44400    318897.18750000 165536.40625000 453098.40625000 271.56991577    11450.96875000  7711.49072266   
0.44500    317628.40625000 164648.51562500 450972.18750000 270.14041138    11366.48925781  7658.53125000   
0.44600    316376.43750000 163771.42187500 448874.46875000 268.76025391    11283.15722656  7606.36181641   
0.44700    315144.62500000 162908.37500000 446808.50000000 267.43640137    11201.15820312  7555.07568359   
0.44800    313902.65625000 162036.67187500 444721.90625000 266.15509033    11119.50585938  7503.92626953   
0.44900    312683.93750000 161183.29687500 442680.34375000 264.93161011    11039.22851562  7453.76025391   
0.45000    311469.59375000 160332.51562500 440642.68750000 263.75122070    10959.98925781  7404.18896484   
0.45100    310241.06250000 159474.39062500 438583.12500000 262.60891724    10880.74511719  7354.46777344   
0.45200    309029.75000000 158629.23437500 436558.56250000 261.51663208    10802.96386719  7305.70312500   
0.45300    307818.37500000 157782.79687500 434525.40625000 260.46514893    10725.68359375  7257.26025391   
0.45400    306616.84375000 156946.20312500 432513.37500000 259.45468140    10649.45410156  7209.49169922   
0.45500    305416.84375000 156111.95312500 430509.65625000 258.48977661    10574.11035156  7162.25683594   
0.45600    304216.93750000 155279.04687500 428503.93750000 257.55990601    10499.32812500  7115.27001953   
0.45700    303025.87500000 154453.92187500 426514.09375000 256.67117310    10425.67285156  7069.09716797   
0.45800    301826.21875000 153625.06250000 424515.06250000 255.81829834    10352.61132812  7023.09521484   
0.45900    300631.31250000 152800.32812500 422520.84375000 254.99894714    10280.02539062  6977.49072266   
0.46000    299453.09375000 151989.51562500 420563.28125000 254.22448730    10209.18359375  6932.96826172   
0.46100    298249.12500000 151163.39062500 418561.09375000 253.46981812    10137.91601562  6888.06884766   
0.46200    297071.34375000 150356.32812500 416603.53125000 252.75921631    10068.25781250  6844.28564453   
0.46300    295882.28125000 149544.26562500 414629.09375000 252.07733154    9999.00097656   6800.57861328   
0.46400    294683.50000000 148729.96875000 412648.90625000 251.42144775    9930.19433594   6757.20703125   
0.46500    293500.37500000 147928.59375000 410691.62500000 250.80116272    9862.51269531   6714.51708984   
0.46600    292306.84375000 147121.93750000 408719.56250000 250.20350647    9795.28125000   6672.06347656   
0.46700    291102.40625000 146311.37500000 406735.78125000 249.63066101    9728.24414062   6629.62792969   
0.46800    289920.81250000 145519.31250000 404791.00000000 249.09375000    9662.80859375   6588.32958984   
0.46900    288714.12500000 144713.04687500 402808.18750000 248.57347107    9597.04101562   6546.69238281   
0.47000    287508.71875000 143911.34375000 400831.34375000 248.07829285    9532.17968750   6505.56884766   
0.47100    286302.28125000 143113.29687500 398858.53125000 247.60935974    9468.00000000   6464.87646484   
0.47200    285093.65625000 142316.37500000 396883.68750000 247.16117859    9404.33886719   6424.52441406   
0.47300    283885.53125000 141524.51562500 394916.59375000 246.73533630    9341.37402344   6384.63037109   
0.47400    282653.46875000 140720.10937500 392915.87500000 246.32301331    9278.26757812   6344.37988281   
0.47500    281433.56250000 139926.28125000 390932.65625000 245.93817139    9216.18554688   6304.96728516   
0.47600    280217.96875000 139138.51562500 388961.00000000 245.57382202    9155.04687500   6266.13037109   
0.47700    278965.96875000 138335.37500000 386943.03125000 245.21282959    9093.11523438   6226.64550781   
0.47800    277725.00000000 137539.51562500 384941.06250000 244.88137817    9032.39257812   6187.90722656   
0.47900    276486.90625000 136750.59375000 382950.78125000 244.56576538    8972.30664062   6149.64697266   
0.48000    275221.81250000 135949.92187500 380921.65625000 244.26022339    8912.00781250   6111.16845703   
0.48100    273980.90625000 135166.71875000 378935.00000000 243.97923279    8853.06054688   6073.56884766   
0.48200    272692.90625000 134357.98437500 376878.50000000 243.69712830    8793.04589844   6035.14941406   
0.48300    271410.12500000 133558.62500000 374837.28125000 243.43450928    8733.99121094   5997.37646484   
0.48400    270129.75000000 132762.21875000 372798.84375000 243.18922424    8675.65917969   5960.00683594   
0.48500    268835.25000000 131964.60937500 370750.84375000 242.95402527    8617.37597656   5922.79833984   
0.48600    267542.96875000 131170.56250000 368706.62500000 242.73571777    8559.76074219   5885.94531250   
0.48700    266235.90625000 130372.79687500 366645.43750000 242.52423096    8502.19921875   5849.10644531   
0.48800    264905.62500000 129565.12500000 364551.84375000 242.32136536    8444.55761719   5812.06250000   
0.48900    263579.46875000 128763.37500000 362470.09375000 242.13005066    8387.38378906   5775.43603516   
0.49000    262248.18750000 127962.39843750 360382.56250000 241.95140076    8330.77441406   5739.14013672   
0.49100    260914.85937500 127164.94531250 358302.31250000 241.78666687    8274.65820312   5703.22753906   
0.49200    259558.43750000 126358.53125000 356188.09375000 241.62937927    8218.38281250   5667.11669922   
0.49300    258198.18750000 125554.32812500 354074.15625000 241.47984314    8162.57031250   5631.32568359   
0.49400    256831.95312500 124749.60937500 351953.71875000 241.34027100    8107.11425781   5595.72460938   
0.49500    255451.34375000 123941.34375000 349815.93750000 241.20658875    8051.61328125   5560.14111328   
0.49600    254075.54687500 123140.78906250 347695.84375000 241.09158325    7997.02246094   5525.17919922   
0.49700    252677.75000000 122330.23437500 345540.71875000 240.97698975    7942.15673828   5489.95263672   
0.49800    251283.73437500 121525.83593750 343397.34375000 240.87435913    7887.93359375   5455.26123047   
0.49900    249867.65625000 120713.14843750 341227.34375000 240.77703857    7833.50488281   5420.35400391   
0.50000    248455.73437500 119906.59375000 339068.93750000 240.69059753    7779.78466797   5385.97656250   
