4.549983785871236641e-02
4.545282221039342180e-02
4.541372296260889202e-02
4.537576572493784433e-02
4.533489390979472677e-02
4.528767209165533020e-02
4.524043865404280690e-02
4.517654411834898243e-02
4.510709188766195282e-02
4.503961265741248526e-02
4.498051108442899931e-02
4.492141117428760655e-02
4.485673860551643577e-02
4.478872095195137598e-02
4.472068606072115288e-02
4.465215444593176319e-02
4.458363795873615532e-02
4.451033494052933359e-02
4.443231209690128025e-02
4.435425902773875578e-02
4.427903749465509492e-02
4.420397640116965898e-02
4.412552509419678803e-02
4.404139437645531591e-02
4.395728172740003686e-02
4.387361241311233534e-02
4.379006887875559750e-02
4.370406738855724810e-02
4.361082621588985991e-02
4.351755637309514396e-02
4.342348364898282465e-02
4.332901601435477923e-02
4.323432097997499668e-02
4.313788071190254730e-02
4.304147063596729800e-02
4.294067314243744937e-02
4.283653689546251114e-02
4.273237650512292513e-02
4.262735515713051565e-02
4.252231675768283065e-02
4.241688052400258840e-02
4.231087736191257304e-02
4.220489922022307994e-02
4.209286952248451202e-02
4.198001344246474892e-02
4.186553778645227264e-02
4.174761435291775291e-02
4.162966982020735451e-02
4.151162425986660437e-02
4.139351632085727650e-02
4.127447133675392343e-02
4.115128750190360368e-02
4.102807720500712546e-02
4.090473956729934885e-02
4.078127344338221272e-02
4.065775507251516430e-02
4.053301380006905236e-02
4.040830553721436180e-02
4.028034222117748975e-02
4.014920984462938547e-02
4.001807734157388635e-02
3.988432697390281029e-02
3.975044632398300193e-02
3.961612974545192234e-02
3.948118579575613657e-02
3.934620928484113683e-02
3.921273234096649823e-02
3.907958051379106790e-02
3.894539778527592033e-02
3.880827866347580368e-02
3.867112487254827785e-02
3.852993754316678954e-02
3.838692514422190755e-02
3.824359628545299233e-02
3.809838496773192140e-02
3.795317722115471720e-02
3.780796758004306701e-02
3.766282206140449812e-02
3.751763877665369173e-02
3.736863671540176929e-02
3.721964056788691633e-02
3.707099467794922748e-02
3.692289347147151291e-02
3.677478785706443654e-02
3.662637635935038494e-02
3.647796254407535688e-02
3.632859056186060059e-02
3.617708616517893022e-02
3.602562246463102136e-02
3.587379256602231392e-02
3.572179077722385798e-02
3.556970455287533639e-02
3.541704925790960939e-02
3.526436682569185355e-02
3.511099119445191402e-02
3.495718473799334924e-02
3.480294199002529482e-02
3.464294080170110535e-02
3.448293388354160827e-02
3.432381255481060933e-02
3.416552920337054267e-02
3.400728675350497138e-02
3.385232950364581994e-02
3.369755290570067285e-02
3.354135060722206185e-02
3.338271526759545305e-02
3.322407920732178138e-02
3.306600284553778968e-02
3.290811647746490209e-02
3.275032236621005372e-02
3.259282182049368787e-02
3.243531700501652015e-02
3.227541687881253785e-02
3.211449034985357220e-02
3.195371040541893776e-02
3.179396205313978624e-02
3.163417498627897617e-02
3.147325820029536758e-02
3.131143489722913037e-02
3.114960885762778700e-02
3.098869468419176293e-02
3.082778387818913002e-02
3.066792885868981772e-02
3.050952343057063837e-02
3.035112223170107967e-02
3.019356724177347379e-02
3.003614162753341990e-02
2.987724071871502435e-02
2.971504614697820928e-02
2.955288842118979770e-02
2.939502333791825170e-02
2.923859793090166290e-02
2.908166187316112150e-02
2.892249278177353930e-02
2.876333359227518580e-02
2.860251823255775816e-02
2.844071598484231717e-02
2.827927767341684509e-02
2.812421798163528344e-02
2.796915743686815073e-02
2.781406490037097168e-02
2.765893693458311431e-02
2.750381110688320668e-02
2.734479006151035313e-02
2.718550113831530099e-02
2.702788549059203030e-02
2.687309048996686447e-02
2.671829921188705048e-02
2.656242604601810609e-02
2.640630887465071283e-02
2.625121958522083979e-02
2.609925995849330521e-02
2.594729863893472169e-02
2.579211008964291812e-02
2.563543296570777730e-02
2.547928336673046731e-02
2.532696516221900201e-02
2.517464687373728582e-02
2.502280099903581717e-02
2.487133363250387461e-02
2.471986234974039159e-02
2.456989241516926992e-02
2.441991701641963927e-02
2.426984466348648672e-02
2.411964121558830484e-02
2.396943380633654447e-02
2.382174856391757606e-02
2.367439777502932524e-02
2.352747066691775191e-02
2.338149496999194707e-02
2.323552286290484284e-02
2.308796091772642722e-02
2.293985622640927480e-02
2.279276291912685909e-02
2.265026681563530805e-02
2.250773572162596825e-02
2.236532141419643807e-02
2.222297764528666925e-02
2.208072257830485247e-02
2.193994938256082702e-02
2.179920370444143538e-02
2.165926122734049622e-02
2.152016114239410291e-02
2.138106582824179230e-02
2.124287122753376264e-02
2.110478136995245710e-02
2.096700694161370351e-02
2.082984027728094698e-02
2.069267494550106057e-02
2.055757926527197049e-02
2.042294658186985870e-02
2.028899778993750389e-02
2.015725226850242913e-02
2.002546493242472747e-02
1.989332010112283139e-02
1.976100547989448342e-02
1.962884703212415538e-02
1.949760254678036334e-02
1.936635654863900005e-02
1.923660217565351105e-02
1.910799975881900467e-02
1.897939965570475881e-02
1.885222747901984380e-02
1.872503704653342982e-02
1.859839513727709961e-02
1.847241847725615560e-02
1.834644493190580247e-02
1.822182352676446002e-02
1.809738225499367414e-02
1.797342890706433646e-02
1.785050306084014909e-02
1.772761013726212309e-02
1.760641272727545351e-02
1.748582390117182223e-02
1.736537957334053847e-02
1.724544803245779342e-02
1.712554216849187030e-02
1.700696976046183612e-02
1.688929660691199444e-02
1.677163689212951211e-02
1.665493003563875071e-02
1.653819630578442709e-02
1.642270232844710715e-02
1.630846287419056989e-02
1.619425691283954763e-02
1.608085492283032464e-02
1.596749105050723413e-02
1.585483945886013990e-02
1.574337611719928490e-02
1.563194112218143153e-02
1.552252728610815230e-02
1.541361171069131723e-02
1.530504809886695100e-02
1.519682599493701707e-02
1.508888247634151969e-02
1.498220443543486595e-02
1.487615578198528583e-02
1.477020822983758121e-02
1.466516440723855501e-02
1.456011221637444793e-02
1.445530509575719373e-02
1.435042911283744213e-02
1.424582190565039201e-02
1.414584167591662056e-02
1.404595515207338920e-02
1.394546614731673011e-02
1.384411216078749486e-02
1.374276624495730445e-02
1.364326814163445076e-02
1.354383410632138511e-02
1.344588422293615734e-02
1.335093505051871896e-02
1.325598591255581181e-02
1.315980684883760396e-02
1.306317245653056992e-02
1.296715931488159543e-02
1.287441928223122430e-02
1.278144578714044029e-02
1.268828380393071352e-02
1.259484713190857190e-02
1.250155056167763339e-02
1.241200373358331173e-02
1.232245471256100157e-02
1.223290238581212566e-02
1.214335924736898407e-02
1.205381432918133967e-02
1.196511868566831234e-02
1.187676343101287495e-02
1.178905630118990203e-02
1.170257537816134230e-02
1.161609034045843827e-02
1.153080384290051420e-02
1.144584764234442796e-02
1.136121722106076155e-02
1.127772613326463898e-02
1.119423678125563114e-02
1.111111428506047355e-02
1.102796903947500864e-02
1.094521505664901480e-02
1.086421449103901725e-02
1.078322237969261445e-02
1.070333239483589431e-02
1.062442453464660513e-02
1.054551563180147408e-02
1.046890168553738648e-02
1.039237029364200975e-02
1.031475933721278521e-02
1.023552471385311656e-02
1.015609210626687055e-02
1.008095049950291471e-02
1.000659726418875496e-02
9.932250374376104876e-03
9.857929206861513680e-03
9.783611237942888700e-03
9.710449970952267709e-03
9.637756743168376591e-03
9.565079758251871650e-03
9.492528353415090672e-03
9.419978507284510263e-03
9.348711349171102622e-03
9.278378248145608548e-03
9.208072287625344854e-03
9.139310131934072490e-03
9.070723335930288081e-03
9.002034359522391796e-03
8.933221769912565863e-03
8.864410409535035743e-03
8.797158894443034630e-03
8.730098269734176339e-03
8.663609322289976891e-03
8.598287556686949606e-03
8.532967730981777521e-03
8.468214289190947180e-03
8.403647346657269063e-03
8.339414412953471620e-03
8.276586579440421698e-03
8.213754935977349639e-03
8.151774422360305236e-03
8.090285516348154349e-03
8.028728362792562218e-03
7.966249601573906908e-03
7.903763471652487313e-03
7.842704786302268777e-03
7.783333202417117708e-03
7.723957422127317521e-03
7.665807131271211959e-03
7.607730193841524477e-03
7.549217320808031609e-03
7.490005993260807904e-03
7.430795685822524227e-03
7.373828269779438178e-03
7.317362121318381554e-03
7.261091573471129858e-03
7.205381050671339806e-03
7.149668906579098766e-03
7.094464951217321902e-03
7.039495486615294714e-03
6.984698782099269150e-03
6.931106740753686934e-03
6.877515509421641866e-03
6.824085228939375837e-03
6.770782637406580137e-03
6.717474059748104222e-03
6.666120007423503857e-03
6.614778558629580939e-03
6.564234721369936396e-03
6.514737672103060317e-03
6.465244728257621941e-03
6.414133460498926131e-03
6.362773494728008079e-03
6.312411119199010448e-03
6.264331563978065356e-03
6.216249586985538381e-03
6.168295777176822751e-03
6.120389467540956856e-03
6.072527288566871226e-03
6.024880346347243239e-03
5.977230442176032811e-03
5.930237933378315271e-03
5.883661338223987111e-03
5.837157195171320014e-03
5.792054315344458484e-03
5.746950422387549218e-03
5.701693498238972514e-03
5.656264566987929954e-03
5.610832660226430443e-03
5.567205423054833770e-03
5.523724696498991983e-03
5.480714965613717703e-03
5.438535128847728911e-03
5.396353255800203502e-03
5.354160972142649536e-03
5.311971127026120926e-03
5.269861273275815855e-03
5.228022249095136582e-03
5.186183376413521472e-03
5.145416681596685221e-03
5.105182083277926865e-03
5.065012614227898391e-03
5.025434108634274817e-03
4.985852809970462915e-03
4.946599176476600135e-03
4.907728267154110556e-03
4.868760788999121000e-03
4.830340506892573729e-03
4.791941624980502329e-03
4.753875071230557331e-03
4.716296907473120116e-03
4.678720797418473194e-03
4.641821686352493904e-03
4.605057370770849860e-03
4.568419997903093270e-03
4.532129070291618204e-03
4.495837192244782517e-03
4.459918747650018500e-03
4.424143232685365072e-03
4.388611810506344926e-03
4.354500038078038850e-03
4.320389619867737001e-03
4.286155136639134729e-03
4.251916010319764690e-03
4.217620290009322162e-03
4.184991754968169463e-03
4.152365112244601510e-03
4.119582863975981141e-03
4.086623458154756486e-03
4.053667033746943989e-03
4.021193009871043382e-03
3.988787584186010912e-03
3.956681660643744658e-03
3.925211281929698835e-03
3.893743444865040496e-03
3.862072541333398928e-03
3.830422335908034454e-03
3.799091048402818745e-03
3.769438165735371563e-03
3.739783953489409819e-03
3.710112618283114162e-03
3.680429215978396444e-03
3.650771017533844739e-03
3.621418926347120485e-03
3.592064485538962616e-03
3.563202862036034257e-03
3.534894809457906750e-03
3.506515892287061491e-03
3.478163470836374057e-03
3.449810614052147440e-03
3.421781388107836708e-03
3.394287974672678242e-03
3.366797408616633083e-03
3.339714155856605103e-03
3.312734133259981947e-03
3.285940542537780108e-03
3.259464354276678417e-03
3.232985518471884635e-03
3.207134640943560752e-03
3.181580666120379600e-03
3.156052849351442813e-03
3.130716331326098469e-03
3.105378530738805553e-03
3.080271769591922185e-03
3.055241230268018835e-03
3.030213446327079379e-03
3.005820139651263836e-03
2.981435774647470029e-03
2.957214996378202277e-03
2.933229737386108642e-03
2.909299504894977996e-03
2.885399440452441309e-03
2.861513937473789560e-03
2.838109269121014220e-03
2.815896924815459914e-03
2.793685522635290693e-03
2.770846003665666281e-03
2.747817050439885396e-03
2.724859561063515574e-03
2.702587370457066283e-03
2.680315620010246223e-03
2.658062605544051632e-03
2.635827467728772255e-03
2.613685778961812294e-03
2.593061941421063304e-03
2.572434632814212668e-03
2.551566755949555027e-03
2.530407148558244407e-03
2.509252503791719723e-03
2.488589801717714604e-03
2.467926982821846537e-03
2.447422354204884919e-03
2.427238910003794506e-03
2.407055465802703225e-03
2.387424008090161323e-03
2.367887653962526002e-03
2.348428967992986609e-03
2.329252195287614177e-03
2.310077025783087261e-03
2.291064365251615186e-03
2.272064011868320851e-03
2.253093368121943801e-03
2.234435264391420109e-03
2.215781781390645765e-03
2.197425992162227622e-03
2.179261479639435853e-03
2.161101182841063378e-03
2.143022062745883211e-03
2.124938474238802135e-03
2.107128485972773520e-03
2.089655138065484551e-03
2.072176243784385266e-03
2.054779494062400867e-03
2.037393324693304985e-03
2.020254212355954409e-03
2.003673507990256716e-03
1.987095885051931403e-03
1.970688677821041002e-03
1.954395986057846316e-03
1.938055625981907094e-03
1.921644628931795445e-03
1.905234143080073621e-03
1.889269349917100781e-03
1.873610589561771310e-03
1.857955264444515657e-03
1.841977397319981453e-03
1.826040010815935732e-03
1.810378232054107774e-03
1.795174952407111585e-03
1.779965826265268768e-03
1.764945292989274954e-03
1.749915140169755901e-03
1.735019686508782518e-03
1.720480714209850909e-03
1.705978603169162758e-03
1.691588329349510934e-03
1.677260077345934207e-03
1.662947772098080689e-03
1.648787339910796857e-03
1.634587415764556309e-03
1.620859398597365936e-03
1.607454931605481474e-03
1.594085659585539909e-03
1.580275691162629208e-03
1.566462465047763122e-03
1.553038643716558864e-03
1.539998152561155654e-03
1.526954226167678407e-03
1.513959738918020789e-03
1.501002514590480666e-03
1.488207415525682727e-03
1.475815839210572892e-03
1.463464198936579273e-03
1.451156388360841203e-03
1.438876580872849777e-03
1.426620203548350022e-03
1.414502675764354837e-03
1.402351530143804105e-03
1.390393063108178373e-03
1.378582204544389397e-03
1.366771772453126768e-03
1.355396308671707800e-03
1.344050760559362730e-03
1.332670031612699212e-03
1.321286688733145243e-03
1.309935063316369211e-03
1.298931658847883716e-03
1.287958241368619390e-03
1.277071401775026292e-03
1.266278269111305527e-03
1.255480420043920877e-03
1.244754026141035993e-03
1.234016593438004572e-03
1.223400783772449858e-03
1.213252627899196997e-03
1.203079148701879930e-03
1.193089558061305759e-03
1.183219147317683337e-03
1.173351378795953149e-03
1.163726486031334880e-03
1.154133417211879739e-03
1.144577065054206517e-03
1.135086224381031111e-03
1.125616016095905931e-03
1.116219269833775441e-03
1.106848507342757986e-03
1.097656007030749703e-03
1.088774125657228364e-03
1.079918699840031436e-03
1.071130641413878823e-03
1.062360491403629851e-03
1.053634968292576669e-03
1.044952096133468624e-03
1.036264147293089683e-03
1.027907696076844381e-03
1.019669903162800581e-03
1.011475246564799788e-03
1.003462289872618634e-03
9.954453109353794075e-04
9.875085838368896467e-04
9.796063462581860223e-04
9.717204192505870738e-04
9.641077634191468721e-04
9.564948471447371793e-04
9.489506490291851589e-04
9.414535252339328170e-04
9.339808758877135401e-04
9.268634717062095669e-04
9.198118762178145386e-04
9.127831941804717426e-04
9.057645102864542424e-04
8.987577668578428797e-04
8.919509035840485905e-04
8.852486925406172387e-04
8.785466775889990299e-04
8.719444506918199497e-04
8.653565563468861629e-04
8.589437907389629477e-04
8.526751020255476281e-04
8.463875084908395897e-04
8.402030966434072311e-04
8.339986200644538498e-04
8.279693710552865540e-04
8.221696151637949935e-04
8.163549857418732564e-04
8.107067517068226696e-04
8.050641681123186372e-04
7.994204657264002752e-04
7.937295497432215021e-04
7.880508525206700440e-04
7.827212467525481929e-04
7.775165386732205185e-04
7.723370311130106072e-04
7.673110206855434604e-04
7.622772386321618890e-04
7.573194621071196097e-04
7.524244872066424526e-04
7.475278452525884083e-04
7.428300326011504995e-04
7.381212589452697433e-04
7.335003049164475538e-04
7.289441777533809492e-04
7.243975610655198870e-04
7.199242209774424405e-04
7.154705035561849825e-04
7.111155667384245387e-04
7.069888174602334844e-04
7.028499975010319345e-04
6.988273302077742735e-04
6.948278981694737660e-04
6.908909942221592385e-04
6.871287234877220549e-04
6.833814166653507088e-04
6.796822303660189331e-04
6.760308729855322692e-04
6.723710601639896253e-04
6.687690027598983686e-04
6.651702364691939196e-04
6.617741904940921361e-04
6.585813166765633244e-04
6.553872279564556917e-04
6.520473565864035254e-04
6.486976717874225109e-04
6.454897459442170528e-04
6.424989945278367391e-04
6.395135491367548138e-04
6.365724583530414649e-04
6.336458016574393875e-04
6.307742205269227477e-04
6.281000217285496578e-04
6.254244287701434890e-04
6.228496268688121481e-04
6.203422318200919492e-04
6.178305015143195330e-04
6.153938800541661463e-04
6.129502288810675459e-04
6.106054279126981810e-04
6.083426010207615853e-04
6.060718196954924903e-04
6.038153210015508119e-04
6.015534225840719071e-04
5.993746662175948288e-04
5.973094420449576820e-04
5.952455562679571498e-04
5.933651436998568047e-04
5.915144194477139905e-04
5.896757553204566875e-04
5.878701650094743944e-04
5.860720179816584618e-04
5.843552696315955320e-04
5.826672024455350910e-04
5.809935135440883565e-04
5.793798492266315995e-04
5.777702321815032099e-04
5.763135753002009880e-04
5.749716243797746299e-04
5.736280526207725031e-04
5.722265196580983513e-04
5.708201296979655698e-04
5.694660551883609602e-04
5.681862690134534787e-04
5.669041080257386555e-04
5.657405610671365588e-04
5.645865762118187697e-04
5.634916463021957377e-04
5.625180278245008655e-04
5.615410647935478424e-04
5.605827389264110604e-04
5.596296534253854867e-04
5.586826401055411786e-04
5.577897609452349328e-04
5.568932634112562768e-04
5.560686493155611197e-04
5.552955469650494537e-04
5.545234181451641270e-04
5.538903530802613421e-04
5.532596405185384461e-04
5.525952429072568265e-04
5.518881894927578011e-04
5.511887348181463081e-04
5.506947600289905992e-04
5.502342911008514630e-04
5.497909581910943736e-04
5.493850245174925276e-04
5.489713497893502483e-04
5.485328912733579724e-04
5.480840738989329860e-04
5.476716261767337370e-04
5.474325413967231742e-04
5.471952067269781955e-04
5.469469442159938894e-04
5.466896793068240588e-04
5.464348556662600078e-04
5.462627380556758696e-04
5.460874198943861928e-04
5.458981743028875093e-04
5.456847735857318785e-04
5.454709731101818919e-04
5.454230869601623365e-04
5.453840361999499333e-04
5.453687058987294030e-04
5.453776788781919361e-04
5.453896189080747114e-04
5.454049328475564550e-04
5.454219254554697801e-04
5.454498257527676383e-04
5.455193913401931672e-04
5.455863619324202631e-04
5.456765839182228404e-04
5.457859636021073066e-04
5.459031925939522144e-04
5.461108477251108533e-04
5.463178178484961144e-04
5.465307322093130790e-04
5.467563023273977300e-04
5.469748406841572555e-04
5.472456962401114856e-04
5.475241824015483717e-04
5.478018032748675162e-04
5.480819289236177816e-04
5.483613674729484770e-04
5.487249234644904234e-04
5.491160622036019619e-04
5.495031672260208052e-04
5.498623006629513787e-04
5.502221434548588367e-04
5.505831887670912562e-04
5.509431744294598357e-04
5.513087901021073572e-04
5.516945635134958828e-04
5.520807456402857753e-04
5.525352823066813357e-04
5.530495934996867979e-04
5.535588523586248717e-04
5.540643372630572709e-04
5.545590925987209418e-04
5.550652878942884724e-04
5.555824379390296528e-04
5.560952316790946856e-04
5.566474951332385122e-04
5.572007055257839452e-04
5.577500655406737772e-04
5.583023442495242813e-04
5.588550317625731777e-04
5.594717633203917821e-04
5.601191453090322578e-04
5.607634780673322874e-04
5.613187835314556407e-04
5.618697565009069450e-04
5.624871699076623450e-04
5.631605246473444983e-04
5.638369172324622517e-04
5.644256359711503261e-04
5.650099235913177888e-04
5.656453058368966433e-04
5.663735860587840827e-04
5.670996767526049641e-04
5.677746619835422580e-04
5.684400034580951644e-04
5.691154949676593359e-04
5.698166111460727752e-04
5.705213254801779063e-04
5.711971852929879434e-04
5.718571012295646039e-04
5.725255433070943530e-04
5.732513504968445375e-04
5.739755215195843597e-04
5.746997017913329673e-04
5.754224095432541484e-04
5.761412819282979393e-04
5.769328764864589849e-04
5.777255016592436213e-04
5.785012611318723474e-04
5.792517631220890943e-04
5.799996986660992462e-04
5.807013563472702500e-04
5.813882968629711196e-04
5.820990520588917956e-04
5.828590514530266513e-04
5.836233715166248837e-04
5.843776102759141869e-04
5.851239080413755999e-04
5.858834328724607911e-04
5.867053173376886527e-04
5.875315184481859354e-04
5.891164187348553721e-04
5.899016906435407184e-04
5.906647293544518016e-04
5.914300799916258388e-04
5.922290503977753603e-04
5.930731945862620933e-04
5.939200316082124181e-04
5.947284569300844695e-04
5.955251257137277997e-04
5.963222511792751201e-04
5.971255730728093668e-04
5.987278651659777746e-04
5.995315019573543066e-04
6.003364828959644600e-04
6.011413250625155568e-04
6.019394339539084092e-04
6.027792086928475184e-04
6.036392119357372960e-04
6.045018725707036441e-04
6.053095315461303003e-04
6.061171598461924728e-04
6.069345718776403492e-04
6.085847853012473288e-04
6.093886220603582891e-04
6.101878489123594524e-04
6.109947221251663162e-04
6.118383172115281687e-04
6.126845899079476354e-04
6.135022963970955968e-04
6.142966475602210097e-04
6.150992279486741784e-04
6.167774448349209538e-04
6.176079625965624070e-04
6.184245557916251933e-04
6.200563805253403102e-04
6.208678100901224685e-04
6.216879235670258073e-04
6.225111344312872453e-04
6.233352882125722241e-04
6.241562032344613294e-04
6.249742421247645027e-04
6.257836370638781946e-04
6.265721603339695616e-04
6.273638095889263111e-04
6.290403599807368237e-04
6.298840032564618748e-04
6.306605790823634509e-04
6.314431326775132684e-04
