# SAXS profile: number of points = 501, q_min = 0, q_max = 0.5, delta_q = 0.001
#    q    intensity 
0.00000    753627392.00000000 469727008.00000000 1189961984.00000000 402595.03125000 34837164.00000000 27503572.00000000 
0.00100    753422656.00000000 469602944.00000000 1189653120.00000000 402444.12500000 34825936.00000000 27494690.00000000 
0.00200    752826752.00000000 469230272.00000000 1188705408.00000000 401989.31250000 34792276.00000000 27468012.00000000 
0.00300    751829504.00000000 468609856.00000000 1187138176.00000000 401233.90625000 34736208.00000000 27423720.00000000 
0.00400    750434112.00000000 467741472.00000000 1184926848.00000000 400180.62500000 34657736.00000000 27362032.00000000 
0.00500    748653952.00000000 466629760.00000000 1182105728.00000000 398830.03125000 34557352.00000000 27282816.00000000 
0.00600    746474944.00000000 465273184.00000000 1178663680.00000000 397182.37500000 34434924.00000000 27186004.00000000 
0.00700    743911552.00000000 463673600.00000000 1174610304.00000000 395245.65625000 34290744.00000000 27072344.00000000 
0.00800    740962624.00000000 461835008.00000000 1169965824.00000000 393023.03125000 34125012.00000000 26941772.00000000 
0.00900    737631488.00000000 459761376.00000000 1164706432.00000000 390516.00000000 33938460.00000000 26794214.00000000 
0.01000    733925440.00000000 457453792.00000000 1158871680.00000000 387734.43750000 33730896.00000000 26630502.00000000 
0.01100    729851456.00000000 454918912.00000000 1152431104.00000000 384679.46875000 33503146.00000000 26450782.00000000 
0.01200    725423616.00000000 452159872.00000000 1145431296.00000000 381363.56250000 33255124.00000000 26255170.00000000 
0.01300    720634432.00000000 449177600.00000000 1137880320.00000000 377788.93750000 32987662.00000000 26044060.00000000 
0.01400    715491968.00000000 445981216.00000000 1129783168.00000000 373962.34375000 32701244.00000000 25818134.00000000 
0.01500    710026048.00000000 442573504.00000000 1121153152.00000000 369897.25000000 32396322.00000000 25577414.00000000 
0.01600    704218496.00000000 438962784.00000000 1111975552.00000000 365593.21875000 32073352.00000000 25322746.00000000 
0.01700    698093248.00000000 435149440.00000000 1102317696.00000000 361068.81250000 31733146.00000000 25054380.00000000 
0.01800    691656704.00000000 431141376.00000000 1092169216.00000000 356328.28125000 31375986.00000000 24772348.00000000 
0.01900    684922304.00000000 426947136.00000000 1081538432.00000000 351381.25000000 31002986.00000000 24478120.00000000 
0.02000    677905600.00000000 422572288.00000000 1070442944.00000000 346238.09375000 30614206.00000000 24171484.00000000 
0.02100    670601792.00000000 418019904.00000000 1058902784.00000000 340909.65625000 30210708.00000000 23853068.00000000 
0.02200    663022912.00000000 413299456.00000000 1046944640.00000000 335405.96875000 29793238.00000000 23523688.00000000 
0.02300    655177216.00000000 408419136.00000000 1034574208.00000000 329736.90625000 29362460.00000000 23183784.00000000 
0.02400    647094400.00000000 403383072.00000000 1021813760.00000000 323915.93750000 28918892.00000000 22833784.00000000 
0.02500    638776448.00000000 398207200.00000000 1008686592.00000000 317951.84375000 28463690.00000000 22474504.00000000 
0.02600    630225408.00000000 392884416.00000000 995207296.00000000 311858.21875000 27997348.00000000 22106630.00000000 
0.02700    621462848.00000000 387437056.00000000 981392832.00000000 305643.59375000 27520614.00000000 21730524.00000000 
0.02800    612506816.00000000 381862240.00000000 967269248.00000000 299324.87500000 27034192.00000000 21346858.00000000 
0.02900    603377216.00000000 376175808.00000000 952844736.00000000 292904.96875000 26539284.00000000 20956214.00000000 
0.03000    594061440.00000000 370380288.00000000 938153664.00000000 286403.90625000 26036368.00000000 20559472.00000000 
0.03100    584594112.00000000 364484832.00000000 923209600.00000000 279829.46875000 25526336.00000000 20157062.00000000 
0.03200    574979136.00000000 358499264.00000000 908035456.00000000 273193.37500000 25009840.00000000 19749440.00000000 
0.03300    565231552.00000000 352432224.00000000 892656192.00000000 266507.59375000 24487906.00000000 19337788.00000000 
0.03400    555364864.00000000 346291584.00000000 877089344.00000000 259785.14062500 23961530.00000000 18922386.00000000 
0.03500    545404800.00000000 340088544.00000000 861360704.00000000 253034.04687500 23430968.00000000 18503802.00000000 
0.03600    535332864.00000000 333822368.00000000 845473088.00000000 246267.51562500 22897224.00000000 18082870.00000000 
0.03700    525174112.00000000 327501312.00000000 829441024.00000000 239494.26562500 22360896.00000000 17659756.00000000 
0.03800    514948672.00000000 321132672.00000000 813308352.00000000 232727.03125000 21823116.00000000 17235244.00000000 
0.03900    504665632.00000000 314733376.00000000 797086592.00000000 225975.70312500 21284426.00000000 16810400.00000000 
0.04000    494340256.00000000 308309632.00000000 780790592.00000000 219249.65625000 20745586.00000000 16385083.00000000 
0.04100    483984224.00000000 301864704.00000000 764452160.00000000 212559.56250000 20207366.00000000 15960494.00000000 
0.04200    473608416.00000000 295406560.00000000 748085056.00000000 205914.48437500 19670334.00000000 15536763.00000000 
0.04300    463223104.00000000 288944768.00000000 731700480.00000000 199323.40625000 19135364.00000000 15114661.00000000 
0.04400    452847584.00000000 282486400.00000000 715321984.00000000 192796.60937500 18602904.00000000 14694578.00000000 
0.04500    442486016.00000000 276035776.00000000 698977216.00000000 186342.32812500 18073684.00000000 14277073.00000000 
0.04600    432148384.00000000 269603968.00000000 682662848.00000000 179966.48437500 17548352.00000000 13862661.00000000 
0.04700    421846656.00000000 263193680.00000000 666414080.00000000 173677.93750000 17027792.00000000 13451713.00000000 
0.04800    411593792.00000000 256813952.00000000 650238976.00000000 167482.59375000 16512088.00000000 13044917.00000000 
0.04900    401399328.00000000 250470928.00000000 634154368.00000000 161390.34375000 16001843.00000000 12642384.00000000 
0.05000    391274720.00000000 244169312.00000000 618178432.00000000 155404.90625000 15497941.00000000 12244844.00000000 
0.05100    381225344.00000000 237916464.00000000 602323520.00000000 149534.90625000 15000569.00000000 11852359.00000000 
0.05200    371264096.00000000 231716352.00000000 586611776.00000000 143781.07812500 14510364.00000000 11465546.00000000 
0.05300    361393728.00000000 225577280.00000000 571044480.00000000 138153.90625000 14027638.00000000 11084694.00000000 
0.05400    351633088.00000000 219501488.00000000 555640896.00000000 132652.68750000 13552873.00000000 10710114.00000000 
0.05500    341978784.00000000 213496016.00000000 540415040.00000000 127285.71875000 13086487.00000000 10342045.00000000 
0.05600    332447264.00000000 207564304.00000000 525372480.00000000 122055.43750000 12628735.00000000 9980832.00000000 
0.05700    323039264.00000000 201709904.00000000 510531008.00000000 116964.10937500 12180005.00000000 9626871.00000000 
0.05800    313767296.00000000 195938576.00000000 495899616.00000000 112014.66406250 11740625.00000000 9280111.00000000 
0.05900    304634176.00000000 190254192.00000000 481484320.00000000 107209.96093750 11310813.00000000 8940947.00000000 
0.06000    295646048.00000000 184659840.00000000 467298560.00000000 102551.11718750 10890708.00000000 8609480.00000000 
0.06100    286802688.00000000 179158048.00000000 453352896.00000000 98041.10156250  10480774.00000000 8286011.00000000 
0.06200    278117984.00000000 173755536.00000000 439651040.00000000 93679.30468750  10081089.00000000 7970549.50000000 
0.06300    269594624.00000000 168451056.00000000 426203040.00000000 89468.03125000  9691652.00000000 7663348.00000000 
0.06400    261228576.00000000 163247648.00000000 413011808.00000000 85405.39062500  9312840.00000000 7364325.50000000 
0.06500    253034976.00000000 158149248.00000000 400085088.00000000 81493.21875000  8944576.00000000 7073769.50000000 
0.06600    245013264.00000000 153157104.00000000 387428288.00000000 77729.12500000  8586973.00000000 6791546.00000000 
0.06700    237164592.00000000 148271920.00000000 375042208.00000000 74112.93750000  8240136.50000000 6517847.00000000 
0.06800    229490736.00000000 143497392.00000000 362938496.00000000 70643.70312500  7904124.00000000 6252587.00000000 
0.06900    221997856.00000000 138833088.00000000 351114688.00000000 67320.77343750  7578751.00000000 5995915.50000000 
0.07000    214687936.00000000 134281584.00000000 339578528.00000000 64141.21093750  7264249.50000000 5747596.00000000 
0.07100    207559472.00000000 129847208.00000000 328332128.00000000 61102.21875000  6960406.00000000 5507811.50000000 
0.07200    200613136.00000000 125524848.00000000 317372800.00000000 58202.64062500  6667211.00000000 5276381.50000000 
0.07300    193853984.00000000 121316368.00000000 306705216.00000000 55439.51562500  6384599.00000000 5053339.00000000 
0.07400    187277440.00000000 117221640.00000000 296328992.00000000 52809.53906250  6112457.00000000 4838500.50000000 
0.07500    180883136.00000000 113242632.00000000 286239776.00000000 50309.87890625  5850639.50000000 4631841.00000000 
0.07600    174674832.00000000 109377016.00000000 276443488.00000000 47937.20312500  5599025.00000000 4433212.50000000 
0.07700    168649552.00000000 105625784.00000000 266933952.00000000 45688.08203125  5357477.50000000 4242546.00000000 
0.07800    162806848.00000000 101988496.00000000 257713568.00000000 43558.98828125  5125827.50000000 4059666.00000000 
0.07900    157143504.00000000 98463368.00000000 248778448.00000000 41545.38281250  4903838.00000000 3884424.00000000 
0.08000    151661984.00000000 95050264.00000000 240126128.00000000 39644.95312500  4691370.00000000 3716694.50000000 
0.08100    146360864.00000000 91748096.00000000 231757840.00000000 37852.17187500  4488224.00000000 3556308.00000000 
0.08200    141232720.00000000 88555144.00000000 223665968.00000000 36163.82812500  4294138.50000000 3403054.75000000 
0.08300    136279280.00000000 85470232.00000000 215848096.00000000 34575.94140625  4108936.75000000 3256808.25000000 
0.08400    131497248.00000000 82493008.00000000 208300960.00000000 33083.45703125  3932328.00000000 3117359.00000000 
0.08500    126886208.00000000 79619232.00000000 201021760.00000000 31683.02343750  3764153.00000000 2984543.75000000 
0.08600    122440008.00000000 76850176.00000000 194005296.00000000 30369.92578125  3604056.25000000 2858100.75000000 
0.08700    118158200.00000000 74182304.00000000 187245040.00000000 29139.97265625  3451840.00000000 2737915.50000000 
0.08800    114036424.00000000 71615176.00000000 180739584.00000000 27989.17578125  3307258.50000000 2623710.50000000 
0.08900    110072704.00000000 69145048.00000000 174481072.00000000 26913.43945312  3170047.25000000 2515343.25000000 
0.09000    106262128.00000000 66770460.00000000 168465728.00000000 25908.51757812  3039907.25000000 2412530.00000000 
0.09100    102602848.00000000 64490220.00000000 162686912.00000000 24970.28710938  2916576.25000000 2315127.75000000 
0.09200    99090112.00000000 62300196.00000000 157139936.00000000 24094.30078125  2799801.00000000 2222919.00000000 
0.09300    95720248.00000000 60200504.00000000 151819344.00000000 23277.66601562  2689331.50000000 2135619.25000000 
0.09400    92490456.00000000 58186608.00000000 146717824.00000000 22515.60546875  2584859.75000000 2053097.62500000 
0.09500    89395544.00000000 56257404.00000000 141831072.00000000 21804.88085938  2486143.75000000 1975132.25000000 
0.09600    86432432.00000000 54410284.00000000 137151616.00000000 21141.62304688  2392938.00000000 1901477.75000000 
0.09700    83597600.00000000 52642700.00000000 132674400.00000000 20522.73437500  2304984.25000000 1831967.62500000 
0.09800    80886096.00000000 50951932.00000000 128393776.00000000 19944.43359375  2221977.00000000 1766396.37500000 
0.09900    78295248.00000000 49336732.00000000 124301640.00000000 19403.56054688  2143711.00000000 1704552.87500000 
0.10000    75820072.00000000 47793236.00000000 120392424.00000000 18897.02929688  2069918.37500000 1646249.75000000 
0.10100    73457280.00000000 46319548.00000000 116659864.00000000 18421.72265625  2000349.37500000 1591296.12500000 
0.10200    71201800.00000000 44913492.00000000 113099496.00000000 17974.79687500  1934812.37500000 1539499.87500000 
0.10300    69050752.00000000 43571808.00000000 109701328.00000000 17553.52148438  1873008.50000000 1490677.00000000 
0.10400    67000076.00000000 42293212.00000000 106462736.00000000 17155.80859375  1814760.37500000 1444654.50000000 
0.10500    65046084.00000000 41075484.00000000 103376464.00000000 16778.72070312  1759844.12500000 1401275.00000000 
0.10600    63184340.00000000 39913584.00000000 100435112.00000000 16420.02929688  1708023.25000000 1360344.75000000 
0.10700    61411148.00000000 38808600.00000000 97636080.00000000 16077.94726562  1659151.37500000 1321730.37500000 
0.10800    59722404.00000000 37756048.00000000 94970360.00000000 15750.31054688  1612964.37500000 1285264.87500000 
0.10900    58115940.00000000 36754384.00000000 92432776.00000000 15435.01367188  1569341.25000000 1250785.75000000 
0.11000    56586332.00000000 35801208.00000000 90016896.00000000 15130.80371094  1528053.12500000 1218185.62500000 
0.11100    55131348.00000000 34894504.00000000 87720104.00000000 14835.82617188  1488949.37500000 1187308.75000000 
0.11200    53746088.00000000 34031888.00000000 85533392.00000000 14548.95507812  1451850.62500000 1158008.75000000 
0.11300    52428628.00000000 33211462.00000000 83454256.00000000 14268.71582031  1416606.75000000 1130185.37500000 
0.11400    51174684.00000000 32431066.00000000 81475912.00000000 13993.91113281  1383071.75000000 1103728.62500000 
0.11500    49982044.00000000 31688476.00000000 79593816.00000000 13723.68457031  1351113.87500000 1078494.12500000 
0.11600    48846308.00000000 30982068.00000000 77801808.00000000 13457.07324219  1320590.50000000 1054399.25000000 
0.11700    47764988.00000000 30309968.00000000 76096840.00000000 13193.43652344  1291381.87500000 1031351.43750000 
0.11800    46735000.00000000 29669704.00000000 74473296.00000000 12931.59960938  1263333.00000000 1009232.31250000 
0.11900    45753420.00000000 29060206.00000000 72925808.00000000 12671.60742188  1236382.62500000 987961.81250000 
0.12000    44817556.00000000 28479536.00000000 71451048.00000000 12412.63281250  1210411.25000000 967476.68750000 
0.12100    43925384.00000000 27926050.00000000 70044528.00000000 12154.47363281  1185336.25000000 947697.87500000 
0.12200    43073148.00000000 27398024.00000000 68703440.00000000 11896.67382812  1161037.25000000 928532.00000000 
0.12300    42258816.00000000 26893626.00000000 67422464.00000000 11639.07714844  1137445.62500000 909940.68750000 
0.12400    41480108.00000000 26411562.00000000 66196728.00000000 11381.58496094  1114493.87500000 891831.18750000 
0.12500    40734096.00000000 25950526.00000000 65023608.00000000 11124.19433594  1092111.00000000 874171.00000000 
0.12600    40020012.00000000 25509692.00000000 63900532.00000000 10866.79882812  1070226.37500000 856921.50000000 
0.12700    39334388.00000000 25086674.00000000 62823112.00000000 10609.40136719  1048786.62500000 840008.75000000 
0.12800    38675688.00000000 24680272.00000000 61788296.00000000 10352.18164062  1027736.62500000 823402.50000000 
0.12900    38041360.00000000 24290144.00000000 60793468.00000000 10095.47167969  1007027.56250000 807069.00000000 
0.13000    37430672.00000000 23914236.00000000 59834788.00000000 9839.09472656   986628.25000000 790976.37500000 
0.13100    36840932.00000000 23551756.00000000 58909996.00000000 9583.57519531   966486.06250000 775080.56250000 
0.13200    36271020.00000000 23201802.00000000 58016532.00000000 9329.03710938   946576.75000000 759357.50000000 
0.13300    35718932.00000000 22863422.00000000 57151820.00000000 9075.78222656   926868.00000000 743792.81250000 
0.13400    35183584.00000000 22535198.00000000 56313412.00000000 8824.13378906   907346.43750000 728372.62500000 
0.13500    34663432.00000000 22216760.00000000 55498620.00000000 8574.36132812   887979.87500000 713058.68750000 
0.13600    34156688.00000000 21907058.00000000 54706576.00000000 8326.86425781   868753.56250000 697853.75000000 
0.13700    33662728.00000000 21605156.00000000 53933476.00000000 8081.90332031   849641.68750000 682739.00000000 
0.13800    33179822.00000000 21310276.00000000 53178536.00000000 7839.82373047   830655.25000000 667707.31250000 
0.13900    32707270.00000000 21022066.00000000 52440216.00000000 7601.01318359   811767.43750000 652750.37500000 
0.14000    32244078.00000000 20739492.00000000 51716236.00000000 7365.84521484   792980.62500000 637857.56250000 
0.14100    31789080.00000000 20462012.00000000 51005136.00000000 7134.46484375   774297.62500000 623033.37500000 
0.14200    31341252.00000000 20189144.00000000 50305584.00000000 6907.33691406   755690.93750000 608274.62500000 
0.14300    30899980.00000000 19920354.00000000 49616856.00000000 6684.71923828   737188.06250000 593573.31250000 
0.14400    30464356.00000000 19654852.00000000 48936396.00000000 6466.87548828   718766.31250000 578932.75000000 
0.14500    30033710.00000000 19392548.00000000 48263740.00000000 6254.13085938   700455.50000000 564364.43750000 
0.14600    29607558.00000000 19133036.00000000 47598164.00000000 6046.81640625   682237.68750000 549862.68750000 
0.14700    29185376.00000000 18875798.00000000 46938076.00000000 5845.08007812   664130.81250000 535432.06250000 
0.14800    28766186.00000000 18620058.00000000 46282916.00000000 5649.04296875   646135.75000000 521069.37500000 
0.14900    28349534.00000000 18366042.00000000 45632144.00000000 5458.96435547   628257.56250000 506798.18750000 
0.15000    27935446.00000000 18113334.00000000 44984772.00000000 5275.15234375   610506.06250000 492612.34375000 
0.15100    27523158.00000000 17861400.00000000 44340008.00000000 5097.58837891   592900.18750000 478520.15625000 
0.15200    27112884.00000000 17610450.00000000 43697176.00000000 4926.54296875   575440.56250000 464537.09375000 
0.15300    26703570.00000000 17359906.00000000 43056480.00000000 4761.89062500   558130.00000000 450657.34375000 
0.15400    26295052.00000000 17109726.00000000 42416596.00000000 4604.00732422   540982.50000000 436892.50000000 
0.15500    25887666.00000000 16859622.00000000 41777724.00000000 4452.77246094   524011.87500000 423251.78125000 
0.15600    25480654.00000000 16609695.00000000 41139048.00000000 4308.19531250   507222.81250000 409742.50000000 
0.15700    25074348.00000000 16359789.00000000 40501508.00000000 4170.48779297   490629.18750000 396376.09375000 
0.15800    24668232.00000000 16109691.00000000 39863300.00000000 4039.42407227   474242.50000000 383150.56250000 
0.15900    24262470.00000000 15859409.00000000 39225776.00000000 3915.09033203   458065.96875000 370088.46875000 
0.16000    23856844.00000000 15608692.00000000 38587240.00000000 3797.41259766   442113.25000000 357185.75000000 
0.16100    23451722.00000000 15358006.00000000 37949492.00000000 3686.40454102   426394.65625000 344454.62500000 
0.16200    23046486.00000000 15106962.00000000 37311128.00000000 3581.85766602   410919.06250000 331905.21875000 
0.16300    22641846.00000000 14855555.00000000 36672420.00000000 3483.78149414   395684.81250000 319535.53125000 
0.16400    22237208.00000000 14603834.00000000 36033592.00000000 3391.99951172   380720.31250000 307360.62500000 
0.16500    21833172.00000000 14352031.00000000 35395456.00000000 3306.45678711   366015.43750000 295384.18750000 
0.16600    21429532.00000000 14100071.00000000 34756916.00000000 3226.93481445   351591.65625000 283615.21875000 
0.16700    21026522.00000000 13847838.00000000 34118860.00000000 3153.28027344   337445.96875000 272057.93750000 
0.16800    20624050.00000000 13595617.00000000 33481384.00000000 3085.35205078   323582.06250000 260713.75000000 
0.16900    20222804.00000000 13343701.00000000 32844550.00000000 3023.10131836   310024.28125000 249599.68750000 
0.17000    19822386.00000000 13091780.00000000 32208972.00000000 2966.17260742   296762.78125000 238712.40625000 
0.17100    19423228.00000000 12840123.00000000 31574686.00000000 2914.43457031   283802.59375000 228054.56250000 
0.17200    19025460.00000000 12588801.00000000 30941998.00000000 2867.77636719   271163.43750000 217640.25000000 
0.17300    18629398.00000000 12338118.00000000 30311178.00000000 2825.86230469   258834.12500000 207470.42187500 
0.17400    18235344.00000000 12088189.00000000 29682678.00000000 2788.64892578   246832.45312500 197547.29687500 
0.17500    17843144.00000000 11838824.00000000 29057052.00000000 2755.80053711   235149.43750000 187874.98437500 
0.17600    17452990.00000000 11590390.00000000 28433668.00000000 2727.13769531   223790.93750000 178451.75000000 
0.17700    17065524.00000000 11343155.00000000 27814210.00000000 2702.52807617   212769.06250000 169290.20312500 
0.17800    16680748.00000000 11097058.00000000 27198106.00000000 2681.61938477   202076.59375000 160383.65625000 
0.17900    16299073.00000000 10852338.00000000 26586168.00000000 2664.42187500   191723.93750000 151744.62500000 
0.18000    15920465.00000000 10609197.00000000 25979148.00000000 2650.51660156   181705.37500000 143368.03125000 
0.18100    15545464.00000000 10367908.00000000 25377150.00000000 2639.89916992   172030.15625000 135264.82812500 
0.18200    15173770.00000000 10128236.00000000 24779398.00000000 2632.15136719   162682.78125000 127417.01562500 
0.18300    14806046.00000000 9890693.00000000 24187694.00000000 2627.23486328   153677.96875000 119842.12500000 
0.18400    14442418.00000000 9655149.00000000 23602092.00000000 2624.90429688   145012.81250000 112534.85156250 
0.18500    14083260.00000000 9422048.00000000 23022688.00000000 2624.98339844   136685.81250000 105498.22656250 
0.18600    13728604.00000000 9191439.00000000 22450342.00000000 2627.25146484   128692.50781250 98728.69531250  
0.18700    13378731.00000000 8963364.00000000 21884842.00000000 2631.56396484   121035.67187500 92230.28125000  
0.18800    13033860.00000000 8738110.00000000 21326824.00000000 2637.72778320   113709.89062500 85995.87500000  
0.18900    12694145.00000000 8515986.00000000 20777006.00000000 2645.63549805   106722.26562500 80034.10156250  
0.19000    12359685.00000000 8296589.50000000 20234612.00000000 2654.98852539   100052.84375000 74331.73437500  
0.19100    12031153.00000000 8080729.00000000 19701626.00000000 2665.84716797   93723.17187500  68901.84375000  
0.19200    11708067.00000000 7867891.50000000 19176654.00000000 2677.77001953   87700.92187500  63726.04296875  
0.19300    11391183.00000000 7658820.00000000 18661320.00000000 2690.90283203   82008.07031250  58817.73437500  
0.19400    11080134.00000000 7453068.50000000 18155062.00000000 2704.87524414   76621.75781250  54159.85546875  
0.19500    10775544.00000000 7251122.50000000 17658438.00000000 2719.68823242   71549.14062500  49758.92187500  
0.19600    10477178.00000000 7052920.00000000 17171712.00000000 2735.14648438   66777.71093750  45607.33203125  
0.19700    10185388.00000000 6858713.00000000 16695068.00000000 2751.17089844   62309.49609375  41704.72656250  
0.19800    9900130.00000000 6668452.50000000 16228663.00000000 2767.58813477   58131.44921875  38043.41406250  
0.19900    9621822.00000000 6482320.00000000 15772957.00000000 2784.36669922   54245.00390625  34624.61718750  
0.20000    9350126.00000000 6300322.50000000 15327772.00000000 2801.36010742   50634.25781250  31436.39453125  
0.20100    9085268.00000000 6122498.50000000 14893432.00000000 2818.40185547   47305.56250000  28481.73046875  
0.20200    8827492.00000000 5948953.00000000 14469965.00000000 2835.51196289   44239.39062500  25751.67187500  
0.20300    8576814.00000000 5779940.50000000 14057847.00000000 2852.56860352   41440.90234375  23243.76367188  
0.20400    8333117.00000000 5615150.50000000 13656665.00000000 2869.43188477   38892.63671875  20948.50195312  
0.20500    8096473.00000000 5454866.00000000 13266634.00000000 2886.04614258   36592.66796875  18863.45507812  
0.20600    7866847.50000000 5298960.50000000 12887957.00000000 2902.35620117   34526.28906250  16978.48046875  
0.20700    7644386.50000000 5147652.00000000 12520687.00000000 2918.26464844   32695.39648438  15293.41015625  
0.20800    7428999.50000000 5000701.50000000 12164505.00000000 2933.73730469   31082.89648438  13797.14746094  
0.20900    7220907.50000000 4858521.50000000 11820129.00000000 2948.78857422   29694.36328125  12491.60058594  
0.21000    7019530.00000000 4720634.50000000 11486429.00000000 2963.14843750   28502.33398438  11357.83789062  
0.21100    6825289.00000000 4587223.50000000 11164241.00000000 2976.92529297   27509.83984375  10395.78222656  
0.21200    6637906.00000000 4458352.50000000 10852950.00000000 2990.04711914   26703.68359375  9596.67968750   
0.21300    6457310.50000000 4333805.00000000 10552877.00000000 3002.40869141   26076.61914062  8956.07617188   
0.21400    6283557.00000000 4213725.00000000 10263657.00000000 3014.07080078   25620.76953125  8465.10742188   
0.21500    6116637.50000000 4098084.25000000 9985508.00000000 3024.96435547   25330.85742188  8121.05761719   
0.21600    5956036.00000000 3986649.50000000 9717743.00000000 3034.96557617   25186.43164062  7906.96386719   
0.21700    5802013.00000000 3879472.00000000 9460498.00000000 3044.10278320   25186.51757812  7822.94042969   
0.21800    5654332.00000000 3776528.50000000 9213620.00000000 3052.40820312   25321.10546875  7858.46972656   
0.21900    5512774.50000000 3677618.50000000 8976656.00000000 3059.76538086   25576.86132812  8006.00683594   
0.22000    5377319.50000000 3582756.00000000 8749772.00000000 3066.18017578   25949.86718750  8260.11914062   
0.22100    5247858.50000000 3491965.50000000 8532752.00000000 3071.68261719   26433.54492188  8614.52539062   
0.22200    5124153.00000000 3404975.75000000 8325189.50000000 3076.24023438   27013.48437500  9060.06347656   
0.22300    5006006.50000000 3321710.00000000 8126503.00000000 3079.78955078   27678.45898438  9588.23046875   
0.22400    4893224.50000000 3242167.75000000 7936998.50000000 3082.37011719   28424.87109375  10192.16699219  
0.22500    4785965.00000000 3166273.75000000 7756468.50000000 3084.01782227   29249.52148438  10870.13281250  
0.22600    4683652.00000000 3093797.75000000 7584045.50000000 3084.63085938   30131.39257812  11607.74804688  
0.22700    4586329.50000000 3024781.75000000 7420085.00000000 3084.29003906   31075.09375000  12404.01464844  
0.22800    4493693.00000000 2958956.00000000 7263837.50000000 3082.94506836   32062.45117188  13248.39843750  
0.22900    4405574.50000000 2896263.50000000 7115065.00000000 3080.62963867   33090.51562500  14133.48144531  
0.23000    4321923.50000000 2836647.00000000 6973817.50000000 3077.39721680   34153.18750000  15059.64453125  
0.23100    4242459.00000000 2779917.50000000 6839436.50000000 3073.18774414   35239.89843750  16013.97363281  
0.23200    4166893.75000000 2725984.25000000 6711728.00000000 3068.04467773   36347.20703125  16992.33789062  
0.23300    4095132.50000000 2674772.25000000 6590483.00000000 3061.97827148   37463.99218750  17991.50585938  
0.23400    4027032.75000000 2626127.00000000 6475299.50000000 3055.04223633   38591.19921875  19003.33007812  
0.23500    3962219.75000000 2579808.25000000 6365819.50000000 3047.19653320   39714.23046875  20019.89648438  
0.23600    3900764.50000000 2535909.50000000 6261938.50000000 3038.50341797   40834.03515625  21043.70117188  
0.23700    3842295.75000000 2494145.50000000 6163200.50000000 3029.01733398   41941.79687500  22064.17773438  
0.23800    3786744.75000000 2454552.25000000 6069478.50000000 3018.71337891   43037.91015625  23080.48242188  
0.23900    3733756.50000000 2416791.50000000 5980146.50000000 3007.62646484   44108.03515625  24083.41015625  
0.24000    3683347.00000000 2380928.25000000 5895121.50000000 2995.82983398   45157.71484375  25074.66992188  
0.24100    3635298.75000000 2346831.00000000 5814313.50000000 2983.32080078   46180.53906250  26049.46093750  
0.24200    3589371.00000000 2314345.50000000 5737209.00000000 2970.19140625   47170.28125000  27002.66015625  
0.24300    3545407.75000000 2283330.25000000 5663530.00000000 2956.41943359   48123.17968750  27929.42968750  
0.24400    3503272.00000000 2253720.50000000 5592966.00000000 2941.99291992   49040.37500000  28830.53710938  
0.24500    3462786.25000000 2225394.25000000 5525297.50000000 2927.04711914   49913.94921875  29701.13867188  
0.24600    3423816.75000000 2198228.50000000 5460473.50000000 2911.56396484   50746.82031250  30538.66992188  
0.24700    3386224.75000000 2172160.50000000 5398074.00000000 2895.64575195   51535.53125000  31343.94726562  
0.24800    3349853.00000000 2147077.75000000 5337840.50000000 2879.23901367   52277.21484375  32113.92382812  
0.24900    3314557.75000000 2122859.50000000 5279561.00000000 2862.44409180   52969.53906250  32845.12890625  
0.25000    3280233.50000000 2099486.25000000 5223101.00000000 2845.29199219   53616.14062500  33538.39843750  
0.25100    3246694.75000000 2076770.50000000 5168040.50000000 2827.82861328   54209.17968750  34190.30078125  
0.25200    3214021.75000000 2054804.75000000 5114681.50000000 2810.08447266   54759.51562500  34806.10937500  
0.25300    3181866.50000000 2033262.25000000 5062322.00000000 2792.11328125   55255.31250000  35377.22265625  
0.25400    3150239.75000000 2012275.25000000 5010992.00000000 2773.94677734   55703.26171875  35908.54687500  
0.25500    3119003.25000000 1991646.50000000 4960436.00000000 2755.59741211   56101.21875000  36399.60546875  
0.25600    3088123.25000000 1971404.62500000 4910629.50000000 2737.13574219   56450.56250000  36848.25000000  
0.25700    3057433.50000000 1951416.37500000 4861284.00000000 2718.60302734   56751.06640625  37254.88281250  
0.25800    3027006.50000000 1931668.50000000 4812408.00000000 2700.01074219   57007.33984375  37623.60546875  
0.25900    2996582.25000000 1912080.00000000 4763786.00000000 2681.39575195   57216.96484375  37950.82812500  
0.26000    2966219.50000000 1892624.00000000 4715436.50000000 2662.79565430   57382.94140625  38241.72265625  
0.26100    2935749.25000000 1873180.25000000 4666927.00000000 2644.24731445   57503.40234375  38490.06640625  
0.26200    2905373.00000000 1853850.12500000 4618642.00000000 2625.81762695   57587.73828125  38706.17968750  
0.26300    2874658.00000000 1834417.37500000 4569927.00000000 2607.41015625   57626.57031250  38882.08593750  
0.26400    2843895.75000000 1815010.25000000 4521199.00000000 2589.19995117   57633.10156250  39026.16796875  
0.26500    2812923.25000000 1795517.25000000 4472284.00000000 2571.12060547   57602.07421875  39136.64062500  
0.26600    2781701.00000000 1775932.25000000 4422931.50000000 2553.26098633   57537.47265625  39215.62109375  
0.26700    2750280.00000000 1756196.62500000 4373255.00000000 2535.59570312   57442.86718750  39265.47265625  
0.26800    2718567.25000000 1736370.00000000 4323289.50000000 2518.14575195   57319.26171875  39287.12109375  
0.26900    2686522.50000000 1716338.00000000 4272707.50000000 2500.94824219   57167.38671875  39281.03125000  
0.27000    2654247.25000000 1696185.87500000 4221847.50000000 2484.00488281   56992.44531250  39250.32031250  
0.27100    2621637.50000000 1675814.37500000 4170362.75000000 2467.30224609   56793.44921875  39194.43359375  
0.27200    2588871.00000000 1655335.62500000 4118689.75000000 2450.97436523   56579.85546875  39123.19531250  
0.27300    2555680.50000000 1634601.25000000 4066340.50000000 2434.90527344   56343.41796875  39027.96093750  
0.27400    2522086.00000000 1613618.25000000 4013315.00000000 2419.06616211   56088.46484375  38911.44531250  
0.27500    2488471.75000000 1592550.12500000 3960217.00000000 2403.62353516   55825.13281250  38784.40625000  
0.27600    2454398.50000000 1571207.00000000 3906351.75000000 2388.41748047   55545.30468750  38638.43750000  
0.27700    2420200.00000000 1549772.87500000 3852326.00000000 2373.58959961   55260.79296875  38483.71484375  
0.27800    2385744.50000000 1528142.62500000 3797731.75000000 2359.05444336   54968.08593750  38316.29687500  
0.27900    2351102.00000000 1506351.50000000 3742871.25000000 2344.82153320   54668.00390625  38139.37500000  
0.28000    2316319.00000000 1484406.50000000 3687709.50000000 2330.92602539   54365.21093750  37955.31250000  
0.28100    2281347.00000000 1462329.37500000 3632142.50000000 2317.30786133   54060.15625000  37764.12890625  
0.28200    2246328.25000000 1440191.87500000 3576543.25000000 2304.04077148   53758.21875000  37570.48046875  
0.28300    2211174.25000000 1417910.87500000 3520623.25000000 2291.02880859   53453.37500000  37371.89062500  
0.28400    2175993.25000000 1395558.12500000 3464546.00000000 2278.32421875   53153.85156250  37171.46484375  
0.28500    2140817.75000000 1373167.75000000 3408499.50000000 2265.89672852   52859.78515625  36971.70703125  
0.28600    2105654.75000000 1350701.75000000 3352290.75000000 2253.73461914   52569.28906250  36771.54687500  
0.28700    2070526.75000000 1328244.50000000 3296171.25000000 2241.81811523   52286.14062500  36573.49609375  
0.28800    2035498.87500000 1305772.62500000 3240069.75000000 2230.14868164   52012.52343750  36378.50781250  
0.28900    2000631.25000000 1283354.12500000 3184201.50000000 2218.71850586   51746.54296875  36188.33984375  
0.29000    1965893.50000000 1260975.75000000 3128434.75000000 2207.52514648   51490.85937500  36002.76171875  
0.29100    1931400.00000000 1238684.25000000 3073011.25000000 2196.52905273   51247.37109375  35823.24609375  
0.29200    1897131.75000000 1216480.00000000 3017857.00000000 2185.72753906   51015.30468750  35650.96484375  
0.29300    1863162.12500000 1194426.25000000 2963135.50000000 2175.12426758   50796.11718750  35486.40234375  
0.29400    1829430.37500000 1172455.75000000 2908667.25000000 2164.64794922   50587.76953125  35327.51171875  
0.29500    1796147.25000000 1150725.12500000 2854901.75000000 2154.34692383   50394.65234375  35181.05078125  
0.29600    1763168.50000000 1129156.75000000 2801557.75000000 2144.17041016   50214.06250000  35041.33984375  
0.29700    1730600.62500000 1107763.75000000 2748758.00000000 2134.10986328   50046.42578125  34910.43359375  
0.29800    1698519.62500000 1086635.62500000 2696743.00000000 2124.16308594   49894.10937500  34791.35156250  
0.29900    1666934.25000000 1065788.50000000 2645390.50000000 2114.30566406   49757.91406250  34683.17968750  
0.30000    1635802.62500000 1045174.87500000 2594737.25000000 2104.51074219   49632.74218750  34582.88671875  
0.30100    1605243.87500000 1024877.00000000 2544965.25000000 2094.79833984   49523.44531250  34495.66406250  
0.30200    1575251.25000000 1004892.25000000 2495976.00000000 2085.13159180   49427.74218750  34417.67968750  
0.30300    1545865.12500000 985272.87500000 2447913.50000000 2075.49072266   49347.44921875  34351.14453125  
0.30400    1517100.12500000 966009.43750000 2400841.00000000 2065.89208984   49280.78125000  34295.72265625  
0.30500    1488894.62500000 947065.75000000 2354607.50000000 2056.25463867   49224.37500000  34249.36718750  
0.30600    1461379.62500000 928506.93750000 2309376.75000000 2046.63500977   49181.59765625  34214.04687500  
0.30700    1434616.50000000 910411.00000000 2265366.75000000 2037.04516602   49155.57421875  34190.87109375  
0.30800    1408457.87500000 892667.37500000 2222279.25000000 2027.37939453   49138.08593750  34175.01953125  
0.30900    1383116.62500000 875390.00000000 2180366.00000000 2017.71142578   49133.91406250  34170.62890625  
0.31000    1358423.25000000 858537.81250000 2139591.25000000 2007.97753906   49140.57812500  34176.08203125  
0.31100    1334505.62500000 842129.93750000 2099948.00000000 1998.22436523   49158.93750000  34190.64843750  
0.31200    1311329.75000000 826174.25000000 2061462.87500000 1988.38159180   49187.02734375  34213.20312500  
0.31300    1288928.50000000 810695.25000000 2024206.50000000 1978.48132324   49224.01562500  34244.88281250  
0.31400    1267318.50000000 795700.06250000 1988214.87500000 1968.52624512   49271.57812500  34284.30468750  
0.31500    1246447.50000000 781159.43750000 1953332.12500000 1958.46337891   49326.21093750  34330.83984375  
0.31600    1226394.62500000 767108.68750000 1919738.62500000 1948.32629395   49388.71484375  34385.35546875  
0.31700    1207143.37500000 753551.50000000 1887397.87500000 1938.10083008   49460.06640625  34446.74609375  
0.31800    1188591.12500000 740447.50000000 1856184.50000000 1927.76684570   49534.23046875  34511.65234375  
0.31900    1170963.87500000 727893.75000000 1826406.50000000 1917.37988281   49619.28906250  34585.97265625  
0.32000    1154024.37500000 715785.18750000 1797745.50000000 1906.86022949   49706.67968750  34662.74218750  
0.32100    1137905.50000000 704178.06250000 1770356.50000000 1896.23535156   49798.83593750  34744.77734375  
0.32200    1122605.87500000 693082.68750000 1744236.75000000 1885.51965332   49896.67968750  34831.34375000  
0.32300    1107973.12500000 682414.12500000 1719256.00000000 1874.66967773   49995.73828125  34920.36718750  
0.32400    1094143.75000000 672244.93750000 1695483.75000000 1863.73339844   50098.00000000  35011.20703125  
0.32500    1081057.00000000 662535.81250000 1672892.25000000 1852.66503906   50200.71093750  35105.44921875  
0.32600    1068707.75000000 653290.81250000 1651478.12500000 1841.49267578   50305.04687500  35200.55859375  
0.32700    1057113.00000000 644522.18750000 1631279.12500000 1830.22253418   50412.25390625  35297.85937500  
0.32800    1046274.93750000 636229.93750000 1612240.87500000 1818.85229492   50520.28125000  35396.98046875  
0.32900    1036093.25000000 628342.18750000 1594255.62500000 1807.37231445   50626.75781250  35495.05468750  
0.33000    1026616.50000000 620910.81250000 1577411.12500000 1795.78356934   50732.10546875  35592.58203125  
0.33100    1017751.50000000 613856.12500000 1561504.50000000 1784.07946777   50835.30859375  35689.17187500  
0.33200    1009682.25000000 607287.06250000 1546863.37500000 1772.30322266   50940.10546875  35786.68750000  
0.33300    1002181.93750000 601071.75000000 1533077.75000000 1760.40979004   51039.63281250  35880.67968750  
0.33400    995337.12500000 595285.75000000 1520364.75000000 1748.44384766   51139.55859375  35974.31640625  
0.33500    989041.12500000 589833.81250000 1508567.50000000 1736.37170410   51233.91015625  36063.99218750  
0.33600    983358.62500000 584752.12500000 1497671.00000000 1724.21533203   51324.57812500  36150.94140625  
0.33700    978239.87500000 580033.87500000 1487660.62500000 1711.99255371   51413.60546875  36235.55859375  
0.33800    973670.43750000 575659.56250000 1478530.00000000 1699.68139648   51497.53515625  36316.73437500  
0.33900    969596.00000000 571589.87500000 1470218.25000000 1687.29907227   51576.46093750  36392.92968750  
0.34000    966056.06250000 567839.43750000 1462660.62500000 1674.85034180   51652.04296875  36465.67187500  
0.34100    962983.18750000 564383.87500000 1455898.50000000 1662.35009766   51722.30078125  36535.32421875  
0.34200    960456.25000000 561272.25000000 1449964.12500000 1649.82592773   51790.35546875  36601.16796875  
0.34300    958289.00000000 558371.87500000 1444593.12500000 1637.21679688   51850.87500000  36660.63671875  
0.34400    956627.68750000 555776.31250000 1439998.12500000 1624.60083008   51907.73828125  36717.12890625  
0.34500    955314.50000000 553398.31250000 1435967.87500000 1611.93371582   51959.61718750  36768.33593750  
0.34600    954475.75000000 551304.37500000 1432641.37500000 1599.28332520   52008.90625000  36816.96875000  
0.34700    953880.37500000 549361.18750000 1429728.62500000 1586.59069824   52049.79687500  36858.41796875  
0.34800    953686.00000000 547652.87500000 1427379.75000000 1573.89172363   52086.04296875  36895.74218750  
0.34900    953843.93750000 546149.93750000 1425597.25000000 1561.20056152   52118.73437500  36929.04687500  
0.35000    954267.31250000 544808.81250000 1424218.12500000 1548.54077148   52145.19531250  36956.91796875  
0.35100    955045.81250000 543687.06250000 1423414.37500000 1535.91320801   52170.49609375  36982.03125000  
0.35200    956027.68750000 542663.93750000 1422833.87500000 1523.28515625   52188.14843750  37000.99609375  
0.35300    957258.68750000 541798.00000000 1422677.87500000 1510.70483398   52201.96484375  37015.44531250  
0.35400    958769.06250000 541105.75000000 1422948.87500000 1498.21252441   52213.46875000  37027.96875000  
0.35500    960475.43750000 540509.81250000 1423522.00000000 1485.75634766   52220.20312500  37035.48046875  
0.35600    962395.81250000 540025.68750000 1424369.12500000 1473.37780762   52223.43359375  37039.53515625  
0.35700    964512.56250000 539670.75000000 1425539.62500000 1461.08715820   52224.80078125  37040.98437500  
0.35800    966818.18750000 539429.18750000 1426997.62500000 1448.91223145   52222.91796875  37039.72656250  
0.35900    969288.50000000 539264.25000000 1428665.62500000 1436.81970215   52218.73046875  37035.62109375  
0.36000    971964.00000000 539216.62500000 1430637.25000000 1424.89440918   52214.42578125  37030.33593750  
0.36100    974675.00000000 539190.50000000 1432695.25000000 1413.05786133   52206.21484375  37021.62500000  
0.36200    977668.37500000 539332.81250000 1435145.62500000 1401.39807129   52200.83593750  37015.10546875  
0.36300    980638.18750000 539442.56250000 1437540.37500000 1389.85815430   52190.58984375  37002.95312500  
0.36400    983728.68750000 539635.81250000 1440143.25000000 1378.49511719   52180.49609375  36991.11328125  
0.36500    986914.00000000 539863.31250000 1442837.12500000 1367.29895020   52170.10937500  36979.47265625  
0.36600    990298.37500000 540219.00000000 1445865.25000000 1356.33923340   52164.78906250  36970.08203125  
0.36700    993630.31250000 540534.75000000 1448795.12500000 1345.51098633   52154.97656250  36957.36718750  
0.36800    997185.43750000 540984.06250000 1452053.12500000 1334.95422363   52151.93750000  36949.91015625  
0.36900    1000774.93750000 541451.87500000 1455362.37500000 1324.59558105   52149.51953125  36943.00390625  
0.37000    1004304.25000000 541884.12500000 1458561.75000000 1314.43054199   52145.25781250  36934.22656250  
0.37100    1007959.75000000 542383.00000000 1461954.25000000 1304.51403809   52145.68750000  36929.06640625  
0.37200    1011708.75000000 542963.43750000 1465556.25000000 1294.87585449   52151.85156250  36928.60937500  
0.37300    1015446.12500000 543530.18750000 1469078.50000000 1285.45776367   52157.85156250  36928.30468750  
0.37400    1019300.75000000 544163.93750000 1472787.00000000 1276.32775879   52170.50781250  36933.42578125  
0.37500    1023188.75000000 544829.31250000 1476548.37500000 1267.47277832   52187.94140625  36942.30078125  
0.37600    1027085.75000000 545518.25000000 1480345.75000000 1258.88330078   52208.04687500  36954.15625000  
0.37700    1030980.56250000 546202.31250000 1484140.62500000 1250.55590820   52231.64062500  36968.69531250  
0.37800    1034957.18750000 546941.87500000 1488071.37500000 1242.54199219   52261.69140625  36989.58203125  
0.37900    1038989.37500000 547742.18750000 1492114.62500000 1234.80456543   52298.37500000  37015.39453125  
0.38000    1043000.12500000 548537.68750000 1496127.00000000 1227.38232422   52338.04296875  37045.12500000  
0.38100    1046993.06250000 549342.62500000 1500143.00000000 1220.21838379   52382.43359375  37078.35546875  
0.38200    1051091.62500000 550223.93750000 1504329.87500000 1213.39294434   52434.22265625  37118.89062500  
0.38300    1055133.87500000 551074.50000000 1508449.50000000 1206.83471680   52489.68750000  37162.92578125  
0.38400    1059261.00000000 552010.12500000 1512701.25000000 1200.59667969   52551.83984375  37213.63281250  
0.38500    1063290.12500000 552927.68750000 1516880.87500000 1194.65295410   52617.76953125  37267.29296875  
0.38600    1067460.87500000 553931.25000000 1521279.62500000 1189.01159668   52691.68359375  37328.69921875  
0.38700    1071541.12500000 554899.81250000 1525529.12500000 1183.66149902   52767.96484375  37392.97656250  
0.38800    1075648.62500000 555916.68750000 1529917.75000000 1178.61767578   52850.88671875  37462.98828125  
0.38900    1079720.12500000 556949.75000000 1534269.37500000 1173.82434082   52936.43750000  37537.71875000  
0.39000    1083865.50000000 558049.18750000 1538755.50000000 1169.35473633   53029.19531250  37618.17187500  
0.39100    1087953.00000000 559146.25000000 1543205.87500000 1165.14257812   53125.14062500  37702.77343750  
0.39200    1092044.37500000 560278.68750000 1547680.25000000 1161.21569824   53225.39843750  37790.82812500  
0.39300    1096119.00000000 561417.68750000 1552160.12500000 1157.53564453   53328.42578125  37883.26562500  
0.39400    1100211.25000000 562604.62500000 1556728.37500000 1154.14550781   53435.56250000  37979.60937500  
0.39500    1104194.25000000 563774.75000000 1561175.62500000 1150.95336914   53542.52734375  38077.58203125  
0.39600    1108159.25000000 564963.87500000 1565662.62500000 1148.02185059   53653.40625000  38179.50781250  
0.39700    1112092.87500000 566165.81250000 1570116.12500000 1145.31713867   53764.71875000  38283.71875000  
0.39800    1116022.37500000 567410.43750000 1574609.12500000 1142.83251953   53877.94531250  38389.71093750  
0.39900    1119864.50000000 568629.87500000 1579032.87500000 1140.54211426   53991.05078125  38497.07812500  
0.40000    1123639.75000000 569863.31250000 1583389.25000000 1138.43945312   54103.27734375  38605.10156250  
0.40100    1127331.62500000 571071.68750000 1587674.25000000 1136.52087402   54213.40234375  38712.57031250  
0.40200    1130995.25000000 572301.12500000 1591975.50000000 1134.77587891   54323.36718750  38820.67578125  
0.40300    1134502.37500000 573496.50000000 1596103.25000000 1133.15429688   54428.93359375  38926.87890625  
0.40400    1137992.25000000 574708.06250000 1600216.50000000 1131.71582031   54533.11328125  39033.17968750  
0.40500    1141357.00000000 575888.37500000 1604209.75000000 1130.38427734   54633.02343750  39136.45312500  
0.40600    1144669.87500000 577071.93750000 1608182.37500000 1129.17858887   54729.50390625  39238.82031250  
0.40700    1147806.12500000 578200.62500000 1611934.37500000 1128.06530762   54818.36328125  39336.07031250  
0.40800    1150794.25000000 579286.62500000 1615528.50000000 1127.02062988   54900.76171875  39429.33203125  
0.40900    1153666.75000000 580331.93750000 1618990.50000000 1126.05676270   54976.59765625  39517.69140625  
0.41000    1156448.12500000 581356.31250000 1622348.50000000 1125.15722656   55046.61328125  39602.53125000  
0.41100    1159032.87500000 582335.31250000 1625485.50000000 1124.30944824   55106.94140625  39681.08203125  
0.41200    1161422.62500000 583212.50000000 1628346.87500000 1123.46948242   55156.58203125  39751.15234375  
0.41300    1163689.25000000 584072.87500000 1631113.62500000 1122.65612793   55197.89843750  39816.62890625  
0.41400    1165755.37500000 584831.37500000 1633563.87500000 1121.85241699   55227.76953125  39872.85546875  
0.41500    1167679.50000000 585556.56250000 1635874.62500000 1121.04968262   55248.82031250  39923.17968750  
0.41600    1169293.25000000 586135.56250000 1637779.25000000 1120.18835449   55254.47656250  39961.34765625  
0.41700    1170805.62500000 586696.56250000 1639560.62500000 1119.32641602   55251.17578125  39993.47265625  
0.41800    1172123.50000000 587173.31250000 1641105.75000000 1118.43847656   55234.87500000  40016.41796875  
0.41900    1173070.00000000 587471.37500000 1642129.75000000 1117.45178223   55201.38671875  40025.51562500  
0.42000    1173899.37500000 587732.68750000 1643020.37500000 1116.44067383   55157.30468750  40026.78906250  
0.42100    1174518.75000000 587907.68750000 1643620.00000000 1115.36218262   55099.61328125  40017.57812500  
0.42200    1174845.75000000 587950.56250000 1643844.00000000 1114.18591309   55026.00000000  39996.25390625  
0.42300    1174903.12500000 587860.06250000 1643687.50000000 1112.93566895   54936.47656250  39963.04687500  
0.42400    1174706.87500000 587649.62500000 1643206.25000000 1111.56945801   54832.37500000  39918.35546875  
0.42500    1174259.00000000 587328.00000000 1642354.50000000 1110.10839844   54713.10937500  39861.79687500  
0.42600    1173514.12500000 586856.56250000 1641108.62500000 1108.53930664   54577.13671875  39792.16015625  
0.42700    1172569.12500000 586300.75000000 1639583.87500000 1106.87927246   54426.73046875  39711.51171875  
0.42800    1171284.50000000 585576.25000000 1637582.25000000 1105.08972168   54259.69531250  39616.75000000  
0.42900    1169803.00000000 584759.31250000 1635333.87500000 1103.19873047   54078.58593750  39511.87500000  
0.43000    1167993.12500000 583786.50000000 1632616.87500000 1101.17272949   53880.13281250  39393.57031250  
0.43100    1165844.12500000 582630.87500000 1629405.37500000 1099.00964355   53664.62109375  39261.05078125  
0.43200    1163511.37500000 581397.62500000 1625939.50000000 1096.74511719   53436.20312500  39118.50781250  
0.43300    1160834.87500000 579989.00000000 1622020.50000000 1094.34472656   53190.64843750  38962.14453125  
0.43400    1157888.50000000 578435.31250000 1617685.12500000 1091.82421875   52929.66406250  38793.35937500  
0.43500    1154656.50000000 576752.56250000 1612965.87500000 1089.16406250   52654.77343750  38613.75390625  
0.43600    1151241.75000000 574982.87500000 1608002.12500000 1086.42077637   52367.64843750  38423.88671875  
0.43700    1147466.87500000 573011.62500000 1602521.62500000 1083.54455566   52063.90234375  38221.01171875  
0.43800    1143394.87500000 570892.81250000 1596603.87500000 1080.52246094   51746.12500000  38006.59375000  
0.43900    1139120.50000000 568670.18750000 1590385.50000000 1077.41540527   51415.90625000  37782.40625000  
0.44000    1134566.75000000 566313.62500000 1583805.62500000 1074.18652344   51074.00781250  37548.19921875  
0.44100    1129764.37500000 563825.56250000 1576841.00000000 1070.86511230   50719.54296875  37303.95703125  
0.44200    1124744.37500000 561223.25000000 1569593.37500000 1067.43933105   50354.60546875  37051.40625000  
0.44300    1119462.50000000 558498.18750000 1561973.87500000 1063.92993164   49979.09375000  36789.75781250  
0.44400    1113972.75000000 555663.25000000 1554048.12500000 1060.32946777   49594.04687500  36520.29687500  
0.44500    1108175.50000000 552663.93750000 1545673.00000000 1056.62304688   49196.92187500  36240.88281250  
0.44600    1102204.75000000 549572.37500000 1537078.87500000 1052.83959961   48792.79687500  35954.96875000  
0.44700    1096077.87500000 546414.25000000 1528245.62500000 1049.00317383   48382.01562500  35664.07421875  
0.44800    1089713.75000000 543111.75000000 1519045.25000000 1045.09680176   47962.43359375  35365.82812500  
0.44900    1083207.25000000 539766.56250000 1509701.87500000 1041.14318848   47538.42187500  35063.70703125  
0.45000    1076552.12500000 536333.50000000 1500132.75000000 1037.15563965   47110.54687500  34757.54296875  
0.45100    1069642.50000000 532762.06250000 1490185.62500000 1033.08618164   46674.19921875  34444.51953125  
0.45200    1062651.75000000 529162.25000000 1480120.12500000 1028.99218750   46235.97265625  34129.88671875  
0.45300    1055506.75000000 525471.25000000 1469852.62500000 1024.88549805   45794.94140625  33812.36328125  
0.45400    1048238.62500000 521737.90625000 1459429.00000000 1020.74249268   45351.46484375  33492.27343750  
0.45500    1040895.87500000 517951.62500000 1448863.62500000 1016.60314941   44907.93359375  33171.57812500  
0.45600    1033402.56250000 514090.62500000 1438098.25000000 1012.42437744   44461.33593750  32848.27343750  
0.45700    1025846.50000000 510221.31250000 1427282.75000000 1008.26269531   44016.81250000  32526.58007812  
0.45800    1018213.50000000 506296.28125000 1416327.00000000 1004.11083984   43573.51953125  32204.91992188  
0.45900    1010486.00000000 502337.62500000 1405273.37500000 999.98315430    43131.26562500  31883.27734375  
0.46000    1002823.18750000 498415.43750000 1394283.62500000 995.86614990    42693.86718750  31565.24414062  
0.46100    994966.25000000 494390.96875000 1383038.25000000 991.73687744    42255.23046875  31246.16015625  
0.46200    987199.37500000 490425.68750000 1371934.12500000 987.68090820    41823.37890625  30931.96875000  
0.46300    979386.43750000 486437.75000000 1360764.00000000 983.65222168    41396.38671875  30620.67578125  
0.46400    971554.50000000 482448.56250000 1349596.62500000 979.65228271    40973.73046875  30312.48828125  
0.46500    963780.81250000 478496.18750000 1338521.25000000 975.71832275    40557.73828125  30009.41992188  
0.46600    955991.75000000 474536.81250000 1327401.00000000 971.81518555    40146.88671875  29709.79492188  
0.46700    948214.31250000 470587.06250000 1316296.00000000 967.96826172    39742.51171875  29415.12109375  
0.46800    940556.68750000 466714.56250000 1305429.00000000 964.19903564    39347.38281250  29126.74023438  
0.46900    932891.93750000 462840.46875000 1294510.87500000 960.47943115    38959.15234375  28843.59375000  
0.47000    925279.81250000 458997.50000000 1283710.00000000 956.82263184    38578.01171875  28566.19921875  
0.47100    917781.43750000 455226.34375000 1273065.75000000 953.25006104    38206.94531250  28295.77539062  
0.47200    910350.50000000 451489.56250000 1262513.62500000 949.72985840    37844.87890625  28031.72070312  
0.47300    903040.62500000 447826.84375000 1252154.00000000 946.30603027    37492.39062500  27775.23437500  
0.47400    895757.81250000 444171.43750000 1241834.87500000 942.93701172    37146.98828125  27524.30078125  
0.47500    888616.75000000 440610.09375000 1231738.75000000 939.65972900    36813.80078125  27281.84570312  
0.47600    881641.75000000 437142.43750000 1221905.62500000 936.47595215    36491.33203125  27047.75000000  
0.47700    874668.25000000 433661.06250000 1212039.25000000 933.34735107    36175.55859375  26818.64843750  
0.47800    867896.43750000 430296.81250000 1202465.37500000 930.31396484    35873.23828125  26599.00000000  
0.47900    861267.87500000 427028.56250000 1193145.25000000 927.37652588    35580.90234375  26387.55468750  
0.48000    854706.43750000 423779.37500000 1183896.87500000 924.51336670    35297.62109375  26182.25195312  
0.48100    848390.31250000 420665.87500000 1175012.00000000 921.75286865    35027.05859375  25986.85742188  
0.48200    842062.93750000 417544.25000000 1166102.00000000 919.03552246    34762.71484375  25796.24414062  
0.48300    835934.00000000 414527.68750000 1157479.87500000 916.42504883    34511.05078125  25614.31445312  
0.48400    829982.25000000 411606.34375000 1149117.25000000 913.89117432    34270.28125000  25440.82226562  
0.48500    824156.43750000 408753.28125000 1140932.37500000 911.45227051    34038.89062500  25274.34960938  
0.48600    818498.00000000 405988.46875000 1133007.75000000 909.10125732    33818.90625000  25116.08593750  
0.48700    812965.93750000 403286.21875000 1125256.75000000 906.82611084    33608.02343750  24964.44921875  
0.48800    807533.37500000 400624.28125000 1117609.25000000 904.60681152    33404.98046875  24818.49023438  
0.48900    802282.68750000 398054.59375000 1110219.62500000 902.48382568    33212.37890625  24680.17773438  
0.49000    797190.06250000 395577.21875000 1103075.62500000 900.43493652    33029.90234375  24549.72460938  
0.49100    792262.87500000 393183.68750000 1096165.87500000 898.47412109    32857.43359375  24425.91992188  
0.49200    787430.37500000 390814.40625000 1089362.62500000 896.56311035    32691.46289062  24307.18164062  
0.49300    782755.56250000 388537.78125000 1082806.00000000 894.73693848    32535.35742188  24195.09960938  
0.49400    778215.68750000 386313.56250000 1076394.75000000 892.97155762    32386.90234375  24088.49609375  
0.49500    773797.31250000 384149.96875000 1070155.87500000 891.26458740    32246.21484375  23987.50000000  
0.49600    769563.00000000 382078.37500000 1064193.25000000 889.64227295    32115.17578125  23893.29492188  
0.49700    765385.25000000 380017.25000000 1058277.12500000 888.04583740    31988.49804688  23801.67968750  
0.49800    761395.62500000 378054.71875000 1052624.12500000 886.54412842    31871.53906250  23717.19921875  
0.49900    757458.75000000 376091.96875000 1047014.00000000 885.05712891    31758.26953125  23635.05859375  
0.50000    753685.93750000 374216.40625000 1041635.75000000 883.64135742    31653.72656250  23558.31640625  
