0.00859960815301 0.0434624875421 0.00746240712399 0.00626892422643 0.0457068147345 
0.00859038728845 0.0434401993752 0.00744721297984 0.00626285240263 0.0456882423842 
0.00857705455856 0.0434144748482 0.00743517509663 0.00625448329904 0.0456685162405 
0.00856372445271 0.0433887503213 0.00742313721343 0.0062461121351 0.0456488087064 
0.00855196614477 0.0433576946189 0.00741633357209 0.0062391523045 0.0456276310164 
0.00854142538981 0.0433224960152 0.00741359203423 0.0062332885751 0.0456053181426 
0.00853088988293 0.0432873134693 0.00741084831362 0.00622742072502 0.0455830052687 
0.00852337201811 0.0432530301578 0.00740296857502 0.00621776802922 0.0455580870552 
0.0085158541533 0.0432187307885 0.00739508665367 0.00620811533342 0.0455331688417 
0.00850903428221 0.0431838854555 0.00738219749677 0.00620094122739 0.0455054964118 
0.00850311183164 0.0431483175234 0.00736289104582 0.00619694210625 0.0454743439925 
0.00849718675703 0.0431127495913 0.00734358459488 0.00619294298511 0.0454431915732 
0.00847942202935 0.0430780648358 0.00732837953697 0.00618827631361 0.0454110528467 
0.0084599805423 0.0430434924846 0.00731375945688 0.00618351486644 0.0453787838532 
0.00844168313519 0.0430061421415 0.00729978765445 0.00617660036333 0.045344988875 
0.00842591005128 0.0429627059084 0.00728725210354 0.0061649676802 0.0453078255648 
0.0084101317193 0.0429192696753 0.00727471218713 0.00615333293673 0.0452706622545 
0.00839440324401 0.0428696351479 0.00725943073286 0.0061440943694 0.0452334058964 
0.00837869051294 0.0428179452276 0.00724323252229 0.00613564697286 0.0451961123192 
0.00836256843216 0.0427662231918 0.00722613065196 0.00612671333594 0.0451585395984 
0.00834467250266 0.0427144048095 0.00720511292261 0.00611566991023 0.0451197014269 
0.00832677657315 0.0426625864271 0.00718409519325 0.00610462854486 0.0450808632553 
0.00830899085318 0.0426084075545 0.00716388726529 0.00609429181598 0.0450409085097 
0.00829126548605 0.0425527834837 0.007144150812 0.00608437333624 0.0450002466003 
0.00827335118828 0.0424972075862 0.0071243816174 0.0060744342531 0.0449591566709 
0.00825260030697 0.0424421455369 0.0071040034347 0.0060641572741 0.044911385906 
0.00823185467373 0.0423870995453 0.00708363180026 0.00605388647612 0.0448636337507 
0.00821220326375 0.0423282639231 0.00706281051868 0.006041503829 0.0448150255553 
0.00819364870106 0.0422656868435 0.00704155486925 0.00602702993616 0.0447656357578 
0.00817509151433 0.0422031097638 0.00702029267155 0.00601255192264 0.0447162087413 
0.0081518792867 0.0421372247862 0.00699920291135 0.00600217398694 0.04466309703 
0.00812835479872 0.042071115 0.00697811751665 0.00599206389553 0.0446097247847 
0.00810593765418 0.0420043789613 0.00695498469957 0.0059800253253 0.0445557570332 
0.00808533634295 0.0419365991683 0.00692843805668 0.00596478910643 0.0445008029745 
0.0080647402798 0.0418688193753 0.0069019001448 0.00594955700824 0.0444458489158 
0.00804151230795 0.0417962543708 0.006879852156 0.0059350934171 0.0443890711193 
0.00801769130384 0.0417226134964 0.00685884097491 0.00592080907559 0.0443319025219 
0.00799390703623 0.0416486354092 0.00683608359136 0.00590678433701 0.0442738592746 
0.00797025134642 0.0415737099143 0.00680815308302 0.00589354046751 0.0442133781738 
0.00794659040854 0.0414987683617 0.00678021384367 0.00588029247734 0.0441528598539 
0.00792019522453 0.0414221407445 0.0067533965394 0.00586508510324 0.0440909830353 
0.00789255624718 0.0413447262973 0.00672707253732 0.00584898560165 0.0440284734914 
0.00786518229753 0.0412665089622 0.00670060447354 0.00583295615164 0.0439654614891 
0.00783958744469 0.0411825750655 0.00667306249525 0.00581737997656 0.0438988950591 
0.00781400046395 0.0410986411688 0.00664552706522 0.00580180792217 0.0438323472386 
0.00778758691169 0.0410146430411 0.00661762274992 0.00578603807508 0.043764682844 
0.00776054883872 0.0409306127979 0.00658944559049 0.00577012400415 0.0436961624091 
0.00773349764557 0.0408465504392 0.00656125533453 0.00575420169185 0.0436276419743 
0.00770358625254 0.0407565948836 0.00653077755336 0.00573777871678 0.0435559393031 
0.00767366436336 0.0406666072125 0.00650029104117 0.0057213495607 0.0434842180223 
0.0076438369395 0.0405764910794 0.00647028036915 0.00570382636374 0.043411826797 
0.00761410922904 0.0404861340798 0.00644085685771 0.0056848938938 0.0433385237028 
0.00758438939068 0.0403957931381 0.00641144207728 0.00566596554454 0.0432652578277 
0.00755468004846 0.0403028187241 0.00638077221383 0.00564896155342 0.0431893680034 
0.00752497857836 0.0402094910395 0.00634993209565 0.0056322315876 0.0431131432068 
0.00749529810055 0.0401143488284 0.00631911598775 0.00561506482957 0.0430356343498 
0.00746568059962 0.0400152724667 0.00628836972794 0.00559695649588 0.0429554084958 
0.00743605522658 0.0399161800473 0.00625761473713 0.0055788440415 0.0428751640322 
0.00740330987404 0.0398166219529 0.00622721990057 0.00555885461683 0.042793951871 
0.00736952015494 0.0397168711655 0.00619693638442 0.00553823472792 0.042712423347 
0.00733641006131 0.0396167831651 0.00616588017368 0.00551809695872 0.042630466803 
0.00730617066371 0.0395151857356 0.00613148871624 0.00550000098707 0.0425467237403 
0.00727592601803 0.0394135722483 0.00609708852779 0.00548189677406 0.0424629620681 
0.0072440702139 0.0393089077872 0.00606372078154 0.00546264495132 0.0423771533432 
0.00721124089219 0.0392023645684 0.00603095110964 0.00544270085414 0.0422900977772 
0.00717846142717 0.0390957571187 0.0059981596102 0.00542268670538 0.0422029677728 
0.0071463091069 0.0389876562975 0.00596486826032 0.00540160530017 0.0421144606604 
0.0071141620347 0.0388795875918 0.00593158564144 0.00538052801565 0.0420259721575 
0.0070796480815 0.0387701539768 0.00589890546241 0.00535936625716 0.0419362740325 
0.00704279348767 0.0386594357412 0.00586684518526 0.00533813238675 0.0418454407239 
0.00700594151787 0.0385487175056 0.00583478272535 0.00531689851634 0.0417545888057 
0.00697396763209 0.0384362489745 0.00579991979325 0.00529717281526 0.0416602382884 
0.00694232437491 0.0383237001546 0.0057648822409 0.00527754807088 0.0415657016754 
0.00690915655248 0.0382097864253 0.00573004113633 0.00525694878538 0.0414711092337 
0.00687349327126 0.0380936888411 0.0056955470895 0.00523475067556 0.0413765354016 
0.00683781949389 0.0379775430835 0.0056610421289 0.00521254432438 0.0412819429599 
0.00680272038053 0.0378602251097 0.00562643676166 0.00519012369777 0.0411833308512 
0.006767752469 0.0377426341541 0.00559180956689 0.00516765568333 0.0410838254832 
0.00673259562684 0.037624143964 0.00555713653431 0.00514540606499 0.0409841340194 
0.00669692447351 0.0375031487639 0.00552236964334 0.00512383635906 0.0408839587069 
0.00666124544807 0.0373821053904 0.00548759402136 0.00510226047211 0.0407837833944 
0.00662658979689 0.0372621378867 0.00545370241438 0.00507950400998 0.0406824728981 
0.00659239072808 0.0371426360579 0.00542020152019 0.00505621391964 0.0405806413339 
0.00655751728187 0.0370225561499 0.00538635793378 0.00503317725119 0.0404784003591 
0.00651805964375 0.0368988471888 0.00535021154287 0.00501193926009 0.0403733865585 
0.00647859938159 0.0367751221699 0.00531406733471 0.004990701269 0.0402683913675 
0.00644228271526 0.0366490527184 0.00527798206089 0.00496877924483 0.040162465698 
0.00640840902698 0.0365212169137 0.0052419600869 0.00494633801481 0.0400558514744 
0.0063745274666 0.0363933489935 0.00520593156466 0.0049238864831 0.0399492000317 
0.00633887730556 0.0362638752975 0.00517049675125 0.00490018020395 0.0398405759746 
0.00630322714452 0.0361344176593 0.00513506193785 0.00487647186445 0.0397319705271 
0.00626649325637 0.0360048315591 0.00510058535304 0.00485267080963 0.0396220996289 
0.0062283948692 0.0358751330545 0.00506735730299 0.0048287626171 0.0395106841364 
0.00619029648203 0.0357454506077 0.00503412707019 0.00480485442457 0.0393992686439 
0.00615306402693 0.0356146120024 0.00500062835876 0.00478176418726 0.0392872948643 
0.00611596277366 0.0354836609928 0.00496710345429 0.00475879757039 0.0391752838655 
0.0060785256437 0.0353514253626 0.0049325701179 0.00473549099732 0.0390629378946 
0.00604033279121 0.0352163635672 0.00489581910439 0.00471143033958 0.0389499033695 
0.0060021530589 0.035081349945 0.00485907900464 0.00468737586287 0.0388368688445 
0.00596543491497 0.0349472194994 0.00482394322841 0.00466322455014 0.0387207451309 
0.00592919172167 0.0348133780935 0.00478933131291 0.00463903409094 0.0386035792814 
0.00589290391974 0.0346790710127 0.00475454914267 0.00461491574367 0.0384863948224 
0.00585636683433 0.0345426764234 0.00471899209509 0.00459107142169 0.0383691173155 
0.00581982450085 0.0344062497186 0.00468342849925 0.00456722297904 0.0382518025894 
0.00578161590414 0.0342687310863 0.00464998435665 0.00454263899478 0.0381319197428 
0.00574241017353 0.034130554086 0.00461780184532 0.00451761409764 0.0380104923019 
0.00570334876493 0.0339923289124 0.00458545126201 0.00449266131241 0.0378891020802 
0.00566657551623 0.0338541197965 0.00455077386392 0.00446887674032 0.0377686609465 
0.00562980226753 0.0337159106807 0.00451609428308 0.00444509422856 0.0376482012032 
0.00559311561204 0.0335764651175 0.00448225942767 0.00441985505599 0.0375266434953 
0.00555650505361 0.0334357509915 0.00444925620119 0.0043931592226 0.0374039319941 
0.00551990499133 0.0332950689811 0.00441626170572 0.00436647163057 0.0372812577121 
0.00548336265785 0.0331544030284 0.00438353568888 0.00434270972223 0.0371572621506 
0.00544681770034 0.033013721018 0.0043508205858 0.00431913530487 0.0370331363222 
0.00541048266575 0.0328720755421 0.00431819715835 0.00429566390455 0.0369084708162 
0.00537448088381 0.0327287761172 0.0042857134271 0.0042723532108 0.0367828562222 
0.00533847910186 0.0325854766923 0.00425323187861 0.00424904045671 0.0366572416281 
0.00529983753912 0.0324425947692 0.00422039454136 0.00422219627879 0.0365298405155 
0.00526059769603 0.0322998573658 0.00418748517326 0.00419454856804 0.0364020672114 
0.00522218442447 0.0321562528435 0.00415486829407 0.00416759725241 0.0362740147638 
0.00518625349151 0.0320100790801 0.00412312888161 0.00414273306183 0.0361451807142 
0.00515032255856 0.0318639053167 0.00409138728641 0.00411787093159 0.0360163280551 
0.00511502664246 0.0317185665567 0.004058790052 0.00409434390208 0.0358874381768 
0.0050800351146 0.0315736774139 0.00402581956681 0.0040714329144 0.0357585855177 
0.00504473132639 0.0314289167331 0.003992934209 0.00404824378075 0.0356293606672 
0.00500722597148 0.031285039229 0.00396065129103 0.00402310762521 0.035497530477 
0.00496971012043 0.0311411135516 0.00392835964205 0.00399796734898 0.0353656444581 
0.00493335409355 0.0309948113261 0.00389759810297 0.00397310727909 0.0352334420765 
0.00489789548718 0.0308466303431 0.00386801961606 0.00394846148461 0.0351009233322 
0.00486243425678 0.0306984493601 0.00383844112915 0.00392381569014 0.0349684231974 
0.00482682083225 0.0305498829908 0.00380794806871 0.00389935532632 0.0348344529067 
0.00479120740772 0.0304013166216 0.00377745500826 0.0038748949625 0.034700482616 
0.00475649927582 0.0302534246782 0.00374744215349 0.00385085696851 0.0345656562851 
0.00472297983248 0.0301064640847 0.00371806229711 0.00382737320615 0.0344298064278 
0.00468946038915 0.0299595034912 0.00368868244073 0.00380389150412 0.0342939565706 
0.00465389944535 0.0298105196203 0.00365940299099 0.00377908500308 0.0341583486378 
0.0046180472335 0.029661230652 0.00363014100328 0.0037540889507 0.0340227965336 
0.00458270408474 0.0295123431277 0.00360109292537 0.00372932159613 0.0338867977998 
0.00454848402364 0.0293642745489 0.00357251850487 0.00370505284399 0.0337497941493 
0.00451427183464 0.0292162541435 0.00354395063264 0.00368078821253 0.0336128091083 
0.00447928555486 0.0290684906621 0.00351810028798 0.00365631136599 0.033474930808 
0.00444403687142 0.0289208235273 0.00349316015135 0.00363176240752 0.0333367547546 
0.00440910044833 0.0287728994684 0.00346750188896 0.00360731852643 0.0331983367768 
0.00437551802812 0.0286239316552 0.00343871574142 0.00358333616164 0.0330589511013 
0.00434193560791 0.0284749477843 0.00340993177663 0.00355935379684 0.0329195654259 
0.00430980427993 0.028325723047 0.00338316904119 0.00353501293278 0.0327799936547 
0.00427854938017 0.0281763377322 0.00335762646471 0.00351045573295 0.0326403102262 
0.00424715278243 0.0280269363596 0.00333222358443 0.00348598506743 0.0325005523594 
0.0042137120602 0.0278781130663 0.00330904274679 0.0034629442783 0.0323603292533 
0.00418026871392 0.0277293058307 0.00328586190914 0.00343990348917 0.0322201247568 
0.00414774378046 0.0275794066677 0.00326131248531 0.00341663194188 0.0320786920287 
0.00411614250787 0.0274284155771 0.00323538356154 0.00339312963645 0.0319360496786 
0.00408453861124 0.0272774244866 0.00320945463777 0.00336962733102 0.0317934259381 
0.00405446190391 0.0271282479226 0.00318496851379 0.0033456181818 0.0316528864693 
0.00402449278207 0.0269792158784 0.00316058279644 0.00332157194645 0.0315124958771 
0.00399373644926 0.026830794029 0.00313635642007 0.00329772144345 0.0313710817586 
0.00396165760202 0.0266834480493 0.00311240288783 0.0032742026553 0.0312279183406 
0.00392957875477 0.0265361020697 0.0030884493556 0.00325068386714 0.031084736313 
0.00389821626951 0.0263875999315 0.00306577273391 0.00322894933396 0.03094092156 
0.00386701909855 0.0262388248114 0.00304339514939 0.00320763511027 0.0307969393209 
0.00383661701068 0.0260899854603 0.0030212860435 0.00318563685349 0.0306531431775 
0.00380864740472 0.0259409373584 0.00299999765277 0.00316156177336 0.0305099053212 
0.00378067517473 0.0257918892565 0.00297870926204 0.0031374846329 0.0303666488553 
0.00375175304349 0.0256441578906 0.00295663289744 0.00311391845691 0.030222889931 
0.00372239269815 0.0254970527773 0.00293418983033 0.00309058715975 0.0300788890823 
0.00369330525261 0.0253499797795 0.00291184935262 0.00306737124167 0.0299348882337 
0.00366619895469 0.0252032279369 0.00289025101095 0.00304499388221 0.0297908315563 
0.00363909003273 0.0250564760942 0.00286865485203 0.00302261652276 0.0296467748789 
0.00361045392148 0.024909097999 0.00284712417571 0.00300109008398 0.029502569325 
0.00358061337744 0.0247612060556 0.00282564588546 0.00298023325591 0.029358233504 
0.0035507728334 0.02461333017 0.00280416759521 0.00295937642783 0.0292138976831 
0.00352510188349 0.024467525735 0.00278507287131 0.00293824969513 0.0290669193033 
0.0034994466778 0.0243217373578 0.00276598687843 0.00291711884175 0.0289199409235 
0.00347311971875 0.0241761095581 0.00274648834522 0.00289550174799 0.0287737627552 
0.00344591895551 0.0240306905093 0.00272645285475 0.00287324594863 0.0286286267228 
0.00341871556824 0.0238852714605 0.00270641518153 0.00285099220961 0.0284834720809 
0.00339100311787 0.0237405750107 0.00268850132705 0.00282958114991 0.0283379824666 
0.00336320669832 0.023595942792 0.00267089742351 0.0028082916503 0.0281924184141 
0.0033361502571 0.0234513908621 0.00265338301284 0.00278735034826 0.0280467427042 
0.00331076532718 0.023306983452 0.00263606941545 0.00276719609633 0.027900862289 
0.00328538039726 0.0231625920996 0.00261875581807 0.00274704184441 0.0277549632642 
0.00326040481705 0.0230195656566 0.00260097511153 0.00272691643725 0.02760947365 
0.00323556831077 0.0228770209464 0.00258303288126 0.0027068013318 0.0274641143028 
0.00321090499091 0.0227343959473 0.00256522161617 0.00268675833826 0.0273185502503 
0.0031870341301 0.0225914337353 0.00254800405992 0.00266703881821 0.0271721859863 
0.00316315802122 0.0224484233501 0.00253078213816 0.00264731517747 0.0270257845031 
0.00313964927745 0.0223068099897 0.00251488296477 0.00262739580437 0.0268794202391 
0.0031163635768 0.0221660637482 0.00249979577552 0.00260735693152 0.0267330745847 
0.00309308050019 0.0220253335645 0.00248471076903 0.0025873551448 0.0265866917111 
0.00306978692742 0.0218852135756 0.00246961266601 0.00256798382231 0.0264399180366 
0.00304650122677 0.0217451417599 0.00245451674575 0.00254861868084 0.0262931815812 
0.00302298198686 0.0216048933089 0.00243913270208 0.0025288950401 0.0261467056598 
0.00299923183173 0.0214645003381 0.002423451804 0.00250880671908 0.0260005461011 
0.00297547905257 0.0213241073672 0.00240777090591 0.00248872045839 0.0258543865423 
0.00295369954892 0.0211856734428 0.00239449540172 0.00246983949697 0.0257090271951 
0.00293207486342 0.0210474322114 0.00238140324878 0.00245105331121 0.0255637795053 
0.00291118228413 0.0209095442507 0.00236838530944 0.00243231245295 0.0254186062537 
0.00289155973855 0.0207723307158 0.00235549833529 0.00241365606865 0.0252736377074 
0.00287193719297 0.0206351171809 0.00234261136114 0.00239499968436 0.0251286877707 
0.00285120992799 0.0204994130752 0.00232795199149 0.00237763925431 0.0249833098139 
0.00283020451513 0.0203640301246 0.00231285607123 0.00236058993569 0.0248377829805 
0.00280922009456 0.0202289683291 0.00229838005284 0.00234327071246 0.0246924608524 
0.00278830652298 0.0200949663457 0.00228586851222 0.00232511087025 0.0245478272784 
0.00276738770333 0.0199609322467 0.00227335260609 0.00230694690736 0.0244031750948 
0.00274724035043 0.0198268339167 0.00226169233917 0.00228889832355 0.0242581135007 
0.00272746298669 0.0196926874134 0.00225043588157 0.00227090536893 0.0241128844204 
0.0027078037046 0.0195587336032 0.0022389589659 0.00225311432769 0.0239677856071 
0.00268903659495 0.0194258074894 0.00222574676155 0.00223683763681 0.0238233381288 
0.00267026686125 0.0192928813757 0.00221253455719 0.00222056094592 0.0236788906505 
0.00265175428315 0.0191611114205 0.00220075205609 0.00220377741125 0.0235352806027 
0.00263343588375 0.0190302406996 0.00219012423137 0.00218657768777 0.0233922846708 
0.00261512010839 0.018899353921 0.00217949640666 0.00216937590395 0.0232493073485 
0.00259763615263 0.0187698802251 0.00216749563025 0.00215314454056 0.0231058089582 
0.00258015744494 0.0186403904714 0.00215547957458 0.00213691729785 0.0229622733487 
0.00256268923339 0.0185108846599 0.00214431479261 0.00212080131354 0.0228189796637 
0.00254522626992 0.0183812985596 0.00213429377324 0.0021048213117 0.0226759279031 
0.00252776593049 0.0182517124594 0.00212427493663 0.00208883924953 0.0225328761425 
0.00251075430131 0.0181250488709 0.00211290715862 0.00207240597276 0.0223907734699 
0.00249381089708 0.0179988027842 0.00210132328805 0.00205589646339 0.0222487638451 
0.00247729258678 0.0178729741991 0.00209075439767 0.00203985671167 0.022106642563 
0.00246175566616 0.0177480448484 0.00208254506336 0.00202490894049 0.021964167699 
0.00244622399362 0.0176231315555 0.00207433572904 0.00200996322965 0.0218217114446 
0.00242941441525 0.0174984591289 0.00206471633625 0.00199515556162 0.0216806136888 
0.00241215087856 0.0173738830489 0.00205459491024 0.00198040146246 0.0215400183913 
0.00239548562221 0.0172497244706 0.0020445215048 0.00196569063044 0.0213994044843 
0.00238164120519 0.0171273804188 0.00203467947119 0.00195116316875 0.0212585486529 
0.00236779941221 0.0170050684825 0.00202483743758 0.00193663776739 0.0211177486501 
0.00235249340681 0.0168828689506 0.00201506306931 0.00192226689158 0.0209779721737 
0.0023362611165 0.0167607978807 0.00200533453886 0.00190800109314 0.0208389400801 
0.00232013641168 0.0166388070995 0.00199566494274 0.00189374353606 0.0206998893769 
0.0023062657543 0.0165189359424 0.00198720459183 0.0018797455819 0.020561173646 
0.00229239247287 0.0163990487274 0.00197874205816 0.00186574144672 0.0204224020864 
0.00227893116519 0.0162806388262 0.00197022059016 0.00185161163076 0.0202839096702 
0.00226590019952 0.0161637544118 0.00196163145681 0.00183733759096 0.0201456033498 
0.00225287185787 0.0160468860552 0.00195304450622 0.00182306767184 0.0200073528581 
0.0022385577383 0.0159292790418 0.00194461034834 0.00181057376633 0.0198706655703 
0.0022241334092 0.0158115596241 0.00193618710422 0.00179822820535 0.0197340713303 
0.00221018927879 0.0156947715563 0.0019279734044 0.00178549942101 0.0195973840424 
0.00219710320834 0.0155795410909 0.00192012422435 0.00177207424154 0.0194604362206 
0.00218401976193 0.0154643427411 0.0019122794098 0.00175865318275 0.0193235256179 
0.00217190983309 0.0153507180514 0.00190479474951 0.00174583992445 0.0191873407884 
0.00216004918772 0.0152374626902 0.00189740176485 0.00173317913135 0.0190513048354 
0.00214818329429 0.015124801466 0.00188974030156 0.00172066462244 0.018915938827 
0.00213621768746 0.0150132161115 0.00188112497517 0.0017085498196 0.018781763831 
0.00212428356908 0.0149019358544 0.00187253147632 0.00169646592188 0.0186479610264 
0.00211207917492 0.014790944637 0.00186509701935 0.0016844706188 0.0185146234611 
0.0020997409549 0.0146800979393 0.00185823662644 0.00167251652253 0.0183815092105 
0.00208753918478 0.014569427877 0.00185123217182 0.00166067780534 0.0182484321792 
0.0020765024869 0.0144603314749 0.00184299882722 0.00164979714654 0.0181155412435 
0.00206546578903 0.014351219015 0.00183476766538 0.00163891442739 0.0179826503078 
0.00205425852878 0.0142431824248 0.00182724589829 0.00162746717492 0.0178504851453 
0.00204288070614 0.014135788145 0.00182030910902 0.00161550689763 0.0177186177359 
0.00203153174792 0.014028666847 0.00181338978177 0.00160357752545 0.0175870852988 
0.00202094638433 0.0139239381548 0.00180649228206 0.00159248259122 0.0174574510378 
0.00201037414093 0.0138192736936 0.00179959478234 0.00158140413972 0.0173278726055 
0.00199966807167 0.0137149464454 0.00179243753501 0.00157060177386 0.017198387221 
0.00198876519966 0.0136111169876 0.00178491576792 0.00156018881237 0.0170690321035 
0.00197786495169 0.0135072875298 0.00177739181807 0.00154977585089 0.0169396955956 
0.00196766532148 0.0134057864469 0.00177039609447 0.00153903529525 0.016810991813 
0.00195756540467 0.0133044298837 0.00176347458447 0.00152821026564 0.0166820833252 
0.00194759406564 0.0132032338981 0.00175650941941 0.00151763247691 0.0165540680967 
0.0019378720101 0.0131017809884 0.00174939364439 0.00150759449742 0.0164273927573 
0.00192815257859 0.0130003280786 0.00174227568661 0.00149755445758 0.0163007360273 
0.00191851449221 0.0129004809446 0.00173531925257 0.00148772663284 0.0161748236802 
0.00190890789428 0.0128012279477 0.0017284195701 0.00147797710103 0.016049171867 
0.00189936164918 0.0127023442791 0.00172150897387 0.00146826053468 0.0159237433687 
0.00189013291251 0.0126052430216 0.00171452198127 0.00145870261455 0.0157994500541 
0.00188088055951 0.0125079008977 0.00170751752666 0.00144912203067 0.0156748217673 
0.00187168331129 0.0124120842607 0.00170107622234 0.00144004210957 0.0155507703771 
0.00186250443131 0.0123171026271 0.00169499943778 0.0014312836016 0.0154268864731 
0.00185331243116 0.0122221691668 0.00168886808439 0.0014224880075 0.0153030956168 
0.0018437976745 0.0121284400383 0.00168128083471 0.00141271581195 0.0151817426142 
0.00183428291784 0.0120347269675 0.00167369358502 0.0014029436164 0.0150603896116 
0.0018255081395 0.0119414795717 0.00166631587963 0.00139388017802 0.0149394460195 
0.00181756255673 0.0118487620819 0.00165917391157 0.0013856058501 0.0148189304476 
0.00180961434991 0.0117560606498 0.00165203194351 0.00137733358252 0.0146984148756 
0.00180044334205 0.0116647723004 0.00164492708226 0.00136919317674 0.0145785506385 
0.00179117262079 0.0115738853949 0.00163784623128 0.00136109191743 0.014459095812 
0.0017823506098 0.0114834320488 0.00163117573789 0.00135280934814 0.0143401062247 
0.00177438403472 0.0113937494751 0.00162527357357 0.00134418476231 0.0142219912872 
0.00176641745965 0.0113040669014 0.00161937140926 0.00133556223683 0.0141038763497 
0.00175875264879 0.011216279143 0.0016122621825 0.00132766907192 0.0139871199107 
0.00175116918306 0.0111290052329 0.00160481899452 0.00131997782039 0.0138707542727 
0.00174336005018 0.0110421327666 0.00159743692362 0.00131210319855 0.0137544258539 
0.00173474009 0.0109567536718 0.00159028185904 0.00130356308669 0.0136382090925 
0.00172611750579 0.010871374577 0.00158312679446 0.00129502503517 0.0135219737215 
0.00171797512026 0.0107864290417 0.00157596736438 0.00128749242987 0.0134076737457 
0.001710066274 0.0107015156218 0.00156878828952 0.0012804790304 0.0132940995431 
0.00170221515654 0.0106169394149 0.00156168779377 0.00127342648447 0.0131808417032 
0.00169471303594 0.0105336478285 0.00155516791034 0.00126583824997 0.0130678071782 
0.00168721091534 0.0104503722999 0.0015486480269 0.00125825207581 0.0129547540436 
0.00167974290722 0.010368236872 0.00154141220046 0.00125079776346 0.0128424080726 
0.00167230638754 0.0102871291406 0.00153353464462 0.00124346089052 0.012730694827 
0.00166486986786 0.0102060214092 0.00152565708877 0.00123612607792 0.0126189629718 
0.00165676421885 0.010126487338 0.00151847801391 0.00122933519524 0.0125097992372 
0.00164863495351 0.0100470335556 0.00151132513209 0.00122256285563 0.0124007099409 
0.0016408809254 0.00996785275509 0.00150414169172 0.00121575136954 0.0122920672742 
0.00163368319305 0.00988913762951 0.00149691677904 0.00120887807324 0.0121840945521 
0.00162646971648 0.00981021375308 0.00148967003884 0.00120198829421 0.012075861296 
0.00161883639406 0.00973315257649 0.00148292096633 0.00119550646263 0.0119685212992 
0.00161111910246 0.00965641255504 0.00147626575221 0.00118909880331 0.0118613115694 
0.00160364059819 0.00958002580424 0.00146938571452 0.00118261285104 0.0117547717841 
0.00159679973482 0.00950461857663 0.00146192506451 0.0011759249854 0.0116499626887 
0.00158995887144 0.00942921134902 0.00145446223175 0.00116923711975 0.011545172203 
0.00158282674 0.00935528143507 0.00144684005801 0.00116331776115 0.0114406980799 
0.00157557390288 0.00928194565814 0.00143915240169 0.00115771157433 0.0113363728334 
0.00156830532154 0.00920875440102 0.00143145601435 0.00115197352571 0.0112323825591 
0.00156094752296 0.009136349974 0.00142369850992 0.0011454649097 0.0111302532417 
0.00155358710034 0.00906394554698 0.00141594318825 0.00113895629369 0.011028142534 
0.00154646808909 0.00899224766127 0.00140832538002 0.00113291331465 0.0109267575994 
0.00153952488828 0.0089210636238 0.00140080579568 0.00112720205046 0.010825930952 
0.00153258693555 0.00884991170183 0.0013932927596 0.00112149078627 0.0107251043045 
0.00152616591803 0.00878070276849 0.00138595434376 0.00111564766027 0.0106254500599 
0.00151975802069 0.00871167047047 0.0013786355727 0.001109821017 0.0105260377397 
0.00151291978135 0.00864311990517 0.00137150670116 0.00110395934795 0.010427165097 
0.00150556723084 0.00857514741912 0.00136460483594 0.00109805441173 0.0103289437893 
0.00149821468033 0.00850719099084 0.00135770297072 0.00109215153586 0.0102307224816 
0.00149102219605 0.00844000533489 0.00134975556678 0.00108656389211 0.0101341015968 
0.00148384808003 0.00837291602549 0.00134168156316 0.00108101333448 0.0100376854173 
0.00147659524291 0.00830648508413 0.0013336555801 0.00107545247515 0.00994186474403 
0.00146917971552 0.00824137087886 0.00132572127268 0.00106986895208 0.00984727230234 
0.0014617615641 0.00817625667359 0.00131778696525 0.00106428748934 0.00975267986065 
0.00145479212293 0.00811178477861 0.00131000981605 0.00105918196529 0.009659036507 
0.0014479617557 0.00804752163447 0.00130228068741 0.00105422272543 0.0095656722969 
0.00144106841159 0.00798354752995 0.00129448389343 0.00104911308069 0.00947266166861 
0.00143392840804 0.0079207135262 0.00128641643807 0.00104341005786 0.00938099092933 
0.00142678840449 0.00785787952244 0.00127834679995 0.00103770497469 0.00928930158048 
0.00141970875379 0.00779618561945 0.00127073772274 0.00103260975234 0.00919865436752 
0.00141266059152 0.00773515008449 0.0012633949414 0.0010278647879 0.00910858405121 
0.00140567015806 0.00767417878057 0.00125597139819 0.00102309715971 0.00901862539233 
0.00139941970292 0.00761418699983 0.00124753287481 0.00101804726485 0.00893011827986 
0.00139316662373 0.00755419521909 0.00123909653417 0.00101299737 0.00884161116739 
0.00138626015944 0.00749470122883 0.00123075186917 0.0010080566732 0.00875368095157 
0.00137875541481 0.00743597801091 0.0012225359866 0.00100324577785 0.00866673704294 
0.00137125067018 0.00737725479298 0.00121432228678 0.000998434882509 0.00857979313431 
0.00136479816422 0.00731888484572 0.00120710392236 0.000993335539479 0.00849372387544 
0.00135840863513 0.00726053095621 0.00119994230953 0.000988217653384 0.00840769183572 
0.00135155202754 0.00720309235886 0.00119238780114 0.000983101827629 0.00832240417877 
0.00134394232144 0.00714713107517 0.00118420247711 0.000977983941534 0.00823827031513 
0.00133633261535 0.00709116979148 0.00117601715308 0.000972866055438 0.00815413645149 
0.00132939728665 0.00703593110686 0.00116780781877 0.000968749494883 0.0080711936003 
0.00132261415208 0.00698086905757 0.0011595919362 0.000964855451115 0.00798852989265 
0.00131570768779 0.00692603181688 0.00115147427751 0.000960683261363 0.00790633142423 
0.00130843385838 0.00687185294423 0.00114364255948 0.000955697237068 0.00782547284482 
0.00130115740493 0.00681769012934 0.00113581084145 0.000950711212772 0.00774461426541 
0.00129397016872 0.00676461924194 0.00112769973103 0.000945764334948 0.0076646117262 
0.00128682229307 0.00671201402949 0.00111946420368 0.000940831879508 0.00758501859751 
0.00127970328181 0.00665947304807 0.00111123522459 0.000936000380759 0.00750564878366 
0.00127277320119 0.00660730139507 0.00110306736259 0.000931859096116 0.00742776773537 
0.00126584312057 0.00655514579983 0.00109490168334 0.000927717811474 0.00734988668707 
0.00125899700912 0.00650377703468 0.00108700011721 0.000923409639241 0.00727269419285 
0.00125221912262 0.00645303452207 0.00107931027813 0.00091897166555 0.00719604137615 
0.00124544123613 0.00640230806721 0.00107162043905 0.000914535752199 0.00711938855944 
0.00123837208157 0.00635317133031 0.00106374506595 0.000910287329845 0.00704478279537 
0.00123129767893 0.00630403459341 0.00105586969286 0.000906040967831 0.00697017703131 
0.00122413930713 0.00625504237632 0.00104822787435 0.00090153912358 0.0068961481639 
0.00121686810175 0.00620625891008 0.00104088945851 0.000896699383468 0.0068228450697 
0.00120959427234 0.00615747544384 0.00103355322543 0.000891859643356 0.00674956058507 
0.00120249625338 0.00610986419387 0.00102530023606 0.000887693634627 0.00667741128418 
0.00119542447478 0.00606242957923 0.00101690973324 0.000883628582587 0.00660544807898 
0.00118828971931 0.0060152518887 0.00100881171933 0.000879528504757 0.00653393150345 
0.00118101064182 0.00596860410416 0.00100137289686 0.000875352194324 0.00646341984468 
0.00117373418838 0.00592195631962 0.000993936257134 0.000871177944232 0.00639292679547 
0.00116656007235 0.00587625594275 0.000986089259832 0.000866622531125 0.00632360614914 
0.00115942269284 0.00583087672102 0.00097810038358 0.00086193731656 0.00625469491334 
0.00115227219315 0.00578564201911 0.000970102776316 0.000857447834353 0.00618600699237 
0.00114506921272 0.00574109780076 0.000962057148485 0.000853877264062 0.00611832398815 
0.00113786885634 0.00569655358241 0.000954013703406 0.000850306693771 0.00605064098394 
0.00113080232581 0.0056526677321 0.00094586548618 0.000846206615941 0.00598392567734 
0.0011238223885 0.00560918332572 0.000937656151868 0.000841772762931 0.00591778726739 
0.00111681096274 0.00556576315037 0.000929529762172 0.000837334789239 0.00585176051486 
0.00110918551243 0.00552348307577 0.000923049168295 0.000832785557154 0.00578742723315 
0.00110156268615 0.00548118694342 0.000916570757171 0.00082823632507 0.00572309395144 
0.00109467721415 0.0054388426378 0.000909249803359 0.000823950816584 0.00565931895682 
0.00108857632909 0.00539641804339 0.000901031738035 0.000819945514422 0.00559612085885 
0.00108247544403 0.00535397739122 0.000892815855464 0.00081593815192 0.00553294137045 
0.0010751071493 0.00531311039926 0.000885093275087 0.000812151245864 0.00547117620933 
0.001067626021 0.0052723558116 0.000877414349772 0.000808382882874 0.00540955992476 
0.00106016326095 0.00523205084113 0.000870126137257 0.000804270443 0.00534840887944 
0.00105272674127 0.00519256481628 0.000863538588479 0.000799539900941 0.00528813248388 
0.00104529022159 0.00515306273368 0.000856953222454 0.000794809358882 0.00522787469789 
0.00103825517951 0.00511376940192 0.000849678106457 0.000790340480081 0.00516864043822 
0.00103132509889 0.00507454030118 0.000842219639203 0.00078593753218 0.00510970393166 
0.00102438452212 0.00503545572026 0.000834778633972 0.000781672627101 0.00505113961649 
0.00101741245691 0.00499688498757 0.000827394380322 0.000777873359001 0.0049939337999 
0.00101044039171 0.00495831425488 0.000820007943919 0.00077407203056 0.00493670937373 
0.00100330038816 0.00492054641005 0.000812569121442 0.000770042004311 0.00488026654948 
0.000996073791408 0.00488316395139 0.000805101923175 0.000765896598988 0.00482417730706 
0.000988836698507 0.00484584572375 0.000797752593574 0.000761749133324 0.00476825555076 
0.000981510388363 0.00480904134435 0.000791457533708 0.000757591365956 0.00471359924518 
0.000974186702255 0.00477223696495 0.000785162473842 0.000753433598589 0.0046589429396 
0.000967264493744 0.00473580191396 0.000778240963843 0.000749512770393 0.00460499379767 
0.000960712274392 0.00469978436466 0.00077079777586 0.00074580415728 0.00455178903851 
0.000954144310821 0.00466367046881 0.000763334943099 0.000742087302805 0.00449845401237 
0.000946996435164 0.00462848792288 0.000756740846062 0.000737888328625 0.00444655192308 
0.000939830191251 0.00459335355022 0.000750175124815 0.000733674932061 0.00439470566249 
0.000932860750082 0.00455841187065 0.000743607220814 0.000729375001191 0.00434336186028 
0.000926182576974 0.0045237592307 0.000737039316814 0.000724947329203 0.00429270661215 
0.000919504403866 0.004489090533 0.000730471412814 0.000720521717555 0.00424206997358 
0.000912844599014 0.00445538530073 0.000723687416259 0.000716232088389 0.00419234520392 
0.000906184794162 0.00442185670379 0.000716861947396 0.00071196924365 0.00414278792038 
0.00089931769042 0.00438836022236 0.000710204550519 0.000707840321051 0.00409358421866 
0.000891907411105 0.00435494402971 0.000703985887011 0.000704065777039 0.00404521794757 
0.00088449713179 0.00432154389483 0.000697767223502 0.000700289172686 0.00399685167648 
0.000877564427133 0.00428888241677 0.000691319370921 0.000696207637921 0.00394973224655 
0.00087082852522 0.0042565260361 0.000684782025464 0.00069200454306 0.00390309666542 
0.000864055886795 0.00422424994421 0.000678249045512 0.000687859137737 0.00385660996085 
0.000857091693699 0.00419243952729 0.000671746624104 0.000684043386912 0.00381088624862 
0.000850124876567 0.00416062911036 0.000665242019943 0.000680227636087 0.0037651625364 
0.000843457199605 0.00412918802185 0.00065922635247 0.000675964791348 0.00372033208351 
0.000837017813826 0.00409806808848 0.000653573022008 0.000671397016198 0.00367626462297 
0.000830560059791 0.00406689998183 0.000647906595027 0.000666831301388 0.00363210411458 
0.000824039328878 0.00403643841651 0.000642340574688 0.00066307117976 0.00358898574209 
0.000817521222002 0.00400597685118 0.000636772371596 0.000659308997792 0.00354586736959 
0.000810782696052 0.00397578826773 0.000630883303801 0.00065540465232 0.00350328867461 
0.000803784390481 0.00394593689717 0.00062460570596 0.000651325177897 0.00346136131456 
0.000796788708946 0.00391608552662 0.000618330290871 0.000647245703473 0.00341943395451 
0.000790215497301 0.00388679617756 0.000612801377334 0.000643059091337 0.00337871621648 
0.000783697390425 0.00385757105954 0.000607366322179 0.000638860117157 0.00333816596457 
0.000777302613268 0.00382844228806 0.000601833043136 0.00063470441013 0.00329791346578 
0.000771167615733 0.00379950620966 0.000596092402551 0.000630639358091 0.00325829369235 
0.000765032618198 0.00377057013126 0.000590351761966 0.000626576366392 0.00321867391891 
0.000758698193882 0.0037423727097 0.000584792289886 0.000622426840387 0.00317992879525 
0.000752316536908 0.00371448038551 0.000579302665904 0.000618260831657 0.0031415372534 
0.000745921759751 0.0036865238303 0.000573826138441 0.000614107184971 0.00310329458811 
0.000739532230668 0.00365864756388 0.000568452200372 0.000610048313954 0.00306600101086 
0.000733142701584 0.0036307552397 0.000563080445056 0.000605989442936 0.00302868882405 
0.000726834517634 0.00360326435945 0.000557898589258 0.000601953235665 0.00299221406786 
0.00072057619038 0.00357601434555 0.00055283023662 0.000597927330097 0.00295618594133 
0.000714330983308 0.00354881250493 0.000547766249487 0.000593889062486 0.00292023225309 
0.000708279954944 0.00352222085908 0.000542785206972 0.000589650941834 0.00288502294763 
0.000702228926579 0.00349562921322 0.000537804164456 0.000585410760842 0.00284981364216 
0.000696306476008 0.00346940689579 0.000532720532547 0.000581244752113 0.00281519984292 
0.000690523099375 0.00344361813779 0.000527547407761 0.000577161157007 0.00278125598818 
0.000684726602559 0.00341776514877 0.000522361186456 0.000573067260199 0.00274721908559 
0.000678678198232 0.00339189610199 0.000517672632853 0.000569290655846 0.00271431736674 
0.000672611425648 0.00336601099745 0.000513016820545 0.000565538775581 0.00268149008617 
0.000666628622235 0.00334044704806 0.000508378470263 0.000561679757603 0.00264894194914 
0.000660790140834 0.00331538088914 0.000503772861276 0.000557645610673 0.00261691488006 
0.000654951659433 0.00329031473022 0.000499169435042 0.000553611463743 0.00258486920141 
0.000648877014739 0.00326556972644 0.000494939259584 0.000549647368393 0.00255380982994 
0.000642744641241 0.00324090501145 0.000490800759756 0.000545697695428 0.00252295516373 
0.000636879919474 0.00321643298954 0.000486516015471 0.000541758324167 0.00249237964107 
0.000631786664463 0.00319228212277 0.000481729237979 0.00053780247018 0.00246230657678 
0.000626696033489 0.00316813125601 0.00047694464324 0.000533844555853 0.00243225212207 
0.00062131675849 0.00314431760215 0.000472707919523 0.000529767141769 0.00240299787884 
0.000615801033589 0.00312066452586 0.000468730943422 0.000525629977808 0.0023741716557 
0.000610266940432 0.00309702750732 0.000464725591531 0.000521505175891 0.00234541987085 
0.000604604269482 0.00307350289309 0.000460486685061 0.000517479270323 0.00231741246878 
0.000598941598532 0.00304999433661 0.00045624777859 0.000513453364755 0.00228942367627 
0.000593507218765 0.00302682299303 0.000452266436983 0.000509371829991 0.00226195595171 
0.000588238153303 0.00300382828478 0.000448479360399 0.000505228485008 0.00223480458983 
0.000582966463805 0.00298083357653 0.000444690101062 0.000501083079684 0.00220765322796 
0.000577537332111 0.00295848117857 0.000440525408197 0.000497259087497 0.00218169287852 
0.00057210557638 0.00293614483837 0.000436354167072 0.000493439215991 0.00215575113866 
0.000566812894589 0.00291385667143 0.000432311708378 0.000489650249594 0.00213005132321 
0.000561709143432 0.00289163273553 0.000428452600943 0.00048590249001 0.00210468648 
0.000556618512457 0.00286947303065 0.00042460222452 0.000482165032129 0.00207939607507 
0.000551556745886 0.00284763448092 0.000420767127369 0.000478448177654 0.0020549244912 
0.000546502851423 0.00282587621997 0.000416936395723 0.000474737504201 0.00203062039345 
0.000541616895303 0.00280418219005 0.000413249725781 0.000470981503254 0.0020065023914 
0.000537142912926 0.00278269691098 0.000409916661837 0.000467106002551 0.00198283101901 
0.000532668930549 0.0027612116319 0.000406581415139 0.000463230501848 0.0019591782562 
0.000527872191672 0.00274019202778 0.000403023527628 0.000459210777303 0.0019363070953 
0.000522965243259 0.00271941329002 0.00039938924376 0.000455147785604 0.00191378951622 
0.000518050422735 0.0026986184945 0.000395811711471 0.00045110333697 0.00189132776586 
0.000513156594505 0.00267795216104 0.000392592150686 0.000447223715586 0.00186946152171 
0.000508268014348 0.00265730188534 0.000389370407149 0.000443344094203 0.00184761388714 
0.000503599853264 0.00263687641823 0.000386028612192 0.000439707593012 0.00182619427266 
0.000499089134374 0.00261659547095 0.000382606055372 0.00043623591907 0.00180505380173 
0.000494596783741 0.00259636269693 0.000379207508835 0.000432766305469 0.00178400637864 
0.00049037208484 0.00257635473151 0.000376503077776 0.000428979399413 0.00176375916704 
0.000486144761902 0.00255636282385 0.000373798646717 0.000425192493357 0.00174353056501 
0.000481825597684 0.00253656360928 0.000370723147635 0.000421537449101 0.00172359971609 
0.000477396223929 0.00251700526106 0.000367213280692 0.00041803693039 0.00170400383943 
0.000472966850174 0.00249744691284 0.000363703413749 0.00041453641168 0.00168440796276 
0.000468873353102 0.00247819366201 0.00036080035216 0.000411040013651 0.00166550064016 
0.000464806096395 0.00245894041118 0.000357956224904 0.000407531253579 0.0016466305367 
0.000460709975287 0.00243981562241 0.000355136107932 0.000403927717838 0.00162800235765 
0.000456548253263 0.00242101198878 0.000352361828775 0.000400126389397 0.00160991385611 
0.00045238653124 0.00240220835515 0.000349585366865 0.000396327121298 0.001591806745 
0.000448463596546 0.00238367770339 0.000346797991189 0.000392919317915 0.00157420209227 
0.00044460363873 0.00236517916714 0.000343995336241 0.000389616591904 0.00155669048739 
0.000440691200182 0.00234671274641 0.000341201412306 0.000386262357378 0.00153934636863 
0.00043658195889 0.0023283908455 0.000338446777927 0.000382695907768 0.00152267219437 
0.000432475341635 0.00231008500234 0.000335692143547 0.000379127397818 0.00150599802011 
0.000428652120331 0.00229193973675 0.000333018271031 0.000375688689326 0.00148973325638 
0.000424978469113 0.00227381052892 0.000330381505317 0.000372309730712 0.00147365458835 
0.000421325810187 0.00225572949436 0.00032774910511 0.000368926651417 0.00145761313945 
0.000417953923175 0.00223825865457 0.000325210563284 0.000365498244629 0.00144220441592 
0.000414582036164 0.00222080387254 0.000322672021459 0.00036206983784 0.00142679569238 
0.000410984482006 0.002203316975 0.000320244800041 0.000358754749786 0.00141164750282 
0.000407150764556 0.00218571767316 0.00031791580251 0.000355530316719 0.0013967226281 
0.000403314423069 0.00216813442907 0.00031558680498 0.000352305883651 0.0013817791438 
0.000399800838082 0.00215122561078 0.000313048263155 0.000349083510925 0.00136756143271 
0.000396308245388 0.00213434890801 0.000310498807564 0.000345861138198 0.00135339955034 
0.000392896997828 0.00211756855178 0.000308034479343 0.000342560472528 0.00133946098279 
0.000389603831914 0.00210083636883 0.000305696750801 0.00033910116063 0.00132580155879 
0.000386308041964 0.00208410418587 0.000303361205011 0.000335641848732 0.00131214213479 
0.00038323791916 0.0020674522917 0.000300942714605 0.000332538975761 0.00129900377873 
0.000380222901124 0.00205081645528 0.000298504579421 0.000329520576756 0.00128599568966 
0.00037714490621 0.00203432513868 0.000296195226669 0.000326498057069 0.00127313647715 
0.00037384911626 0.00201807468844 0.000294261307445 0.000323421968526 0.00126070528473 
0.000370553326309 0.0020018242382 0.000292329570974 0.000320347940324 0.00124825548275 
0.000367496323688 0.00198581465431 0.000290269052072 0.000317288334506 0.00123604760517 
0.000364557402713 0.001969965648 0.000288149598837 0.000314243151072 0.00122400721371 
0.000361621105775 0.00195410058393 0.000286019231836 0.000311189726276 0.00121198543182 
0.000358747785715 0.00193849244397 0.000283825564997 0.000308111577393 0.00120048471788 
0.000355874465654 0.00192286824626 0.000281631898157 0.00030503342851 0.00118900261351 
0.000353150715679 0.00190740462611 0.00027958229302 0.000302113925854 0.00117781826225 
0.000350537175241 0.00189197312149 0.000277646191044 0.000299311862613 0.00116682000668 
0.000347923634803 0.00187654161686 0.000275707906314 0.000296509799372 0.00115584036069 
0.000345087051255 0.00186130280532 0.00027351860498 0.000293814873844 0.00114530734436 
0.00034225571578 0.00184611216705 0.000271327120894 0.000291128189678 0.00113481154717 
0.00033958969461 0.00183100181756 0.000269246957214 0.000288342609162 0.00112448323611 
0.000337180829025 0.00181608416116 0.000267330500015 0.000285421046166 0.00111447128772 
0.000334769339404 0.00180116650477 0.000265411860063 0.000282497422829 0.00110444072977 
0.000332037717319 0.00178660211902 0.000263429920271 0.000279870488541 0.00109487541106 
0.000329237870283 0.0017720698488 0.000261428335702 0.000277288881746 0.00108538453062 
0.00032656660104 0.00175755363633 0.000259459492429 0.000274666068139 0.00107596808846 
0.000324218088296 0.00174310165489 0.000257573593773 0.00027193611682 0.00106675635156 
0.00032187219959 0.00172869784672 0.000255692060623 0.000269212346523 0.00105756322424 
0.000319507942627 0.0017144225006 0.000253956771929 0.000266597774279 0.00104864924046 
0.000317138437591 0.00170019532776 0.000252278234815 0.000264028529528 0.00103986552366 
0.000314789924848 0.00168606450147 0.000250566956405 0.00026146958648 0.00103113763557 
0.000312564741824 0.00167239935012 0.00024866796123 0.000258976574333 0.00102281915801 
0.00031033168669 0.00165868602551 0.000246764600549 0.000256475320822 0.00101448207088 
0.000308127495959 0.00164490846987 0.000244948549991 0.00025400291208 0.00100634968902 
0.000305939049447 0.00163108274096 0.000243195799273 0.000251553167086 0.000998366183709 
0.000303758475046 0.00161730518532 0.000241449596813 0.000249111663453 0.000990401287969 
0.000301824560083 0.00160380061155 0.000239819080267 0.00024670106493 0.000982827193189 
0.00029989064512 0.00159031209554 0.000238190746474 0.000244288406066 0.000975253098409 
0.000297817656218 0.00157706444588 0.000236525305878 0.000241921074696 0.000967865099324 
0.000295560984755 0.00156402554707 0.000234809661962 0.000239590829457 0.000960663195933 
0.000293306937329 0.00155100270602 0.000233096200798 0.000237260584218 0.000953442682973 
0.000291383518512 0.00153806015375 0.00023145695324 0.000234998330219 0.000946464094416 
0.000289507332354 0.00152516577475 0.000229830802199 0.000232748438264 0.000939522724999 
0.000287578665464 0.00151233562679 0.000228257037233 0.000230496485969 0.000932674403428 
0.000285542413074 0.0014996981719 0.000226803323685 0.000228252775035 0.000926086615831 
0.000283514032795 0.00148709283254 0.000225353975644 0.000226017305465 0.000919498828233 
0.000281779544612 0.0014745517242 0.00022381731748 0.000224039378471 0.000913171574608 
0.000280142145783 0.00146207484689 0.000222252283526 0.000222150046125 0.000906955978401 
0.000278444394113 0.00144961402733 0.000220702528843 0.000220207144922 0.000900777601332 
0.00027650260704 0.00143736195862 0.000219207342987 0.00021803554591 0.000894803929527 
0.000274558195931 0.00142506171664 0.000217709974378 0.000215857765877 0.000888830257723 
0.000272747610687 0.00141292205223 0.000216299915892 0.000213908683652 0.000883042681613 
0.000271026242688 0.00140092690763 0.000214944426233 0.00021209970459 0.000877348153351 
0.000269312746798 0.00138889964752 0.000213584571068 0.000210276303143 0.000871672234658 
0.000267803925762 0.00137704902274 0.000212211619384 0.00020826747104 0.000866275459507 
0.000266300352799 0.00136521445572 0.000210843033206 0.000206262759619 0.000860878684357 
0.000264728554885 0.00135346017748 0.000209378405894 0.000204383728975 0.000855612176193 
0.000263091156056 0.00134181830354 0.000207822102952 0.000202640680812 0.000850494544584 
0.000261456381263 0.00133019248736 0.000206267982763 0.00020090175333 0.000845395522546 
0.000259902951605 0.0013189681151 0.000205019448004 0.000199179308573 0.00084053842491 
0.000258357394057 0.00130777585837 0.00020379492353 0.000197456863817 0.000835681327275 
0.000256832828801 0.00129661571714 0.000202546388771 0.000195744720763 0.000830898667917 
0.000255331879875 0.0012854234604 0.000201252016198 0.000194032577709 0.000826171837268 
0.000253828306912 0.00127423120366 0.000199957643625 0.000192322494996 0.000821445006619 
0.000252442815595 0.00126321558226 0.000198584691942 0.000190612412283 0.000816997319512 
0.000251080940608 0.00125218390309 0.000197189912727 0.000188894088208 0.000812586851544 
0.00024971119351 0.00124124857046 0.000195849702339 0.000187225212307 0.000808213602715 
0.00024832045412 0.00123065045074 0.000194705939729 0.000185714982634 0.000803970620873 
0.000246924466657 0.0012200202155 0.000193559994365 0.000184202692621 0.000799709029461 
0.000245549471487 0.00120945421129 0.000192265621792 0.00018276869555 0.000795652143313 
0.0002441875965 0.00119893638036 0.00019090140112 0.000181377965633 0.000791706914583 
0.000242833593622 0.00118840249166 0.00018955245972 0.000179974873672 0.000787761685852 
0.000241579304134 0.00117802918054 0.000188408697109 0.000178487307746 0.000783965333677 
0.00024033026272 0.00116768798493 0.000187269300005 0.000177003862501 0.000780206200641 
0.000239002500208 0.00115749130913 0.000186121171888 0.000175617253265 0.000776484286744 
0.000237609136782 0.00114745521091 0.000184966495511 0.000174319238675 0.000772818201556 
0.000236221021428 0.0011374512282 0.000183814001888 0.000173025344767 0.000769170725937 
0.000235150414502 0.00112763993858 0.000182624401463 0.000171671700981 0.000765672126874 
0.000234095551795 0.00111786076447 0.000181434801037 0.000170318057195 0.000762210746949 
0.000232912111295 0.00110808159036 0.000180339058994 0.000169017982265 0.000758805195734 
0.000231526619978 0.00109831847401 0.000179393926913 0.0001678023813 0.000755529911505 
0.000230143752698 0.00108858747317 0.000178450977585 0.000166590901017 0.000752273236845 
0.000229060025589 0.00107911339645 0.000177545135059 0.00016543504993 0.000749165438741 
0.000228036651321 0.001069687493 0.000176645840792 0.000164291560887 0.000746076250206 
0.000226997532833 0.00106032582058 0.00017565050539 0.000163110985713 0.000743005671241 
0.000225898061504 0.00105101232143 0.000174367046583 0.000161808850442 0.000739972311415 
0.000224798590175 0.00104168276452 0.000173085770528 0.000160506715172 0.000736938951589 
0.000223699118846 0.00103256195845 0.000172027135287 0.000159497148269 0.00073401724918 
0.000222599647517 0.0010234732679 0.000171064541181 0.000158613262144 0.00073115137548 
0.000221497552152 0.00101444880838 0.00017009103331 0.000157721134656 0.000728304111349 
0.000220366592384 0.00100556886867 0.000169028032563 0.000156763076269 0.000725624333343 
0.000219235632616 0.000996704986723 0.000167965031816 0.000155805017881 0.000722944555337 
0.000218175521835 0.00098796956683 0.000166984975686 0.000154826356088 0.000720339215609 
0.000217162643714 0.00097933049348 0.000166063853888 0.000153827090888 0.000717752485451 
0.000216155013665 0.000970691420129 0.000165144914844 0.000152829886029 0.000715184364862 
0.000215100150958 0.000962180808836 0.000164326382441 0.000151913034454 0.000712634853843 
0.000214045288251 0.000953654139786 0.000163507850038 0.000150996182879 0.000710085342823 
0.000213019289946 0.00094527199055 0.000162647845327 0.000150126719138 0.000707628879651 
0.000212030028154 0.000937034361129 0.00016172672353 0.000149317005275 0.000705265464327 
0.000211043390398 0.000928812789464 0.000160805601733 0.000148509351753 0.000702902049002 
0.00021011972952 0.000920719679857 0.000160004531354 0.000147751146405 0.000700631681525 
0.000209206564789 0.000912642628008 0.000159223105754 0.00014699912208 0.000698379923617 
0.000208275031801 0.000904629807186 0.000158430766388 0.000146257399457 0.000696146775279 
0.000207288394045 0.000896697275151 0.000157605685726 0.000145530099219 0.000693988065219 
0.000206307004363 0.00088879685863 0.000156782787817 0.000144804859321 0.000691810745589 
0.000205380719448 0.00088105701968 0.00015599699671 0.000144112584874 0.000689707864238 
0.0002044806749 0.000873381411759 0.000155226484875 0.000143436793151 0.000687623592455 
0.000203580630351 0.000865721861595 0.00015445597304 0.000142771303131 0.000685539320673 
0.000202691081949 0.000858206831246 0.000153692009464 0.000142184106055 0.00068349226803 
0.000201801533547 0.000850723916411 0.000152928045888 0.000141598969319 0.000681445215386 
0.000200909361108 0.000843289174847 0.00015223393041 0.000141028254968 0.000679491210591 
0.000200014564633 0.000835934722069 0.0001515878355 0.00014046784232 0.000677611644073 
0.000199117144121 0.000828564211534 0.000150939557837 0.000139905369331 0.000675732077555 
0.000198259084157 0.0008214185096 0.000150247625112 0.00013933465498 0.000673852511037 
0.000197401024194 0.000814256749908 0.000149553509635 0.000138759819948 0.000671972944519 
0.000196545588268 0.000807175279002 0.000148942338774 0.000138240614112 0.00067013059714 
0.000195695400414 0.000800254385667 0.000148431574555 0.000137783218495 0.00066830685933 
0.000194842588524 0.000793301376818 0.000147920810335 0.000137325822878 0.000666483121521 
0.000194110482317 0.000786525003298 0.000147268167166 0.000136854004876 0.000664733821989 
0.000193388872256 0.000779748629778 0.000146600244725 0.000136380126534 0.000663003132027 
0.000192635773756 0.0007730686028 0.000145925774025 0.000135922730917 0.000661291051635 
0.000191801330122 0.00076651703788 0.000145238206807 0.000135496240409 0.000659616190381 
0.000190969510525 0.000759981530718 0.000144552822342 0.000135071810241 0.000657959938697 
0.000190205915879 0.000753462081312 0.000144087895937 0.000134688586886 0.000656247858304 
0.000189465937562 0.000746974747421 0.000143697183137 0.000134321846256 0.000654554387481 
0.00018869184677 0.000740535586801 0.000143280277299 0.000133959226308 0.000652879526228 
0.000187786554148 0.000734321234781 0.000142762964821 0.000133615149424 0.000651297712821 
0.000186881261526 0.000728106882761 0.000142243469589 0.000133271072541 0.000649715899415 
0.000186099298624 0.000721940704013 0.000141780725937 0.000132929055999 0.000648152695578 
0.000185396056819 0.000715806640779 0.000141352906335 0.000132589099797 0.000646589491742 
0.000184687566941 0.000709672577545 0.000140922903979 0.000132251203935 0.000645026287905 
0.000183918724222 0.000703779380669 0.000140473256846 0.000131987480336 0.000643500303207 
0.000183147257466 0.000697870126035 0.00014002142696 0.000131723756737 0.000641992928079 
0.000182415151259 0.000692073275702 0.000139670003715 0.000131513601994 0.00064052277209 
0.000181714533491 0.000686388829668 0.000139423352617 0.000131361136788 0.00063908983524 
0.000181016539759 0.000680720441392 0.000139178884273 0.000131208671582 0.000637656898389 
0.000180287057589 0.000675116284144 0.000138670302807 0.000130973792752 0.000636149523261 
0.000179554951382 0.00066954424241 0.000138144259316 0.00013073479324 0.000634642148133 
0.000178843837467 0.000664004316191 0.000137698977689 0.000130514336794 0.000633171992143 
0.000178179956211 0.000658544678758 0.000137406488777 0.000130326845798 0.000631813493571 
0.000177513450919 0.000653068983568 0.000137113999865 0.000130141415142 0.000630454994999 
0.000176781344712 0.000647785981463 0.000136745114595 0.000130005432661 0.000629003448579 
0.000176025622175 0.000642519037116 0.000136352219042 0.000129883872565 0.00062753329259 
0.000175293515968 0.000637316323797 0.000135996430291 0.00012976849349 0.000626100355739 
0.000174624386639 0.000632242072535 0.000135767241218 0.000129669597141 0.000624723247597 
0.000173957881346 0.000627183879031 0.000135538052145 0.000129572761132 0.000623346139456 
0.000173335984676 0.000622254147584 0.000135319776838 0.000129424416607 0.000621987640883 
0.000172740328371 0.000617388647165 0.000135108049789 0.000129249287655 0.00062066636145 
0.000172139423993 0.000612523146747 0.000134898505494 0.000129082400065 0.000619326472447 
0.000171499159067 0.0006077058196 0.000134721702495 0.000128989684737 0.000617930754736 
0.000170856270103 0.000602888492453 0.000134544899496 0.000128896969409 0.000616516427455 
0.000170216005177 0.000598199627363 0.000134352817226 0.000128853702256 0.000615176538452 
0.00016957574025 0.00059363922433 0.000134141090178 0.000128855762597 0.000613892478157 
0.000168935475323 0.000589062763541 0.000133931545882 0.000128855762597 0.000612608417863 
0.000168360811311 0.000584614764808 0.000133652153489 0.000128806314422 0.00061128713843 
0.000167788771336 0.000580182823833 0.000133368395589 0.000128754805906 0.000609947249427 
0.000167169498702 0.000575782998372 0.000133161034047 0.000128730081819 0.000608625969993 
0.000166474129007 0.000571431346182 0.000133082454937 0.000128748624884 0.000607323300129 
0.000165781383349 0.00056709575175 0.000133003875826 0.00012876716795 0.000606020630265 
0.000165185727044 0.000562872561618 0.000132816159062 0.000128810435103 0.000604736569971 
0.000164613687068 0.000558681487 0.000132604432013 0.000128857822937 0.000603452509677 
0.000164052143239 0.000554554643411 0.000132412349743 0.000128878426343 0.000602187058952 
0.000163519463813 0.000550572319636 0.000132279201805 0.000128812495444 0.000600884389088 
0.000162989408422 0.000546589995861 0.000132146053868 0.000128746564544 0.000599581719224 
0.000162459353032 0.000542687960872 0.000132139505608 0.000128736262841 0.00059826043979 
0.000161931921679 0.000538818041397 0.000132194074435 0.000128752745566 0.000596939160357 
0.000161401866289 0.000534964179679 0.000132237729497 0.000128769228291 0.000595617880924 
0.000160842946496 0.000531270895533 0.000132189708929 0.000128793952378 0.000594352430199 
0.00016027877863 0.000527577611387 0.000132141688362 0.000128818676465 0.000593068369904 
0.000159788083789 0.000523932500513 0.0001320980333 0.000128857822937 0.000591802919179 
0.000159352493716 0.000520335562909 0.000132058743745 0.000128907271112 0.000590500249315 
0.000158916903643 0.000516722567549 0.000132019454189 0.000128958779627 0.000589216189021 
0.000158326495411 0.000513238034246 0.000131960519856 0.00012903501223 0.000587913519157 
0.000157730839107 0.0005097695587 0.000131903768276 0.000129113305174 0.000586592239724 
0.000157208655826 0.000506397429697 0.000131840468437 0.000129175115392 0.000585326788999 
0.000156786185936 0.000503137704994 0.000131770620339 0.000129210141183 0.000584135776552 
0.000156366340083 0.000499877980292 0.000131698589487 0.000129245166973 0.000582926154535 
0.000155875645241 0.000496634313346 0.000131788082364 0.000129342002982 0.000581642094241 
0.00015536920618 0.000493374588643 0.00013190595103 0.000129451201035 0.000580358033946 
0.000154904751705 0.000490163037212 0.000132010723177 0.000129560399088 0.000579073973652 
0.000154555754839 0.000487096005595 0.000132078388522 0.000129669597141 0.000577771303788 
0.00015420938201 0.000484045031735 0.000132146053868 0.000129778795193 0.000576487243493 
0.000153792160193 0.000481090404418 0.000132170064152 0.000129861208818 0.000575221792768 
0.000153343449937 0.000478167892616 0.000132176612411 0.000129931260399 0.000573974951613 
0.000152905235827 0.00047526143857 0.000132180977917 0.00013000131198 0.000572746720027 
0.000152519502449 0.000472435273311 0.000132178795164 0.000130059001517 0.000571462659733 
0.000152133769071 0.000469609108051 0.000132176612411 0.000130118751395 0.000570197209008 
0.000151734915511 0.000466879289334 0.000132283567311 0.000130221768426 0.000568913148713 
0.000151325565803 0.000464229759403 0.000132475649582 0.000130355690567 0.000567629088419 
0.000150916216096 0.000461580229473 0.000132665549099 0.000130491673047 0.000566345028124 
0.000150543602901 0.000459027046085 0.000132652452581 0.000130594690078 0.000565079577399 
0.00015016836567 0.000456473862697 0.000132639356062 0.000130697707109 0.000563814126674 
0.000149819368804 0.000453952794823 0.000132672097359 0.000130808965502 0.000562548675949 
0.00014949923634 0.000451479900221 0.000132761590235 0.00013093258594 0.000561264615655 
0.000149181727914 0.000449007005619 0.000132853265864 0.000131054146036 0.000559980555361 
0.000148887835816 0.000446694688588 0.000132990779307 0.00013113449932 0.000558733714205 
0.000148599191792 0.000444398429315 0.00013313484101 0.000131206611242 0.000557505482619 
0.000148279059329 0.000442134285556 0.000133274537207 0.000131295205888 0.000556277251033 
0.000147872333658 0.000439918315068 0.000133401136885 0.000131418826325 0.000554993190739 
0.000147465607987 0.00043770234458 0.000133527736564 0.000131540386422 0.000553727740014 
0.000147169091853 0.000435534547364 0.000133593219156 0.000131641343112 0.000552480898858 
0.000146911936268 0.000433382807905 0.000133636874217 0.00013173405844 0.000551234057703 
0.000146654780683 0.000431247126203 0.000133700174057 0.000131824713427 0.000549968606978 
0.000146389752988 0.000429239906559 0.000133874794303 0.000131903006371 0.000548684546683 
0.000146124725292 0.000427232686914 0.000134049414548 0.000131981299314 0.000547400486389 
0.000145893810073 0.000425289698298 0.000134210938276 0.000132094618048 0.000546135035664 
0.00014568126311 0.000423378825197 0.000134361548238 0.00013223266087 0.000544925413648 
0.000145471340183 0.000421484009852 0.0001345121582 0.000132370703691 0.000543697182062 
0.000145224680744 0.000419669483293 0.000134678047434 0.0001324675397 0.000542431731337 
0.000144978021305 0.000417854956735 0.000134843936667 0.000132562315368 0.000541166280612 
0.000144760226268 0.000416104661205 0.000134990181123 0.000132652970356 0.000539919439456 
0.000144576543708 0.00041443465446 0.000135114598049 0.00013273332364 0.000538672598301 
0.000144392861147 0.000412748589959 0.000135239014974 0.000132813676924 0.000537444366715 
0.000144169818037 0.000411110698729 0.00013535688364 0.00013290021123 0.000536216135129 
0.000143941526854 0.000409488865256 0.000135472569553 0.000132988805876 0.000534969293973 
0.000143747348147 0.000407899147297 0.000135599169231 0.000133087702226 0.000533722452818 
0.00014363713861 0.000406389718125 0.000135751961946 0.000133211322663 0.000532475611662 
0.000143524305037 0.000404880288952 0.000135904754662 0.0001333349431 0.000531210160937 
0.000143348494586 0.000403419033051 0.000136033537093 0.000133380270594 0.000529981929351 
0.000143149067805 0.000401957777149 0.000136151405759 0.000133398813659 0.000528772307335 
0.000142968009281 0.000400528636762 0.000136271457178 0.000133442080812 0.000527544075749 
0.000142860423781 0.000399227958433 0.000136406787869 0.000133592485678 0.000526297234593 
0.000142752838281 0.000397911222346 0.000136542118559 0.000133742890543 0.000525050393438 
0.000142666245074 0.000396626601773 0.000136690545768 0.00013383354553 0.000523822161852 
0.000142595396086 0.000395358038958 0.000136849886743 0.000133880933364 0.000522593930266 
0.000142521923062 0.000394089476143 0.000137007044964 0.000133930381539 0.00052138430825 
0.000142409089489 0.000392933317627 0.00013715328942 0.000133981890054 0.000520174686233 
0.000142293631879 0.000391793216869 0.000137301716629 0.000134031338229 0.000518946454647 
0.000142201790598 0.000390653116111 0.000137419585295 0.00013409932947 0.0005177554422 
0.000142130941611 0.000389561188624 0.000137504712665 0.000134183803435 0.000516564429753 
0.000142060092623 0.00038845320338 0.000137589840035 0.000134270337741 0.000515373417306 
0.000142012859964 0.00038744156468 0.000137777556799 0.000134313604894 0.00051416379529 
0.000141968251342 0.000386429925979 0.000137976187329 0.000134354811706 0.000512954173273 
0.000141902650428 0.000385450402792 0.000138157355834 0.000134408380562 0.000511763160826 
0.000141792440891 0.00038450299512 0.000138299234784 0.000134484613165 0.000510590757948 
0.000141682231355 0.000383555587448 0.000138441113734 0.000134562906109 0.000509399745501 
0.000141700599611 0.000382672410804 0.000138526241104 0.00013460205258 0.000508245952193 
0.000141758328416 0.000381821349675 0.000138596089202 0.000134630897349 0.000507092158885 
0.000141802937037 0.000380954230788 0.000138679033819 0.000134663862799 0.000505938365577 
0.000141789816855 0.000380135285173 0.000138823095522 0.000134705069611 0.0005047659627 
0.000141779320708 0.000379316339558 0.000138964974472 0.000134746276424 0.000503593559822 
0.000141776696672 0.000378545567215 0.000139080660385 0.000134773060852 0.000502458376084 
0.000141776696672 0.000377790852628 0.000139181067026 0.000134789543577 0.000501341801915 
0.000141779320708 0.000377052195799 0.000139281473667 0.000134808086642 0.000500243837315 
0.000141837049513 0.000376393827756 0.000139390611321 0.000134855474476 0.000499071434438 
0.000141897402355 0.000375735459712 0.000139497566222 0.000134902862311 0.00049789903156 
0.00014194725905 0.000375109207183 0.000139600155616 0.000134931707079 0.000496763847821 
0.000141989243635 0.000374482954654 0.000139696196752 0.000134942008782 0.000495684492791 
0.00014203122822 0.000373872759882 0.000139792237887 0.000134954370826 0.000494586528192 
0.000142065340696 0.000373294680624 0.000139905741047 0.000134948189804 0.000493451344453 
0.000142099453172 0.000372732659124 0.00014002142696 0.000134942008782 0.000492297551145 
0.000142165054086 0.000372202753138 0.00014012838186 0.000134950250145 0.000491180976976 
0.000142285759769 0.00037173707818 0.000140215691983 0.000134985275935 0.000490138841085 
0.000142409089489 0.000371271403223 0.000140303002106 0.000135018241385 0.000489078095624 
0.000142511426915 0.000370821786022 0.000140429601784 0.000135024422407 0.000488035959733 
0.000142611140306 0.000370372168822 0.000140567115228 0.000135022362066 0.000486975214273 
0.000142705605623 0.000369922551622 0.000140682801141 0.000135020301726 0.000485914468812 
0.00014278432672 0.000369505049935 0.000140715542437 0.000135018241385 0.000484872332921 
0.000142863047818 0.000369087548249 0.00014074610098 0.000135014120704 0.00048383019703 
0.000142970633318 0.000368718219835 0.000140767928511 0.000134993517298 0.000482769451569 
0.000143093963037 0.000368397064692 0.000140785390536 0.000134964672529 0.000481708706108 
0.000143217292757 0.000368059851791 0.000140809400819 0.00013493376742 0.000480647960648 
0.000143351118622 0.000367802927677 0.000140911990214 0.000134906982992 0.000479698872604 
0.000143487568525 0.000367529945805 0.000141014579608 0.000134880198564 0.00047874978456 
0.000143624018427 0.000367256963933 0.000141095341472 0.000134874017542 0.000477782086947 
0.000143765716403 0.000367000039819 0.000141156458558 0.000134890500267 0.000476795779764 
0.000143904790342 0.000366727057947 0.000141217575644 0.000134906982992 0.000475809472582 
0.000144077976756 0.000366518307104 0.000141267778965 0.000134888439926 0.00047480455583 
0.000144251163171 0.000366341671776 0.000141317982286 0.00013486577618 0.000473799639077 
0.000144419101512 0.000366132920933 0.000141368185606 0.000134845172773 0.000472831941464 
0.000144571295634 0.000365940227847 0.000141422754433 0.000134822509027 0.00047190146299 
0.000144723489756 0.000365747534761 0.000141475140507 0.00013479984528 0.000470952374946 
0.000144907172317 0.000365603014946 0.000141514430062 0.000134777181533 0.000470040506042 
0.000145098726988 0.000365490610646 0.000141547171358 0.000134752457446 0.000469128637137 
0.000145282409549 0.000365378206346 0.000141573364395 0.000134719491996 0.000468216768232 
0.000145429355598 0.000365281859803 0.000141573364395 0.000134651500755 0.000467286289758 
0.000145578925683 0.000365201571017 0.000141573364395 0.000134585569855 0.000466355811284 
0.00014577310439 0.000365121282232 0.000141634481481 0.000134527880318 0.000465481161518 
0.00014598827539 0.00036507310896 0.000141728339864 0.000134474311462 0.000464625121322 
0.00014620344639 0.000365008877932 0.000141813467234 0.000134424863287 0.000463769081125 
0.000146400249134 0.00036496070466 0.00014181783274 0.000134416621925 0.000462931650498 
0.000146599675914 0.000364896473631 0.000141822198246 0.000134408380562 0.000462075610302 
0.000146791230585 0.000364880415874 0.000141830929258 0.000134381596134 0.000461238179675 
0.000146977537183 0.000364896473631 0.000141841843023 0.000134336268641 0.000460382139479 
0.000147166467817 0.000364896473631 0.000141854939542 0.000134290941147 0.000459526099283 
0.00014738688689 0.000364928589146 0.000141883315332 0.000134222949907 0.000458744497364 
0.000147609929999 0.00036496070466 0.000141913873875 0.000134154958666 0.000457962895446 
0.000147830349073 0.000365008877932 0.000141942249665 0.000134093148448 0.000457181293528 
0.000148042896036 0.000365057051203 0.000141964077196 0.000134047820954 0.000456436910748 
0.000148258067036 0.000365121282232 0.000141985904726 0.00013400043312 0.000455673918399 
0.000148470613999 0.000365153397746 0.000142001183998 0.000133959226308 0.000454910926051 
0.000148685784999 0.000365201571017 0.000142014280516 0.000133920079836 0.000454147933702 
0.000148900955999 0.000365249744289 0.000142031742541 0.000133874752342 0.000453403550922 
0.000149121375072 0.000365346090832 0.000142060118331 0.000133806761102 0.000452714996851 
0.000149339170109 0.000365442437375 0.000142086311368 0.000133740830202 0.000452007833211 
0.000149570085328 0.000365554841675 0.000142079763109 0.000133689321687 0.000451300669571 
0.000149806248621 0.000365667245975 0.000142055752825 0.000133648114874 0.000450574896361 
0.000150042411913 0.000365795708032 0.000142033925294 0.000133602787381 0.00044986773272 
0.000150278575206 0.000365908112332 0.000142042656306 0.000133526554778 0.000449197788219 
0.000150517362535 0.000366020516632 0.000142053570072 0.000133452382516 0.000448546453287 
0.000150766646011 0.00036614897869 0.000142062301084 0.000133378210253 0.000447895118355 
0.000151023801596 0.000366293498504 0.000142071032096 0.000133304037991 0.000447262392992 
0.000151283581218 0.000366438018318 0.000142077580356 0.000133231926069 0.00044661105806 
0.000151496128181 0.00036659859589 0.000142101590639 0.000133161874488 0.000446034161406 
0.000151706051108 0.000366759173462 0.000142125600923 0.000133089762567 0.000445438655183 
0.000151926470181 0.000366919751033 0.000142145245701 0.000133023831667 0.000444843148959 
0.000152160009437 0.000367080328605 0.000142158342219 0.000132959961108 0.000444247642736 
0.00015239617273 0.000367240906176 0.000142171438738 0.000132896090549 0.000443670746082 
0.000152634960059 0.000367433599262 0.000142153976713 0.000132865185439 0.000443112458997 
0.000152876371425 0.000367610234591 0.000142127783676 0.000132838401011 0.000442554171913 
0.000153112534718 0.000367802927677 0.000142108138899 0.00013280131488 0.000442014494398 
0.000153335577827 0.000367979563006 0.000142110321652 0.000132727142618 0.000441493426452 
0.000153558620937 0.000368172256091 0.000142114687158 0.000132652970356 0.000440953748937 
0.000153797408266 0.000368364949177 0.000142108138899 0.000132576737753 0.000440432680992 
0.000154044067705 0.000368541584506 0.000142097225133 0.000132498444809 0.000439930222616 
0.000154288103108 0.000368734277592 0.000142088494121 0.000132422212206 0.00043940915467 
0.000154503274107 0.000368926970678 0.000142099407886 0.000132362462329 0.000438962525002 
0.000154721069144 0.000369135721521 0.000142110321652 0.00013230065211 0.000438515895335 
0.000154957232437 0.000369328414607 0.000142114687158 0.000132236781551 0.000438069265667 
0.000155214388022 0.000369521107693 0.000142114687158 0.00013216672997 0.000437622635999 
0.000155471543607 0.000369713800778 0.000142114687158 0.000132096678389 0.000437194615901 
0.000155697210754 0.000369922551622 0.000142162707725 0.00013206783362 0.000436803814942 
0.000155920253863 0.000370131302465 0.000142210728293 0.000132038988851 0.000436394404413 
0.000156140672936 0.000370340053308 0.000142241286836 0.000131993661358 0.000436003603454 
0.0001563532199 0.000370548804151 0.000142241286836 0.000131919489096 0.000435594192926 
0.000156563142826 0.000370741497237 0.000142243469589 0.000131847377174 0.000435203391966 
0.000156812426302 0.000370966305837 0.000142254383355 0.000131797928999 0.000434831200577 
0.000157064333814 0.00037117505668 0.000142267479873 0.000131754661846 0.000434477618757 
0.00015731361729 0.000371383807523 0.000142284941898 0.000131713455034 0.000434124036936 
0.000157536660399 0.000371592558366 0.000142311134934 0.000131672248221 0.000433789064686 
0.000157759703509 0.000371785251452 0.000142339510724 0.000131631041409 0.000433454092435 
0.000157990618729 0.000371994002295 0.000142356972749 0.000131560989828 0.000433137729754 
0.000158226782021 0.000372202753138 0.000142370069267 0.000131480636544 0.000432839976642 
0.000158460321277 0.000372395446224 0.000142383165786 0.000131406464282 0.00043254222353 
0.000158672868241 0.000372604197067 0.000142380983033 0.000131375559172 0.000432263079988 
0.000158888039241 0.00037281294791 0.00014237880028 0.000131344654063 0.000431983936446 
0.000159097962167 0.000373005640996 0.000142420272588 0.000131328171338 0.000431723402473 
0.000159307885094 0.000373214391839 0.000142498851699 0.000131319929976 0.00043148147807 
0.000159515183984 0.000373407084925 0.000142575248056 0.000131311688613 0.000431239553666 
0.000159701490582 0.00037359977801 0.000142612354859 0.000131221033626 0.000431016238832 
0.000159882549106 0.000373792471096 0.000142645096155 0.000131130378639 0.000430792923999 
0.00016007147974 0.000374001221939 0.00014268438571 0.000131070628761 0.000430588218734 
0.000160263034411 0.000374193915025 0.000142728040772 0.000131062387399 0.000430402123039 
0.000160454589082 0.000374402665868 0.000142771695833 0.000131052085695 0.000430216027345 
0.000160651391825 0.00037456324344 0.000142810985388 0.000131025301267 0.00043001132208 
0.000160848194569 0.000374739878769 0.000142848092191 0.000130992335817 0.000429825226385 
0.00016104762135 0.00037490045634 0.000142891747252 0.000130963491049 0.00042965774026 
0.000161249672167 0.000375061033912 0.000142955047091 0.000130938766961 0.000429527473274 
0.000161449098947 0.00037523766924 0.000143020529684 0.000130916103215 0.000429415815857 
0.000161640653618 0.000375398246812 0.00014307509851 0.000130889318787 0.00042928554887 
0.000161829584252 0.000375558824384 0.000143125301831 0.000130864594699 0.000429155281884 
0.000162018514886 0.000375735459712 0.000143177687905 0.000130837810271 0.000429025014898 
0.000162202197447 0.000375896037284 0.000143236622238 0.000130804844821 0.00042893196705 
0.000162385880008 0.000376056614855 0.000143293373818 0.000130771879371 0.000428838919203 
0.00016254594624 0.000376233250184 0.000143363221916 0.000130755396646 0.000428764480925 
0.000162690268252 0.000376393827756 0.000143437435521 0.000130751275965 0.000428671433077 
0.000162831966227 0.000376570463084 0.000143513831878 0.000130745094943 0.000428596994799 
0.000163049761264 0.000376682867385 0.00014361423852 0.000130751275965 0.00042855977566 
0.000163270180337 0.000376811329442 0.000143712462408 0.000130757456987 0.000428522556521 
0.000163453862898 0.000376939791499 0.000143804138037 0.000130761577668 0.000428485337382 
0.000163579816654 0.000377068253556 0.000143884899901 0.00013076569835 0.000428448118244 
0.00016370577041 0.000377196715614 0.000143963479012 0.00013076775869 0.000428392289535 
0.000163865836642 0.000377325177671 0.000144046423628 0.000130763638009 0.000428373679966 
0.00016403639902 0.000377437581971 0.000144131550998 0.000130757456987 0.000428373679966 
0.000164201713325 0.000377549986271 0.000144227592134 0.000130753336306 0.000428355070396 
0.000164361779556 0.000377662390571 0.000144362922824 0.000130755396646 0.000428392289535 
0.000164524469824 0.000377774794871 0.000144496070762 0.000130757456987 0.000428410899105 
0.000164660919727 0.000377871141414 0.000144596477403 0.000130769819031 0.000428448118244 
0.000164784249446 0.0003779514302 0.000144683787526 0.000130784241415 0.000428485337382 
0.000164910203202 0.000378047776743 0.000144773280402 0.000130798663799 0.000428503946952 
0.000165054525215 0.000378128065529 0.000144904245587 0.000130804844821 0.000428541166091 
0.000165201471263 0.000378208354314 0.000145035210771 0.000130808965502 0.00042855977566 
0.000165351041349 0.0003782886431 0.000145153079437 0.000130829568909 0.000428615604369 
0.000165500611434 0.000378384989643 0.000145255668832 0.000130862534359 0.000428690042647 
