4.549057579372658283e-02
4.545079809450888741e-02
4.541389723643130677e-02
4.537741600290420840e-02
4.533652156344086109e-02
4.528598682686443833e-02
4.523544024292506377e-02
4.517578707477837296e-02
4.511309693422281553e-02
4.504953840663483700e-02
4.498215866973249988e-02
4.491478788199584904e-02
4.484751312461487255e-02
4.478028083001033693e-02
4.471302873654843524e-02
4.464515468785765911e-02
4.457730253261842079e-02
4.450530074793868085e-02
4.442921014998034435e-02
4.435309114271792502e-02
4.427422071014398830e-02
4.419514661719080306e-02
4.411479171956439460e-02
4.403226201133100814e-02
4.394975457869566837e-02
4.386700624121585984e-02
4.378424035731273006e-02
4.369891632786791769e-02
4.360608292288744442e-02
4.351322316379801353e-02
4.341915419553500632e-02
4.332450398994603519e-02
4.322952930641279362e-02
4.313211888215921080e-02
4.303473348504184559e-02
4.293390585343645482e-02
4.283046396462020233e-02
4.272699503900892481e-02
4.261945452923379674e-02
4.251189621078479974e-02
4.240500466048664763e-02
4.229890655287110723e-02
4.219283271416101461e-02
4.208092297522075809e-02
4.196822484208754395e-02
4.185454166043478530e-02
4.173881688241939947e-02
4.162306053294387298e-02
4.150369024222417408e-02
4.138309076608796822e-02
4.126225692162308056e-02
4.114031598942408108e-02
4.101835107143683712e-02
4.089857060821841528e-02
4.078004189066781332e-02
4.066070857173388620e-02
4.052913014368127176e-02
4.039758563873561276e-02
4.027022879837833386e-02
4.014709103220237552e-02
4.002395232018162580e-02
3.988612003813603313e-02
3.974737380979746076e-02
3.961136263663939810e-02
3.947996756937268564e-02
3.934854002108365001e-02
3.921413112500739262e-02
3.907902679114153704e-02
3.894200334400309965e-02
3.879942200867708690e-02
3.865680265906607654e-02
3.851680274436206086e-02
3.837797569442102930e-02
3.823840119931228715e-02
3.809395737280508315e-02
3.794951423190491557e-02
3.780351834702581210e-02
3.765639167290554118e-02
3.750922846440079422e-02
3.736257546571099264e-02
3.721592791241020576e-02
3.706849365877473712e-02
3.692014244304193255e-02
3.677178796130079613e-02
3.662477077927578373e-02
3.647798402185166433e-02
3.632943663435911352e-02
3.617700320976190848e-02
3.602460965885415783e-02
3.587211470417595027e-02
3.571954235404014438e-02
3.556682301393623152e-02
3.541331060350123849e-02
3.525976124519136085e-02
3.510347896412754909e-02
3.494554235462107167e-02
3.478767801709457819e-02
3.463152404800265427e-02
3.447537218374786133e-02
3.432152805859969846e-02
3.416994537642394081e-02
3.401840153611725842e-02
3.385883521626831261e-02
3.369870128880182725e-02
3.353905801525577934e-02
3.338015634714278784e-02
3.322125619253968321e-02
3.306388140514430335e-02
3.290691153573827021e-02
3.274968462567628968e-02
3.259170264372483056e-02
3.243371619203086476e-02
3.227295992931775159e-02
3.211099713994865212e-02
3.194892858002840175e-02
3.178611461586591108e-02
3.162325702389259807e-02
3.146407504908341202e-02
3.130772348404035205e-02
3.115136735452294151e-02
3.099018630439948421e-02
3.082899660535464922e-02
3.066918316268387248e-02
3.051123550670917228e-02
3.035328695627730056e-02
3.019089267571998733e-02
3.002786138316520734e-02
2.986615971603218816e-02
2.970736353966619073e-02
2.954860448807247394e-02
2.939046573280438765e-02
2.923252852125059892e-02
2.907427002909382038e-02
2.891459972991307359e-02
2.875493618260582460e-02
2.859490668558437726e-02
2.843466384735266264e-02
2.827464782528317511e-02
2.811891499489931057e-02
2.796318019087484438e-02
2.780761623209551323e-02
2.765223701213418914e-02
2.749684828237659515e-02
2.733902851284574984e-02
2.718104116352640376e-02
2.702426784287360190e-02
2.686955550918055866e-02
2.671483831239393827e-02
2.655880242986258591e-02
2.640246237657804806e-02
2.624701184875219764e-02
2.609427910653980276e-02
2.594154397250578517e-02
2.578641273667316852e-02
2.563016550254619205e-02
2.547458390381696774e-02
2.532375759273041219e-02
2.517293212900866689e-02
2.502110559459518047e-02
2.486847622344472847e-02
2.471585300835475729e-02
2.456711600287239325e-02
2.441838428044150119e-02
2.426870164818791323e-02
2.411776890370303725e-02
2.396683348625560858e-02
2.381959102046737886e-02
2.367284779093376326e-02
2.352676987103033066e-02
2.338218221045840206e-02
2.323759351953439897e-02
2.309254011186476913e-02
2.294732672919454902e-02
2.280198946096252677e-02
2.265612985259236878e-02
2.251023531824334484e-02
2.236562960036918291e-02
2.222182025314948378e-02
2.207836884929935406e-02
2.194088669250242665e-02
2.180343532496721581e-02
2.166574269786459422e-02
2.152782347519022893e-02
2.138990355042694191e-02
2.125010056172358525e-02
2.111019005005392371e-02
2.097166466925177650e-02
2.083559214683504413e-02
2.069951785208335240e-02
2.056479792855239394e-02
2.043036817722940213e-02
2.029579103296623790e-02
2.016078774426394507e-02
2.002575065609329616e-02
1.989297313047811572e-02
1.976127191804730523e-02
1.962972494132726731e-02
1.949912030403610705e-02
1.936851972134912350e-02
1.923913646751697695e-02
1.911069267830336690e-02
1.898224756809504046e-02
1.885541560883034762e-02
1.872856365766630352e-02
1.860208088097669785e-02
1.847601965131003346e-02
1.834995926907977137e-02
1.822483209040891283e-02
1.809982327057370333e-02
1.797568137825889673e-02
1.785347196766030875e-02
1.773129276174913865e-02
1.761085927196844730e-02
1.749105643564250953e-02
1.737126006312930682e-02
1.725132727088996010e-02
1.713142040396200758e-02
1.701173224009469229e-02
1.689223025811022877e-02
1.677289670535745195e-02
1.665760405238114403e-02
1.654227935321210194e-02
1.642714601093152663e-02
1.631214513571331917e-02
1.619717775464600204e-02
1.608549063796200010e-02
1.597405706049661450e-02
1.586293812557231647e-02
1.575230897201852429e-02
1.564170619549916028e-02
1.553231863189155973e-02
1.542321547282614856e-02
1.531436024011127890e-02
1.520547787130925241e-02
1.509688134501790784e-02
1.498956612426747409e-02
1.488288415786334813e-02
1.477632603544763897e-02
1.467082316684700100e-02
1.456531840691017120e-02
1.446041570580393516e-02
1.435575130077870395e-02
1.425135316871836873e-02
1.415232754374162912e-02
1.405340585408300196e-02
1.395334509593094095e-02
1.385166738618451646e-02
1.374998749430290934e-02
1.365146761967399314e-02
1.355324437038962597e-02
1.345581780624063341e-02
1.335972511464078756e-02
1.326363214528440172e-02
1.316747829773521651e-02
1.307130282614516262e-02
1.297551783476655514e-02
1.288173928364795377e-02
1.278772726019169331e-02
1.269473478172127891e-02
1.260226320270754416e-02
1.250983993560019977e-02
1.241871181665469594e-02
1.232758616820318898e-02
1.223723201868755737e-02
1.214773824942079472e-02
1.205824485874659388e-02
1.197031646521511811e-02
1.188279776756767138e-02
1.179560585557894170e-02
1.170903919770026336e-02
1.162246769762489626e-02
1.153736613977338066e-02
1.145267166083173069e-02
1.136825098010563542e-02
1.128478730862102902e-02
1.120132764272856359e-02
1.111756867243614971e-02
1.103342920241952123e-02
1.094991481404877266e-02
1.087044945562082830e-02
1.079098064807572019e-02
1.071144421264731868e-02
1.063184683313676653e-02
1.055225310860151075e-02
1.047358398074560437e-02
1.039495001355443191e-02
1.031664609488074438e-02
1.023883720624392188e-02
1.016082913684518071e-02
1.008649801601076493e-02
1.001283806706980417e-02
9.938952047843188642e-03
9.864480712882452845e-03
9.790011409250336250e-03
9.715711109579966767e-03
9.641480984358649295e-03
9.567739815089078281e-03
9.496869237179419998e-03
9.426009157928745552e-03
9.354952402293241834e-03
9.283771376583533144e-03
9.212639995136351692e-03
9.144059609065386188e-03
9.075660201560980730e-03
9.007805651192848581e-03
8.940596314227203592e-03
8.873385369089692096e-03
8.805258081357155223e-03
8.737017087887249261e-03
8.669924672364019355e-03
8.605176661068345001e-03
8.540428794390837047e-03
8.474907898750485766e-03
8.409147255031088758e-03
8.344167383251381576e-03
8.282337947609085677e-03
8.220507554217101193e-03
8.158541089196762880e-03
8.096505360832921203e-03
8.034453257461235051e-03
7.972264748010719076e-03
7.910072519635344065e-03
7.848866014265595131e-03
7.788921260069182201e-03
7.728975998937679011e-03
7.670155870664558360e-03
7.611404509951603947e-03
7.552783272455530772e-03
7.494385221158310524e-03
7.435988875970417876e-03
7.379066276682321249e-03
7.322475898839123955e-03
7.266197484656144491e-03
7.210837919385973058e-03
7.155477628253511212e-03
7.100531529306182421e-03
7.045776250235279668e-03
6.991055892581889836e-03
6.936571675024073846e-03
6.882094657973843871e-03
6.828427183385474102e-03
6.775399078871625035e-03
6.722373696540370758e-03
6.671069293014515386e-03
6.619775759948135288e-03
6.568998995337545395e-03
6.518903226494822400e-03
6.468811545366124315e-03
6.417811317842432757e-03
6.366670581043407454e-03
6.316560829020077122e-03
6.268783670057746261e-03
6.221004562462524069e-03
6.172633867716048606e-03
6.124054124573362345e-03
6.075678348583495557e-03
6.028238389925715847e-03
5.980804680061901045e-03
5.933779425047636114e-03
5.887021282124206903e-03
5.840376418552563689e-03
5.795876532916924284e-03
5.751379997682081954e-03
5.706419666039908890e-03
5.660974015634241338e-03
5.615527288453913898e-03
5.571503604762538878e-03
5.527601241696065114e-03
5.484271717627854474e-03
5.441977727596015307e-03
5.399682503573210307e-03
5.357934471883294553e-03
5.316330934191819575e-03
5.274668244510223418e-03
5.232771333975610832e-03
5.190882871639321446e-03
5.149756522902497469e-03
5.109010786266900313e-03
5.068415329702578333e-03
5.029120581962511806e-03
4.989819399956865742e-03
4.950557085059783397e-03
4.911430501982124754e-03
4.872201336200697973e-03
4.833814390046502554e-03
4.795456587186561551e-03
4.757523300463728164e-03
4.720207146143236970e-03
4.682893724590972764e-03
4.645986405070944188e-03
4.609157576832253848e-03
4.572403001070147500e-03
4.535850938670703790e-03
4.499293346269526636e-03
4.463381811985701539e-03
4.427722369024078043e-03
4.392294075641661050e-03
4.358174382255552981e-03
4.324053055894879448e-03
4.289667737839173052e-03
4.255177011917117211e-03
4.220627942799534855e-03
4.187891408030781915e-03
4.155152225059981566e-03
4.122200243696529445e-03
4.089004735993302143e-03
4.055807176903969587e-03
4.023574898542164532e-03
3.991464929721257569e-03
3.959569504600770479e-03
3.928136346722467184e-03
3.896698304023695197e-03
3.865273777354634021e-03
3.833932189520624853e-03
3.802794384735263579e-03
3.772830747787315597e-03
3.742862510982018429e-03
3.712870591240951222e-03
3.682861649312481334e-03
3.652928318028718108e-03
3.624018816232492737e-03
3.595109719508114959e-03
3.566223339583185666e-03
3.537429510396287221e-03
3.508555291310722947e-03
3.480305296922112709e-03
3.452097097017636871e-03
3.424206683845745173e-03
3.396847497839308554e-03
3.369482616179676759e-03
3.342649102261007442e-03
3.315939933664784761e-03
3.289234959066758123e-03
3.262261833140315224e-03
3.235289205888644375e-03
3.209282416048679816e-03
3.183735642804218745e-03
3.158206487652033111e-03
3.132786609354205800e-03
3.107365733096532651e-03
3.082356715150732975e-03
3.057575789027685946e-03
3.032790348433197711e-03
3.007601654591453896e-03
2.982398662019725318e-03
2.957708997140652031e-03
2.933744277055091824e-03
2.909835535166755034e-03
2.885900959034141868e-03
2.861964850530976639e-03
2.838419758775192429e-03
2.815830155238680053e-03
2.793237768456254856e-03
2.770279443602176751e-03
2.747235861181669594e-03
2.724270439176233564e-03
2.702046306043333953e-03
2.679829198787641621e-03
2.657881295233123931e-03
2.636127939161543934e-03
2.614439857359564072e-03
2.593124652868501918e-03
2.571806887258301384e-03
2.550527989184447376e-03
2.529283406549996584e-03
2.508041892525220314e-03
2.487372391898234197e-03
2.466710499376900071e-03
2.446210649390384226e-03
2.426036212102742392e-03
2.405859882331768188e-03
2.386043451593838297e-03
2.366270189713583130e-03
2.346577496068059758e-03
2.327208395808322630e-03
2.307836912064196912e-03
2.288715643597296311e-03
2.269667361341965849e-03
2.250622266186000624e-03
2.231680810017852047e-03
2.212738975597000005e-03
2.194248664027361947e-03
2.176106593576679696e-03
2.157968573907190126e-03
2.139799228857897431e-03
2.121624274399601905e-03
2.103712535206220258e-03
2.086100463786292377e-03
2.068493357879997146e-03
2.051017009590887143e-03
2.033563521385032321e-03
2.016343024109374087e-03
1.999648970060354230e-03
1.982961193763492329e-03
1.966182016279805541e-03
1.949397730284224001e-03
1.932628339321546592e-03
1.916235884395762860e-03
1.899850346434619726e-03
1.883749076848386479e-03
1.867819917891506889e-03
1.851887368834649649e-03
1.835789585575625096e-03
1.819730527219316253e-03
1.804077839826491621e-03
1.789068332466208855e-03
1.774055355418569435e-03
1.758818824707138835e-03
1.743499961047534439e-03
1.728279503058440057e-03
1.713340714946575295e-03
1.698435437317411109e-03
1.684101863299099222e-03
1.670006045552374944e-03
1.655865386772622247e-03
1.641508318177558158e-03
1.627110290487779852e-03
1.613113369924914489e-03
1.599399525069984934e-03
1.585726144994156414e-03
1.571928335350653927e-03
1.558131988287027661e-03
1.544508416785261677e-03
1.531009858506845751e-03
1.517513106182753627e-03
1.504750468794756281e-03
1.492117598024621629e-03
1.479379700257968432e-03
1.466492841745589476e-03
1.453641028871284361e-03
1.441116155832019479e-03
1.428718513106714280e-03
1.416396595864918492e-03
1.404450792232264395e-03
1.392475285096597378e-03
1.380507914155437764e-03
1.368567939682412181e-03
1.356612962859776164e-03
1.344833922111553920e-03
1.333085158456030327e-03
1.321438824663166180e-03
1.309940211141192527e-03
1.298472934498164566e-03
1.287407224142958495e-03
1.276377858830079950e-03
1.265438648328513294e-03
1.254595943971772987e-03
1.243748670262645331e-03
1.232968539640943778e-03
1.222176258620468088e-03
1.211522859146175676e-03
1.201375590655310438e-03
1.191204977968487837e-03
1.181088632120394933e-03
1.171029323448702364e-03
1.160968786862222150e-03
1.151156065351929998e-03
1.141371747299028397e-03
1.131587505518429938e-03
1.121833027624619420e-03
1.112101267643940536e-03
1.102770374654970338e-03
1.093483659722716255e-03
1.084271746027989100e-03
1.075211154399071615e-03
1.066177809217128385e-03
1.057569030788109432e-03
1.049056702943444806e-03
1.040486959258648614e-03
1.031689885174308114e-03
1.022896380059037545e-03
1.014366435879853531e-03
1.005926383087552868e-03
9.975462716272163587e-04
9.894316755786653102e-04
9.813139384683754272e-04
9.734374595996194953e-04
9.657126367108349613e-04
9.580021029393666733e-04
9.502646916582255200e-04
9.425239729129178878e-04
9.349195471860569746e-04
9.274582955688034100e-04
9.200174243341043912e-04
9.127695591101687685e-04
9.055567260271835377e-04
8.984523062643332263e-04
8.915532492766155238e-04
8.846707525518288486e-04
8.778828619913750563e-04
8.711561763738042254e-04
8.644308338387043716e-04
8.577968510510247625e-04
8.511799990590868462e-04
8.447627477212228155e-04
8.385169226197930438e-04
8.322550029273323739e-04
8.261568758387768116e-04
8.200412206257128803e-04
8.141273565823354836e-04
8.084546872163566374e-04
8.027732309199833369e-04
7.970321765472974333e-04
7.912684378435713229e-04
7.856053902154765600e-04
7.801211619264669661e-04
7.746524250548055034e-04
7.694248238367978237e-04
7.642857085610252474e-04
7.591711387551842083e-04
7.541880075426052495e-04
7.491946476817362699e-04
7.442186907783438637e-04
7.392693737869699896e-04
7.343235690224465080e-04
7.297219104684747170e-04
7.251046170277518788e-04
7.206694194613543847e-04
7.163954665689610795e-04
7.121348607256762888e-04
7.076848997827112119e-04
7.032356816391983987e-04
6.989199687381850417e-04
6.948827237011044339e-04
6.908379378603239336e-04
6.869235878621901157e-04
6.830303703070868043e-04
6.791907205565173196e-04
6.755042536101437929e-04
6.718274284660785385e-04
6.682383562358610489e-04
6.647126606697848590e-04
6.611938447574576940e-04
6.578617918218644060e-04
6.545297633285847424e-04
6.512875372483501509e-04
6.481338454548234021e-04
6.449755342248655139e-04
6.417753526285864063e-04
6.385722039517990369e-04
6.355263566379757431e-04
6.327205088769553582e-04
6.299222311942853864e-04
6.271181602848699800e-04
6.243232419366124327e-04
6.215719262442887492e-04
6.189791754156909491e-04
6.163880806415180345e-04
6.139640124428051874e-04
6.116312046972200702e-04
6.093069482879746174e-04
6.071456418647650215e-04
6.049772675654141929e-04
6.028324339046975226e-04
6.006938223333346902e-04
5.985498028105752655e-04
5.966079345770559103e-04
5.946725422341642272e-04
5.927482664898852099e-04
5.908456835264871455e-04
5.889510295768216703e-04
5.871858620946283740e-04
5.854507775708309115e-04
5.837607737273532455e-04
5.821977097686405721e-04
5.806413336208503598e-04
5.791114627193821168e-04
5.775869007610260394e-04
5.760917662095153607e-04
5.747736998554932135e-04
5.734612600790952404e-04
5.721997675634929231e-04
5.709752909934202652e-04
5.697514141856514476e-04
5.686663330526949131e-04
5.675807825830207765e-04
5.665082235970911101e-04
5.654489275870325455e-04
5.643931597540739580e-04
5.634199834996748285e-04
5.624568304407541637e-04
5.615542080807918793e-04
5.607906598561955384e-04
5.600185869207283985e-04
5.592642656475037407e-04
5.585180023922094042e-04
5.578063106676484995e-04
5.572942428216985742e-04
5.567808928120998504e-04
5.562152812505412889e-04
5.556183062411552834e-04
5.550174132172423129e-04
5.546128973539866990e-04
5.542073358325935338e-04
5.538229597130365101e-04
5.534479968870933703e-04
5.530818015225090348e-04
5.527505073163882987e-04
5.524278972124608764e-04
5.521460265248867745e-04
5.519461377304805483e-04
5.517520523633676283e-04
5.515543669203861084e-04
5.513579922868668643e-04
5.512037885271751968e-04
5.512576692142793534e-04
5.513103316984232366e-04
5.513086940452195444e-04
5.512730345144681255e-04
5.512396466345133219e-04
5.513017407875989324e-04
5.513647140188423579e-04
5.514370138979386802e-04
5.515238920592084549e-04
5.516107895379388382e-04
5.518348852128027605e-04
5.520716354111927446e-04
5.522850836708761242e-04
5.524371981185326706e-04
5.525907641435318096e-04
5.528256352293634207e-04
5.530837247435870874e-04
5.533625188182437430e-04
5.537328772884533932e-04
5.541046857772593398e-04
5.544367437833990766e-04
5.547435101767881965e-04
5.550613449836039976e-04
5.554871424729605290e-04
5.559164687231624375e-04
5.563525581152963580e-04
5.568045674302951782e-04
5.572519429066144763e-04
5.577205371886922308e-04
5.581891519585287188e-04
5.587004188200385196e-04
5.592935352734807993e-04
5.598920563701522378e-04
5.604756435549073388e-04
5.610648691601850205e-04
5.616434874356547894e-04
5.621856587327126765e-04
5.627294710255028752e-04
5.633069546492934987e-04
5.639020765116075111e-04
5.645003312038202352e-04
5.651402869104114445e-04
5.657733639786327075e-04
5.664201032421641545e-04
5.670771096138012496e-04
5.677334881919518777e-04
5.684040160173725424e-04
5.690697617853219528e-04
5.697492910755779568e-04
5.704469376841693039e-04
5.711404385411647912e-04
5.718874159761159473e-04
5.726548686633097093e-04
5.733993905545326604e-04
5.740784045678532866e-04
5.747599404977274309e-04
5.755477697028222412e-04
5.763940418734329278e-04
5.772347333005088937e-04
5.779744300191074326e-04
5.787095266768765411e-04
5.794732003963314190e-04
5.802558191065147189e-04
5.810372278289476161e-04
5.818325620934918776e-04
5.826274446080866249e-04
5.834423419486336766e-04
5.843001964244932608e-04
5.851550576848785386e-04
5.859762269010494783e-04
5.867831156323044138e-04
5.875879989969052565e-04
5.883897826737507141e-04
5.891857286939109753e-04
5.900077911826795158e-04
5.908364469381828261e-04
5.916682974951512899e-04
5.924859101997213828e-04
5.933014213135760035e-04
5.941239265962982826e-04
5.949503462740787611e-04
5.957717155575782903e-04
5.965965368389815988e-04
5.974207447536038218e-04
5.982820086793398011e-04
5.992154763393760936e-04
6.001435411147273838e-04
6.009844194499420556e-04
6.018058725018578334e-04
6.026336189804039215e-04
6.034794336665836277e-04
6.043204805243624755e-04
6.051690302804717259e-04
6.060178035937365112e-04
6.068653625185468090e-04
6.076866268412430515e-04
6.085078897548816361e-04
6.101579575789945658e-04
6.109848359348407339e-04
6.118826198868064980e-04
6.127868501490356260e-04
6.136580381928438514e-04
6.144846891342739450e-04
6.153134282408654395e-04
6.161861428437098546e-04
6.170700607083047561e-04
6.179297705977917663e-04
6.187322120375104723e-04
6.203613915040337738e-04
6.212025302453909499e-04
6.220432436413154227e-04
6.228568673818472021e-04
6.236654433682099026e-04
6.245210770681092248e-04
6.254056186928995311e-04
6.262903624424255144e-04
6.270642870753624903e-04
6.278387819442091729e-04
6.286361567484237195e-04
6.303040404643168353e-04
6.311034852876859502e-04
6.318951809099821381e-04
6.326906507430210894e-04
6.335059139852482982e-04
6.343186959222738355e-04
6.351045814662604995e-04
6.358805558329888108e-04
6.366519293180761740e-04
6.381598707831195611e-04
6.389398398895429401e-04
6.397461338482537258e-04
6.413172365264913988e-04
6.420813826106095031e-04
6.428410305991370550e-04
6.436026921136196255e-04
6.443653831172017421e-04
6.451231662783912801e-04
6.458809296563508594e-04
6.466425985638920345e-04
6.473943136011227470e-04
6.481479400045462745e-04
6.496183180652494041e-04
6.503507006299026789e-04
6.510625492066328575e-04
6.517738263771553128e-04
