2.643268451451467188e-02
2.637607544444672825e-02
2.631859534931357131e-02
2.626764222543602478e-02
2.621529650154312552e-02
2.614817761848730465e-02
2.607199428246450776e-02
2.599253084039716485e-02
2.591103737562756512e-02
2.582250934745219245e-02
2.573016309130232368e-02
2.563417999377061787e-02
2.553344818390339971e-02
2.542912750043263559e-02
2.531396228469852058e-02
2.519541039765416796e-02
2.507805366482163123e-02
2.495648864671333803e-02
2.482929900973355336e-02
2.469662838602490820e-02
2.456087369905309362e-02
2.442593711435650169e-02
2.427695290909820044e-02
2.412858719429147869e-02
2.397883973135926661e-02
2.382611572637379979e-02
2.366860297769944263e-02
2.350806012185955793e-02
2.334135417265023604e-02
2.317028094959132367e-02
2.299820397515857026e-02
2.281918222357803144e-02
2.264172158550459973e-02
2.246181270163813415e-02
2.227838962878483930e-02
2.209502103476888857e-02
2.190595936689632844e-02
2.171418468522196693e-02
2.152059310635662248e-02
2.132589417838443718e-02
2.112853421456325001e-02
2.093128216227499450e-02
2.073106022137670076e-02
2.052746166804273950e-02
2.032319891434938505e-02
2.011487109945768459e-02
1.990769064719126111e-02
1.970135559222975508e-02
1.949450357935807870e-02
1.928168240922345858e-02
1.907147785367695539e-02
1.885890004856000113e-02
1.864342733810093675e-02
1.842875251319343183e-02
1.821533187097880424e-02
1.800202618089525100e-02
1.778781654888909186e-02
1.757241444911175274e-02
1.735979336244952362e-02
1.714213251385259679e-02
1.692522529562290323e-02
1.671113647565400026e-02
1.650010950627052095e-02
1.628474615566286379e-02
1.607099003463751188e-02
1.585715128788986461e-02
1.564255613638090847e-02
1.543372792080990527e-02
1.522403782938744170e-02
1.501177213267580052e-02
1.479871380304234943e-02
1.458891436511799110e-02
1.438522221428189217e-02
1.417800440192005379e-02
1.397369486036772850e-02
1.377485087510512372e-02
1.357034509028386821e-02
1.336918920718022097e-02
1.317126604709026143e-02
1.297585426831845447e-02
1.278166646600808511e-02
1.258663663034600630e-02
1.239473143011288539e-02
1.220535568320213309e-02
1.201794158737300167e-02
1.183231210782994917e-02
1.164913222004612843e-02
1.146752752253746635e-02
1.128719251979420565e-02
1.110786360717406357e-02
1.093202612971347180e-02
1.075739626027793702e-02
1.058650640747490872e-02
1.041947171162873297e-02
1.025212903021323167e-02
1.008917471293413991e-02
9.926472250503340714e-03
9.765916838187482449e-03
9.610131562905884287e-03
9.454628297932613987e-03
9.300078027821602478e-03
9.149908594966242939e-03
9.003395769535018148e-03
8.853563029025644793e-03
8.712267734680407757e-03
8.571323109643622790e-03
8.432107531106357995e-03
8.296704063832873247e-03
8.161971446197794494e-03
8.031626653403057398e-03
7.902657261829792654e-03
7.774594542083986329e-03
7.649322282046548509e-03
7.526934962430369656e-03
7.406426444751279016e-03
7.288256558131978903e-03
7.172867125398833116e-03
7.060897410906847617e-03
6.950462782197672218e-03
6.842209901767814205e-03
6.735893902546563269e-03
6.630025616239239653e-03
6.527918939329057854e-03
6.427034630453794944e-03
6.328576269660673818e-03
6.232850878036134967e-03
6.138214479199989061e-03
6.046065689282563091e-03
5.956481619562308157e-03
5.868737237286343958e-03
5.782071379164364575e-03
5.696745664043816916e-03
5.613574520923382202e-03
5.532901382270444257e-03
5.454338143570956754e-03
5.377099888359252247e-03
5.301077705938199783e-03
5.226336787464018301e-03
5.153150902246164504e-03
5.082008898645451293e-03
5.012065056229027954e-03
4.944025611674124007e-03
4.877531486135000365e-03
4.812239123483545711e-03
4.748867103467997557e-03
4.686257582421258019e-03
4.625195712018908591e-03
4.565322633993751725e-03
4.506030972208879652e-03
4.448349135761078474e-03
4.391280454924834792e-03
4.335902305983550982e-03
4.282295260944270730e-03
4.229411384004025387e-03
4.176559293028961166e-03
4.125094824197300843e-03
4.075079494826240427e-03
4.025932211096410612e-03
3.977166112728833074e-03
3.929177405160722523e-03
3.882155403305153143e-03
3.836245245751051733e-03
3.792039041649040640e-03
3.747422680007259088e-03
3.703480753666716155e-03
3.660142426906304921e-03
3.617324636984252557e-03
3.575994875639470962e-03
3.534911888860705915e-03
3.493207682014497738e-03
3.451554600773971276e-03
3.412882854358549514e-03
3.374495644523217274e-03
3.335669619082389393e-03
3.297237792097546145e-03
3.259918165964160487e-03
3.222565014502570303e-03
3.184948110638260652e-03
3.148299856680091251e-03
3.112638766177382426e-03
3.076332211885681508e-03
3.040843852691025532e-03
3.005909556554103770e-03
2.971086885018948270e-03
2.936143243146774849e-03
2.901492105365335254e-03
2.866989282274472368e-03
2.833106625200583310e-03
2.799672185196003943e-03
2.765790379925146640e-03
2.732555853912140877e-03
2.699715179635353568e-03
2.667063393405201977e-03
2.634454180372401959e-03
2.602433734863039260e-03
2.570126019484445575e-03
2.537992853075350143e-03
2.506114247417544610e-03
2.474130148031588889e-03
2.442585441796481498e-03
2.411614746610232264e-03
2.380924179404116971e-03
2.350213602805510671e-03
2.319179962453868111e-03
2.288723477165801115e-03
2.258607104850440979e-03
2.228487291053412190e-03
2.197807676046509111e-03
2.167803005453229712e-03
2.138267610346737246e-03
2.108965255855250586e-03
2.079681104988169091e-03
2.050207351498830113e-03
2.021330817611914805e-03
1.992846748409847057e-03
1.964632836363325828e-03
1.936573014984056774e-03
1.907814437007556742e-03
1.879656029094285740e-03
1.851792309928395122e-03
1.824148045248360876e-03
1.797445613002175008e-03
1.769940605440261305e-03
1.742914949995216746e-03
1.716272714460123248e-03
1.689395042878822457e-03
1.663043451507291090e-03
1.637183734639162391e-03
1.611461390137393975e-03
1.585766634632095745e-03
1.560576385397882378e-03
1.535625960063471095e-03
1.510532062777259930e-03
1.485746797268288960e-03
1.461967686827168487e-03
1.437976384640418789e-03
1.414225390350826606e-03
1.390803216124617903e-03
1.367715551778421598e-03
1.344684583415578722e-03
1.322114468441616762e-03
1.300173822112994822e-03
1.278401036185690051e-03
1.256170552289150423e-03
1.235279004471684676e-03
1.214180812704115410e-03
1.193381672785073181e-03
1.173021934140343640e-03
1.152810496003190983e-03
1.132950742320337767e-03
1.113684749246755335e-03
1.094707285966054107e-03
1.075642371899627981e-03
1.057334556562952027e-03
1.039333125831405115e-03
1.021513385446949683e-03
1.003896642040180351e-03
9.865960885519760391e-04
9.696445235304326305e-04
9.532758313116514171e-04
9.372693615829852474e-04
9.213859723779213888e-04
9.058450058416706377e-04
8.905179222147076605e-04
8.757039862635065475e-04
8.613864158940900094e-04
8.470400667504291532e-04
8.333008335948288324e-04
8.196673566340481913e-04
8.062067136980486434e-04
7.931339057183677205e-04
7.807091560173576522e-04
7.685305265642619361e-04
7.565293421283413164e-04
7.447130252371898709e-04
7.333095907459051240e-04
7.224777345077208280e-04
7.117399229180021913e-04
7.011712050455724257e-04
6.909511660103505185e-04
6.811097111095835988e-04
6.715016810915255385e-04
6.621134366332618627e-04
6.530429179442649246e-04
6.444972673919105400e-04
6.360064922926139501e-04
6.279239984901338481e-04
6.199888645566626168e-04
6.119310001003316554e-04
6.048564657086878378e-04
5.977475629958015979e-04
5.908279820590441522e-04
5.841277900803218447e-04
5.775510036255453259e-04
5.713222081658834864e-04
5.653903438794518569e-04
5.596718516005535051e-04
5.540813467621180394e-04
5.486935272102076190e-04
5.436652207712162291e-04
5.388059430617304349e-04
5.340864093038513597e-04
5.296218643881340712e-04
5.253277611971991518e-04
5.212224295547520161e-04
5.172853355029713570e-04
5.134874858792800320e-04
5.099891527999874784e-04
5.066490135240650809e-04
5.034328559407493225e-04
5.003271338703878203e-04
4.972876176285903182e-04
4.946388513632571718e-04
4.920077199822712110e-04
4.894485752823588259e-04
4.870564375044455206e-04
4.850487545688340874e-04
4.829766040588746759e-04
4.809392607025280851e-04
4.790505355818670125e-04
4.774816877826440205e-04
4.758677897239049119e-04
4.745005618748179268e-04
4.731875214998201829e-04
4.718170263043865382e-04
4.707593652089631250e-04
4.696995865760302783e-04
4.687405324846695182e-04
4.678921177598519715e-04
4.670767158174778545e-04
4.663840877051093686e-04
4.657784396059334951e-04
4.652899591141651200e-04
4.649133961694937073e-04
4.643229489784099365e-04
4.640335887486569033e-04
4.638054488391677322e-04
4.635978843249590723e-04
4.634802117292834665e-04
4.633919814287160285e-04
4.633390261189697292e-04
4.633230770375268794e-04
4.633546551217638805e-04
4.635332947643117769e-04
4.637140975566883126e-04
4.638455624295967123e-04
4.640054469277509657e-04
4.643582536923233895e-04
4.646859066180469128e-04
4.649931078967498282e-04
4.653481058062189065e-04
4.657788994311395101e-04
4.662105574376489343e-04
4.666452033349819512e-04
4.671337008966039948e-04
4.676254575522239155e-04
4.679993632755291544e-04
4.686088643728767919e-04
4.691909251602370198e-04
4.697408673909462444e-04
4.702780264445430335e-04
4.708200135832242756e-04
4.713967534766311425e-04
4.720193323974863344e-04
4.726512680849136280e-04
4.732056861786444290e-04
4.738588057367272457e-04
4.744847767779466585e-04
4.751002538300616801e-04
4.757127459522218554e-04
4.763134982174002966e-04
4.769037182071107924e-04
4.775000135118182974e-04
4.781107055321931216e-04
4.787419771073945910e-04
4.793705061000786880e-04
4.800338022290778620e-04
4.806346128562640754e-04
4.811310065462406937e-04
4.817157970619439719e-04
4.822998392849552800e-04
4.828458645950270043e-04
4.833923167011046004e-04
4.839867530246061552e-04
4.845348858807481049e-04
4.850498556433026679e-04
4.855366637033244580e-04
4.860138761073850818e-04
4.865373305422812026e-04
4.869927766193093369e-04
4.874414104031434599e-04
4.874414104031434599e-04
