2.218234539031982422e-02 2.258421294391155243e-02 2.361446246504783630e-02 2.220691367983818054e-02
2.214485406875610352e-02 2.253212593495845795e-02 2.356030791997909546e-02 2.216745354235172272e-02
2.209900692105293274e-02 2.247951366007328033e-02 2.350800670683383942e-02 2.212177962064743042e-02
2.205103449523448944e-02 2.243104204535484314e-02 2.346570603549480438e-02 2.207004278898239136e-02
2.199991606175899506e-02 2.239105105400085449e-02 2.342095598578453064e-02 2.202227152884006500e-02
2.195567637681961060e-02 2.233394049108028412e-02 2.335597015917301178e-02 2.197796106338500977e-02
2.190961316227912903e-02 2.226390875875949860e-02 2.328141964972019196e-02 2.192861959338188171e-02
2.185412682592868805e-02 2.218753658235073090e-02 2.320731990039348602e-02 2.186777628958225250e-02
2.178756892681121826e-02 2.211621962487697601e-02 2.313487790524959564e-02 2.179677970707416534e-02
2.171792462468147278e-02 2.204016409814357758e-02 2.305417507886886597e-02 2.172581665217876434e-02
2.164703235030174255e-02 2.195925824344158173e-02 2.296918071806430817e-02 2.165406011044979095e-02
2.157496474683284760e-02 2.187344618141651154e-02 2.288042008876800537e-02 2.158026769757270813e-02
2.150102891027927399e-02 2.178292721509933472e-02 2.278704941272735596e-02 2.150260284543037415e-02
2.142602950334548950e-02 2.168739400804042816e-02 2.269083261489868164e-02 2.141935192048549652e-02
2.134061604738235474e-02 2.158858440816402435e-02 2.258432470262050629e-02 2.132964879274368286e-02
2.125193737447261810e-02 2.148598432540893555e-02 2.247457951307296753e-02 2.123835124075412750e-02
2.116467803716659546e-02 2.137942798435688019e-02 2.236592769622802734e-02 2.114823833107948303e-02
2.107513137161731720e-02 2.126936428248882294e-02 2.225314266979694366e-02 2.105524390935897827e-02
2.097436599433422089e-02 2.115943282842636108e-02 2.213768102228641510e-02 2.095188014209270477e-02
2.087055519223213196e-02 2.104372903704643250e-02 2.201651036739349365e-02 2.084626816213130951e-02
2.076693624258041382e-02 2.092258259654045105e-02 2.189190126955509186e-02 2.073925547301769257e-02
2.066583372652530670e-02 2.079890668392181396e-02 2.176863886415958405e-02 2.062954939901828766e-02
2.055564522743225098e-02 2.066732943058013916e-02 2.163079380989074707e-02 2.051396854221820831e-02
2.044451981782913208e-02 2.053564600646495819e-02 2.149420790374279022e-02 2.039710991084575653e-02
2.032988704741001129e-02 2.040248736739158630e-02 2.135716192424297333e-02 2.027758955955505371e-02
2.021095529198646545e-02 2.026668749749660492e-02 2.121787145733833313e-02 2.015512995421886444e-02
2.009068243205547333e-02 2.012654766440391541e-02 2.107306011021137238e-02 2.003188431262969971e-02
1.996989361941814423e-02 1.998199149966239929e-02 2.092691697180271149e-02 1.989933662116527557e-02
1.984068937599658966e-02 1.983258686959743500e-02 2.077460661530494690e-02 1.976646482944488525e-02
1.970760710537433624e-02 1.968049257993698120e-02 2.061742730438709259e-02 1.963387429714202881e-02
1.957874558866024017e-02 1.952897198498249054e-02 2.045854739844799042e-02 1.950007304549217224e-02
1.944354735314846039e-02 1.937775872647762299e-02 2.029430307447910309e-02 1.935666427016258240e-02
1.930633001029491425e-02 1.921996474266052246e-02 2.013185992836952209e-02 1.921610161662101746e-02
1.916662789881229401e-02 1.905924640595912933e-02 1.996722631156444550e-02 1.907388493418693542e-02
1.902459561824798584e-02 1.889712922275066376e-02 1.979945413768291473e-02 1.892810501158237457e-02
1.888163574039936066e-02 1.873192004859447479e-02 1.963247172534465790e-02 1.878038980066776276e-02
1.873981766402721405e-02 1.856670156121253967e-02 1.945941708981990814e-02 1.862728595733642578e-02
1.859201863408088684e-02 1.839876919984817505e-02 1.928408443927764893e-02 1.847389154136180878e-02
1.844054646790027618e-02 1.822797767817974091e-02 1.910736784338951111e-02 1.831961981952190399e-02
1.828952133655548096e-02 1.805486343801021576e-02 1.892982795834541321e-02 1.816296018660068512e-02
1.813687197864055634e-02 1.787957362830638885e-02 1.875016838312149048e-02 1.800259202718734741e-02
1.797944307327270508e-02 1.770062558352947235e-02 1.857087388634681702e-02 1.784498617053031921e-02
1.782144606113433838e-02 1.752277091145515442e-02 1.838832348585128784e-02 1.768559776246547699e-02
1.766308955848217010e-02 1.734634675085544586e-02 1.820252276957035065e-02 1.752213388681411743e-02
1.749914325773715973e-02 1.716580055654048920e-02 1.801818236708641052e-02 1.735363155603408813e-02
1.733930595219135284e-02 1.698245480656623840e-02 1.782817952334880829e-02 1.718472875654697418e-02
1.717450097203254700e-02 1.679844968020915985e-02 1.764006353914737701e-02 1.701753959059715271e-02
1.700832881033420563e-02 1.661421172320842743e-02 1.745322346687316895e-02 1.685047894716262817e-02
1.684507913887500763e-02 1.643019169569015503e-02 1.726567558944225311e-02 1.668160967528820038e-02
1.667783223092556000e-02 1.624887064099311829e-02 1.707169972360134125e-02 1.651058346033096313e-02
1.650997437536716461e-02 1.606118306517601013e-02 1.688170433044433594e-02 1.633799634873867035e-02
1.634018309414386749e-02 1.587163843214511871e-02 1.668983884155750275e-02 1.616234146058559418e-02
1.616839691996574402e-02 1.568206958472728729e-02 1.649506576359272003e-02 1.598498038947582245e-02
1.599588803946971893e-02 1.549305766820907593e-02 1.630056835711002350e-02 1.581102982163429260e-02
1.582508161664009094e-02 1.530661247670650482e-02 1.610812544822692871e-02 1.563372835516929626e-02
1.565234921872615814e-02 1.511855889111757278e-02 1.591580733656883240e-02 1.545801293104887009e-02
1.547774299979209900e-02 1.492822356522083282e-02 1.572263054549694061e-02 1.528268121182918549e-02
1.530216541141271591e-02 1.473581232130527496e-02 1.552850473672151566e-02 1.510597672313451767e-02
1.512945909053087234e-02 1.454475987702608109e-02 1.533852703869342804e-02 1.492460910230875015e-02
1.495131943374872208e-02 1.435791514813899994e-02 1.514189224690198898e-02 1.474759727716445923e-02
1.477258652448654175e-02 1.416832860559225082e-02 1.494677364826202393e-02 1.456902548670768738e-02
1.459585689008235931e-02 1.397682633250951767e-02 1.475522760301828384e-02 1.438928581774234772e-02
1.442321110516786575e-02 1.378989778459072113e-02 1.456586178392171860e-02 1.421311032027006149e-02
1.424491684883832932e-02 1.360151916742324829e-02 1.437253318727016449e-02 1.403476856648921967e-02
1.406725030392408371e-02 1.341503299772739410e-02 1.418072078377008438e-02 1.385788526386022568e-02
1.389112230390310287e-02 1.322841271758079529e-02 1.398876681923866272e-02 1.368011441081762314e-02
1.371617242693901062e-02 1.304055936634540558e-02 1.379634253680706024e-02 1.349970139563083649e-02
1.353685464709997177e-02 1.285624690353870392e-02 1.361210085451602936e-02 1.331829931586980820e-02
1.336287613958120346e-02 1.266902592033147812e-02 1.342471130192279816e-02 1.314191892743110657e-02
1.318646501749753952e-02 1.248353067785501480e-02 1.323463674634695053e-02 1.296466868370771408e-02
1.300878915935754776e-02 1.230105943977832794e-02 1.304361317306756973e-02 1.278771646320819855e-02
1.283570472151041031e-02 1.212152931839227676e-02 1.285457611083984375e-02 1.261596567928791046e-02
1.266035903245210648e-02 1.193582545965909958e-02 1.267485506832599640e-02 1.244004629552364349e-02
1.248412858694791794e-02 1.175541151314973831e-02 1.249092258512973785e-02 1.226310245692729950e-02
1.230963412672281265e-02 1.157776452600955963e-02 1.230988092720508575e-02 1.208786480128765106e-02
1.213765796273946762e-02 1.140095852315425873e-02 1.213468052446842194e-02 1.191518455743789673e-02
1.196275092661380768e-02 1.122591830790042877e-02 1.195343490689992905e-02 1.173975039273500443e-02
1.178784389048814774e-02 1.104885432869195938e-02 1.177483983337879181e-02 1.157100126147270203e-02
1.161780301481485367e-02 1.087443903088569641e-02 1.159903686493635178e-02 1.140389684587717056e-02
1.145041827112436295e-02 1.070229057222604752e-02 1.142605300992727280e-02 1.123617868870496750e-02
1.128038577735424042e-02 1.053002476692199707e-02 1.125565730035305023e-02 1.106607355177402496e-02
1.111392118036746979e-02 1.036447379738092422e-02 1.108273584395647049e-02 1.089867949485778809e-02
1.094510871917009354e-02 1.019781548529863358e-02 1.091408636420965195e-02 1.073173806071281433e-02
1.077698543667793274e-02 1.003198139369487762e-02 1.074777729809284210e-02 1.056772843003273010e-02
1.061126776039600372e-02 9.868530556559562683e-03 1.058273669332265854e-02 1.040672976523637772e-02
1.044763159006834030e-02 9.709537029266357422e-03 1.042020414024591446e-02 1.024278905242681503e-02
1.028386689722537994e-02 9.552117437124252319e-03 1.026056148111820221e-02 1.007961481809616089e-02
1.012173481285572052e-02 9.393673390150070190e-03 1.010168064385652542e-02 9.920440614223480225e-03
9.961098432540893555e-03 9.236512705683708191e-03 9.943385608494281769e-03 9.764241054654121399e-03
9.801262058317661285e-03 9.084358811378479004e-03 9.785940870642662048e-03 9.608639404177665710e-03
9.643858298659324646e-03 8.935762569308280945e-03 9.632131084799766541e-03 9.454153478145599365e-03
9.485423564910888672e-03 8.785291574895381927e-03 9.479749016463756561e-03 9.300998412072658539e-03
9.330203756690025330e-03 8.636928163468837738e-03 9.331071749329566956e-03 9.149583056569099426e-03
9.178740903735160828e-03 8.492130786180496216e-03 9.186108596622943878e-03 8.999923244118690491e-03
9.025120176374912262e-03 8.348766714334487915e-03 9.040746837854385376e-03 8.851611055433750153e-03
8.877662941813468933e-03 8.207784965634346008e-03 8.898682892322540283e-03 8.707970380783081055e-03
8.730799891054630280e-03 8.069319650530815125e-03 8.756804279983043671e-03 8.564176969230175018e-03
8.584701456129550934e-03 7.932861335575580597e-03 8.617240004241466522e-03 8.421270176768302917e-03
8.440339937806129456e-03 7.797678932547569275e-03 8.482684381306171417e-03 8.281211368739604950e-03
8.296622894704341888e-03 7.665619719773530960e-03 8.347650058567523956e-03 8.143744431436061859e-03
8.155691437423229218e-03 7.533911149948835373e-03 8.213191293179988861e-03 8.006891235709190369e-03
8.016753941774368286e-03 7.405242882668972015e-03 8.083369582891464233e-03 7.872016169130802155e-03
7.878797128796577454e-03 7.280048914253711700e-03 7.957288064062595367e-03 7.739681284874677658e-03
7.740023545920848846e-03 7.155988365411758423e-03 7.826454937458038330e-03 7.609998807311058044e-03
7.606881204992532730e-03 7.034718524664640427e-03 7.705329451709985733e-03 7.480614352971315384e-03
7.475088350474834442e-03 6.916705984622240067e-03 7.583901751786470413e-03 7.352960761636495590e-03
7.344197947531938553e-03 6.800917908549308777e-03 7.463901769369840622e-03 7.227524183690547943e-03
7.214262150228023529e-03 6.686130072921514511e-03 7.347917184233665466e-03 7.104611024260520935e-03
7.087172009050846100e-03 6.573849357664585114e-03 7.231285329908132553e-03 6.985534913837909698e-03
6.963735446333885193e-03 6.464360281825065613e-03 7.119476329535245895e-03 6.866612005978822708e-03
6.840522401034832001e-03 6.356053519994020462e-03 7.009005639702081680e-03 6.749036256223917007e-03
6.717670243233442307e-03 6.249371916055679321e-03 6.899208296090364456e-03 6.632952950894832611e-03
6.599168758839368820e-03 6.147230509668588638e-03 6.791928783059120178e-03 6.517491769045591354e-03
6.481578107923269272e-03 6.044981069862842560e-03 6.686041131615638733e-03 6.410590838640928268e-03
6.366738583892583847e-03 5.946063902229070663e-03 6.582440808415412903e-03 6.301797460764646530e-03
6.253738887608051300e-03 5.848971195518970490e-03 6.481410469859838486e-03 6.193122826516628265e-03
6.141779478639364243e-03 5.752095486968755722e-03 6.383039988577365875e-03 6.087202578783035278e-03
6.033697165548801422e-03 5.656785797327756882e-03 6.287674885243177414e-03 5.983822979032993317e-03
5.926319863647222519e-03 5.566650070250034332e-03 6.193284410983324051e-03 5.883299745619297028e-03
5.820438731461763382e-03 5.478996783494949341e-03 6.100720260292291641e-03 5.785265937447547913e-03
5.716843996196985245e-03 5.392959807068109512e-03 6.009849254041910172e-03 5.688562523573637009e-03
5.616336129605770111e-03 5.308188963681459427e-03 5.919350311160087585e-03 5.590392276644706726e-03
5.515827797353267670e-03 5.225334782153367996e-03 5.832042545080184937e-03 5.498378071933984756e-03
5.417924374341964722e-03 5.144138354808092117e-03 5.745462141931056976e-03 5.407719407230615616e-03
5.323021672666072845e-03 5.064657889306545258e-03 5.661062430590391159e-03 5.318425130099058151e-03
5.230250768363475800e-03 4.986602347344160080e-03 5.579410120844841003e-03 5.230401176959276199e-03
5.136216059327125549e-03 4.911054391413927078e-03 5.498591810464859009e-03 5.145165137946605682e-03
5.047210957854986191e-03 4.836548119783401489e-03 5.419776309281587601e-03 5.061020608991384506e-03
4.960165824741125107e-03 4.764466080814599991e-03 5.342999938875436783e-03 4.980158526450395584e-03
4.874281119555234909e-03 4.694608040153980255e-03 5.267819389700889587e-03 4.901223350316286087e-03
4.790434148162603378e-03 4.626408684998750687e-03 5.193941760808229446e-03 4.820958245545625687e-03
4.707343410700559616e-03 4.561999347060918808e-03 5.120870657265186310e-03 4.743353463709354401e-03
4.625808913260698318e-03 4.496491048485040665e-03 5.049493163824081421e-03 4.669005516916513443e-03
4.546535667032003403e-03 4.431948531419038773e-03 4.980384372174739838e-03 4.596626851707696915e-03
4.469514358788728714e-03 4.369755741208791733e-03 4.913297016173601151e-03 4.525075200945138931e-03
4.394608549773693085e-03 4.310295451432466507e-03 4.846803843975067139e-03 4.456158261746168137e-03
4.322281572967767715e-03 4.250785335898399353e-03 4.781223367899656296e-03 4.388025961816310883e-03
4.250281024724245071e-03 4.193033091723918915e-03 4.716742318123579025e-03 4.321590065956115723e-03
4.179570358246564865e-03 4.137363284826278687e-03 4.653493408113718033e-03 4.257021937519311905e-03
4.112796857953071594e-03 4.083610139787197113e-03 4.591662436723709106e-03 4.194286186248064041e-03
4.046651069074869156e-03 4.030306823551654816e-03 4.531303420662879944e-03 4.131252411752939224e-03
3.981201909482479095e-03 3.978227730840444565e-03 4.472407046705484390e-03 4.071449860930442810e-03
3.917334135621786118e-03 3.927440382540225983e-03 4.414716269820928574e-03 4.013463854789733887e-03
3.855487098917365074e-03 3.878152929246425629e-03 4.357991740107536316e-03 3.956176340579986572e-03
3.796176053583621979e-03 3.832155838608741760e-03 4.302906803786754608e-03 3.899989183992147446e-03
3.737767692655324936e-03 3.785134293138980865e-03 4.248212091624736786e-03 3.845634870231151581e-03
3.680992638692259789e-03 3.739087376743555069e-03 4.194820765405893326e-03 3.792713163420557976e-03
3.625722136348485947e-03 3.694231854751706123e-03 4.142306745052337646e-03 3.741172607988119125e-03
3.571646753698587418e-03 3.650359343737363815e-03 4.089917056262493134e-03 3.691183635964989662e-03
3.519049845635890961e-03 3.607628401368856430e-03 4.039229359477758408e-03 3.641416551545262337e-03
3.466642228886485100e-03 3.565955441445112228e-03 3.988869488239288330e-03 3.593218280002474785e-03
3.416530089452862740e-03 3.525298787280917168e-03 3.939839079976081848e-03 3.546622814610600471e-03
3.369151614606380463e-03 3.485475433990359306e-03 3.892280627042055130e-03 3.501187078654766083e-03
3.322203177958726883e-03 3.446918446570634842e-03 3.845466533675789833e-03 3.456006990745663643e-03
3.276389325037598610e-03 3.409477649256587029e-03 3.797881305217742920e-03 3.413214115425944328e-03
3.231358015909790993e-03 3.372336970642209053e-03 3.751643467694520950e-03 3.371512750163674355e-03
3.187805414199829102e-03 3.335829358547925949e-03 3.706779796630144119e-03 3.330595791339874268e-03
3.146401839330792427e-03 3.300363197922706604e-03 3.662509843707084656e-03 3.290139138698577881e-03
3.105669049546122551e-03 3.265396691858768463e-03 3.618036163970828056e-03 3.251950489357113838e-03
3.065976547077298164e-03 3.231721930205821991e-03 3.574315924197435379e-03 3.213838674128055573e-03
3.027470316737890244e-03 3.198263468220829964e-03 3.531499998643994331e-03 3.176187165081501007e-03
2.990141976624727249e-03 3.164730034768581390e-03 3.489676630124449730e-03 3.139422507956624031e-03
2.953999908640980721e-03 3.132471581920981407e-03 3.449280746281147003e-03 3.104661358520388603e-03
2.918468322604894638e-03 3.101554233580827713e-03 3.408476943150162697e-03 3.068877151235938072e-03
2.883521141484379768e-03 3.070570295676589012e-03 3.368010045960545540e-03 3.034797962754964828e-03
2.849494107067584991e-03 3.039619652554392815e-03 3.327800193801522255e-03 3.002142766490578651e-03
2.816825173795223236e-03 3.009210340678691864e-03 3.287847386673092842e-03 2.970127156004309654e-03
2.784612122923135757e-03 2.980350982397794724e-03 3.249649656936526299e-03 2.938145538792014122e-03
2.754341810941696167e-03 2.950974972918629646e-03 3.211150644347071648e-03 2.907383255660533905e-03
2.724681980907917023e-03 2.921923762187361717e-03 3.171729855239391327e-03 2.876714570447802544e-03
2.695314353331923485e-03 2.893622498959302902e-03 3.132282290607690811e-03 2.846131334081292152e-03
2.666875487193465233e-03 2.865979447960853577e-03 3.096114844083786011e-03 2.816844033077359200e-03
2.638685749843716621e-03 2.837144769728183746e-03 3.060133196413516998e-03 2.788230311125516891e-03
2.611854113638401031e-03 2.809243509545922279e-03 3.023132449015974998e-03 2.760460600256919861e-03
2.585925394669175148e-03 2.782091964036226273e-03 2.986415289342403412e-03 2.732861554250121117e-03
2.560177352279424667e-03 2.755132038146257401e-03 2.951205009594559669e-03 2.704716753214597702e-03
2.535710111260414124e-03 2.728538587689399719e-03 2.915223594754934311e-03 2.678609453141689301e-03
2.511389087885618210e-03 2.701945137232542038e-03 2.879011677578091621e-03 2.651982475072145462e-03
2.487351652234792709e-03 2.675726776942610741e-03 2.843810245394706726e-03 2.625994617119431496e-03
2.463856013491749763e-03 2.649991307407617569e-03 2.809530822560191154e-03 2.600910840556025505e-03
2.441211370751261711e-03 2.624364336952567101e-03 2.774249762296676636e-03 2.575980266556143761e-03
2.419761614874005318e-03 2.597512677311897278e-03 2.739925868809223175e-03 2.550691831856966019e-03
2.398071344941854477e-03 2.571669174358248711e-03 2.706355648115277290e-03 2.525241114199161530e-03
2.376587130129337311e-03 2.546417061239480972e-03 2.672732342034578323e-03 2.500370377674698830e-03
2.355919918045401573e-03 2.521198475733399391e-03 2.638506004586815834e-03 2.476761583238840103e-03
2.335450379177927971e-03 2.495812950655817986e-03 2.604545792564749718e-03 2.453459426760673523e-03
2.315006451681256294e-03 2.470860956236720085e-03 2.570975339040160179e-03 2.429270884022116661e-03
2.295121550559997559e-03 2.445842139422893524e-03 2.537954831495881081e-03 2.405661856755614281e-03
2.275846898555755615e-03 2.420806791633367538e-03 2.505235373973846436e-03 2.382718026638031006e-03
2.256761537864804268e-03 2.396187745034694672e-03 2.472010906785726547e-03 2.359347883611917496e-03
2.237667329609394073e-03 2.371568931266665459e-03 2.439344767481088638e-03 2.337043406441807747e-03
2.219218062236905098e-03 2.346458612009882927e-03 2.407166408374905586e-03 2.314398065209388733e-03
2.201052615419030190e-03 2.321439795196056366e-03 2.375271404162049294e-03 2.291368786245584488e-03
2.182861091569066048e-03 2.296987455338239670e-03 2.343456493690609932e-03 2.268186304718255997e-03
2.165099605917930603e-03 2.272476907819509506e-03 2.311969408765435219e-03 2.246410353109240532e-03
2.147836843505501747e-03 2.248349599540233612e-03 2.280189655721187592e-03 2.223961055278778076e-03
2.130195498466491699e-03 2.223780611529946327e-03 2.248711418360471725e-03 2.201494760811328888e-03
2.112451242282986641e-03 2.198911737650632858e-03 2.217543544247746468e-03 2.179181668907403946e-03
2.095678355544805527e-03 2.174393041059374809e-03 2.186083002015948296e-03 2.156809205189347267e-03
2.078570192679762840e-03 2.149265725165605545e-03 2.155225258320569992e-03 2.134547336027026176e-03
2.061092527583241463e-03 2.124322112649679184e-03 2.125014783814549446e-03 2.112839836627244949e-03
2.044199267402291298e-03 2.100103069096803665e-03 2.095096744596958160e-03 2.090902067720890045e-03
2.028346294537186623e-03 2.076617209240794182e-03 2.065125387161970139e-03 2.068282105028629303e-03
2.011547563597559929e-03 2.051365096122026443e-03 2.034781966358423233e-03 2.046361332759261131e-03
1.994783291593194008e-03 2.027004491537809372e-03 2.005174057558178902e-03 2.024295739829540253e-03
1.977984793484210968e-03 2.002893947064876556e-03 1.976062776520848274e-03 2.001957269385457039e-03
1.961194677278399467e-03 1.978516578674316406e-03 1.946986885741353035e-03 1.979482360184192657e-03
1.944499206729233265e-03 1.953222788870334625e-03 1.917157438583672047e-03 1.957229105755686760e-03
1.928362529724836349e-03 1.929945312440395355e-03 1.887966296635568142e-03 1.935240114107728004e-03
1.911847619339823723e-03 1.905593089759349823e-03 1.859528594650328159e-03 1.912986859679222107e-03
1.895083347335457802e-03 1.880974159575998783e-03 1.831454457715153694e-03 1.890656887553632259e-03
1.878310460597276688e-03 1.856796909123659134e-03 1.803371356800198555e-03 1.868412131443619728e-03
1.862010452896356583e-03 1.833302667364478111e-03 1.774907112121582031e-03 1.846337923780083656e-03
1.845349324867129326e-03 1.808717148378491402e-03 1.747355912812054157e-03 1.823999336920678616e-03
1.828817185014486313e-03 1.784581458196043968e-03 1.720212516374886036e-03 1.801882521249353886e-03
1.812173286452889442e-03 1.760779065079987049e-03 1.693405909463763237e-03 1.779825426638126373e-03
1.794833107851445675e-03 1.736460137180984020e-03 1.667033648118376732e-03 1.757333404384553432e-03
1.778240781277418137e-03 1.712632714770734310e-03 1.639739610254764557e-03 1.734423683956265450e-03
1.761510851792991161e-03 1.689030206762254238e-03 1.613083644770085812e-03 1.712076598778367043e-03
1.744600478559732437e-03 1.665386138483881950e-03 1.586773549206554890e-03 1.689968281425535679e-03
1.727586844936013222e-03 1.641716924495995045e-03 1.560782548040151596e-03 1.667766249738633633e-03
1.710865646600723267e-03 1.618930953554809093e-03 1.536059076897799969e-03 1.644958741962909698e-03
1.693955156952142715e-03 1.594861969351768494e-03 1.510351779870688915e-03 1.622296287678182125e-03
1.676872838288545609e-03 1.571167842485010624e-03 1.485238317400217056e-03 1.599761657416820526e-03
1.659446628764271736e-03 1.547915278933942318e-03 1.460639061406254768e-03 1.577295246534049511e-03
1.641435781493782997e-03 1.524637802504003048e-03 1.435853657312691212e-03 1.554777612909674644e-03
1.624190132133662701e-03 1.501693506725132465e-03 1.411600038409233093e-03 1.532243099063634872e-03
1.606523175723850727e-03 1.478715799748897552e-03 1.387940370477735996e-03 1.510117668658494949e-03
1.588830375112593174e-03 1.455929828807711601e-03 1.364493509754538536e-03 1.487830304540693760e-03
1.571343978866934776e-03 1.433493685908615589e-03 1.341144088655710220e-03 1.465108129195868969e-03
1.553874812088906765e-03 1.411657547578215599e-03 1.318424125202000141e-03 1.442343345843255520e-03
1.535649062134325504e-03 1.389238052070140839e-03 1.296032103709876537e-03 1.420064480043947697e-03
1.517818775027990341e-03 1.366702024824917316e-03 1.273409696295857430e-03 1.397726009599864483e-03
1.500280690379440784e-03 1.344682415947318077e-03 1.251097419299185276e-03 1.375455642119050026e-03
1.482536434195935726e-03 1.323795993812382221e-03 1.229982008226215839e-03 1.353509374894201756e-03
1.464302069507539272e-03 1.301551470533013344e-03 1.208777772262692451e-03 1.331324339844286442e-03
1.446136506274342537e-03 1.280315103940665722e-03 1.187804155051708221e-03 1.309275627136230469e-03
1.428151503205299377e-03 1.259378623217344284e-03 1.167220529168844223e-03 1.287175924517214298e-03
1.410278142429888248e-03 1.238392200320959091e-03 1.147053553722798824e-03 1.265033497475087643e-03
1.391863333992660046e-03 1.217314158566296101e-03 1.127001829445362091e-03 1.243095728568732738e-03
1.373525708913803101e-03 1.197369070723652840e-03 1.107366755604743958e-03 1.221652375534176826e-03
1.355257001705467701e-03 1.177115831524133682e-03 1.088538323529064655e-03 1.200158032588660717e-03
1.337125780992209911e-03 1.156737562268972397e-03 1.069904887117445469e-03 1.178655074909329414e-03
1.319200964644551277e-03 1.136809121817350388e-03 1.050606602802872658e-03 1.157305552624166012e-03
1.300614094361662865e-03 1.117730513215065002e-03 1.032948377542197704e-03 1.136535895057022572e-03
1.282611861824989319e-03 1.098260399885475636e-03 1.015041838400065899e-03 1.115356921218335629e-03
1.264515100046992302e-03 1.078956876881420612e-03 9.974810527637600899e-04 1.094356994144618511e-03
1.246057217940688133e-03 1.060086535289883614e-03 9.804433211684226990e-04 1.073689665645360947e-03
1.227564993314445019e-03 1.041716081090271473e-03 9.636271279305219650e-04 1.052851672284305096e-03
1.209536916576325893e-03 1.023478922434151173e-03 9.470059885643422604e-04 1.032695872709155083e-03
1.191740971989929676e-03 1.005316851660609245e-03 9.311205940321087837e-04 1.012437744066119194e-03
1.173884957097470760e-03 9.874962270259857178e-04 9.155631996691226959e-04 9.923330508172512054e-04
1.155667821876704693e-03 9.703254909254610538e-04 8.997842087410390377e-04 9.728508302941918373e-04
1.137614017352461815e-03 9.529048693366348743e-04 8.848739671520888805e-04 9.536499273963272572e-04
1.119637512601912022e-03 9.359507239423692226e-04 8.703359635546803474e-04 9.344064164906740189e-04
1.101798610761761665e-03 9.194714948534965515e-04 8.560019196011126041e-04 9.151202393695712090e-04
1.084088697098195553e-03 9.033921523950994015e-04 8.418540237471461296e-04 8.959875558502972126e-04
1.066275639459490776e-03 8.873794577084481716e-04 8.279454195871949196e-04 8.775711175985634327e-04
1.048660255037248135e-03 8.717167074792087078e-04 8.144712192006409168e-04 8.590096840634942055e-04
1.031354302540421486e-03 8.563455194234848022e-04 8.015821222215890884e-04 8.408233989030122757e-04
1.014117267914116383e-03 8.410659502260386944e-04 7.890386623330414295e-04 8.230378152802586555e-04
9.967340156435966492e-04 8.257614681497216225e-04 7.765839109197258949e-04 8.056274382397532463e-04
9.798493701964616776e-04 8.115232922136783600e-04 7.644128054380416870e-04 7.883619982749223709e-04
9.626982500776648521e-04 7.974018226377665997e-04 7.524722022935748100e-04 7.714290404692292213e-04
9.457448613829910755e-04 7.834886200726032257e-04 7.410811376757919788e-04 7.547433488070964813e-04
9.290751768276095390e-04 7.698586559854447842e-04 7.301954319700598717e-04 7.383305346593260765e-04
9.123023482970893383e-04 7.565119885839521885e-04 7.191944168880581856e-04 7.222758140414953232e-04
8.959937258623540401e-04 7.436068844981491566e-04 7.088671554811298847e-04 7.062380900606513023e-04
8.798140333965420723e-04 7.308516651391983032e-04 6.985132931731641293e-04 6.907460629008710384e-04
8.638063445687294006e-04 7.182548288255929947e-04 6.882480811327695847e-04 6.756462971679866314e-04
8.481339318677783012e-04 7.059245835989713669e-04 6.783552234992384911e-04 6.607681280001997948e-04
8.320746128447353840e-04 6.945607019588351250e-04 6.692158058285713196e-04 6.463163299486041069e-04
8.165225153788924217e-04 6.831219070591032505e-04 6.602625362575054169e-04 6.320350221358239651e-04
8.013057522475719452e-04 6.718330550938844681e-04 6.513890693895518780e-04 6.180947530083358288e-04
7.862781058065593243e-04 6.607940886169672012e-04 6.426308536902070045e-04 6.044784677214920521e-04
7.713793893344700336e-04 6.502300384454429150e-04 6.342803826555609703e-04 5.911862244829535484e-04
7.567643770016729832e-04 6.402158760465681553e-04 6.264263065531849861e-04 5.785590037703514099e-04
7.422783528454601765e-04 6.300933891907334328e-04 6.186431855894625187e-04 5.660511087626218796e-04
7.280416321009397507e-04 6.201209034770727158e-04 6.109753157943487167e-04 5.537564284168183804e-04
7.141917594708502293e-04 6.106482469476759434e-04 6.035644910298287868e-04 5.418880027718842030e-04
7.002559723332524300e-04 6.013088859617710114e-04 5.965260206721723080e-04 5.304971127770841122e-04
6.866124458611011505e-04 5.927027086727321148e-04 5.896647926419973373e-04 5.193022661842405796e-04
6.733385962434113026e-04 5.841298261657357216e-04 5.829365691170096397e-04 5.084399599581956863e-04
6.604687660001218319e-04 5.755819729529321194e-04 5.764387897215783596e-04 4.979954101145267487e-04
6.478569121100008488e-04 5.676922155544161797e-04 5.704552168026566505e-04 4.879089538007974625e-04
6.352708442136645317e-04 5.597441922873258591e-04 5.644627381116151810e-04 4.781294846907258034e-04
6.230114377103745937e-04 5.520961130969226360e-04 5.588248604908585548e-04 4.687507171183824539e-04
6.111217080615460873e-04 5.447812727652490139e-04 5.532135255634784698e-04 4.597300430759787560e-04
5.995156825520098209e-04 5.377496709115803242e-04 5.473362980410456657e-04 4.509310529101639986e-04
5.880128010176122189e-04 5.310013657435774803e-04 5.426114657893776894e-04 4.424049111548811197e-04
5.768882110714912415e-04 5.243780324235558510e-04 5.376118351705372334e-04 4.345437919255346060e-04
5.659699672833085060e-04 5.180545849725604057e-04 5.327539984136819839e-04 4.269043565727770329e-04
5.552150541916489601e-04 5.120144342072308064e-04 5.281089688651263714e-04 4.193843051325529814e-04
5.447610164992511272e-04 5.060908733867108822e-04 5.234904820099473000e-04 4.121711826883256435e-04
5.347626283764839172e-04 5.005672574043273926e-04 5.191025556996464729e-04 4.054525634273886681e-04
5.249018431641161442e-04 4.952186136506497860e-04 5.149804637767374516e-04 3.990664845332503319e-04
5.154106765985488892e-04 4.899865598417818546e-04 5.109914345666766167e-04 3.929702797904610634e-04
5.064181750640273094e-04 4.848211829084903002e-04 5.070111947134137154e-04 3.871469234582036734e-04
4.972708993591368198e-04 4.801306640729308128e-04 5.031994078308343887e-04 3.817328251898288727e-04
4.886308452114462852e-04 4.755984700750559568e-04 4.996624193154275417e-04 3.766853187698870897e-04
4.803002811968326569e-04 4.711828951258212328e-04 4.962229868397116661e-04 3.718851075973361731e-04
4.721760633401572704e-04 4.669672634918242693e-04 4.928632988594472408e-04 3.673150786198675632e-04
4.642581916414201260e-04 4.631265765056014061e-04 4.897075123153626919e-04 3.630434803199023008e-04
4.568131407722830772e-04 4.592275363393127918e-04 4.866137460339814425e-04 3.590788401197642088e-04
4.494884342420846224e-04 4.555367922876030207e-04 4.836529551539570093e-04 3.554381546564400196e-04
4.424560465849936008e-04 4.521209630183875561e-04 4.807808436453342438e-04 3.520703467074781656e-04
4.358363221399486065e-04 4.489800776354968548e-04 4.779530281666666269e-04 3.489241935312747955e-04
4.292595840524882078e-04 4.458891926333308220e-04 4.753822868224233389e-04 3.462384338490664959e-04
4.232072387821972370e-04 4.429815744515508413e-04 4.728824715130031109e-04 3.436976694501936436e-04
4.174128407612442970e-04 4.402156046126037836e-04 4.704269813373684883e-04 3.414211678318679333e-04
4.117817734368145466e-04 4.375495773274451494e-04 4.680157871916890144e-04 3.394089872017502785e-04
4.062280640937387943e-04 4.348835791461169720e-04 4.656312230508774519e-04 3.375758824404329062e-04
4.013965080957859755e-04 4.328174400143325329e-04 4.635480290744453669e-04 3.359644324518740177e-04
3.965821815654635429e-04 4.306679766159504652e-04 4.614382633008062840e-04 3.345490840729326010e-04
3.919483569916337729e-04 4.284935130272060633e-04 4.593373450916260481e-04 3.333469212520867586e-04
3.876756236422806978e-04 4.264273447915911674e-04 4.573250771500170231e-04 3.323834389448165894e-04
3.836779796984046698e-04 4.246611206326633692e-04 4.556585336104035378e-04 3.317695809528231621e-04
3.798694815486669540e-04 4.229782207403331995e-04 4.538235662039369345e-04 3.313688503112643957e-04
3.762501291930675507e-04 4.214619111735373735e-04 4.519708454608917236e-04 3.310704196337610483e-04
3.728370938915759325e-04 4.200456023681908846e-04 4.502245283219963312e-04 3.309510648250579834e-04
3.697335778269916773e-04 4.185209982097148895e-04 4.487352853175252676e-04 3.312324115540832281e-04
3.668793360702693462e-04 4.173879278823733330e-04 4.471485153771936893e-04 3.314626228529959917e-04
3.642486408352851868e-04 4.162548866588622332e-04 4.457922186702489853e-04 3.318718809168785810e-04
3.618500777520239353e-04 4.151218163315206766e-04 4.444359510671347380e-04 3.324004937894642353e-04
3.596922033466398716e-04 4.140304226893931627e-04 4.429378313943743706e-04 3.330399631522595882e-04
3.577836614567786455e-04 4.131889727432280779e-04 4.416879091877490282e-04 3.340801631566137075e-04
3.559266915544867516e-04 4.124391707591712475e-04 4.404114151839166880e-04 3.351714985910803080e-04
3.543276397977024317e-04 4.118143115192651749e-04 4.391880938783288002e-04 3.363736905157566071e-04
3.530208778101950884e-04 4.112394526600837708e-04 4.380268219392746687e-04 3.376867098268121481e-04
3.519204619806259871e-04 4.105229745618999004e-04 4.368744266685098410e-04 3.390082856640219688e-04
3.508544177748262882e-04 4.101230588275939226e-04 4.358018049970269203e-04 3.405770985409617424e-04
3.500634920783340931e-04 4.098148201592266560e-04 4.347735084593296051e-04 3.422141016926616430e-04
3.494617121759802103e-04 4.095065523870289326e-04 4.338427388574928045e-04 3.439278516452759504e-04
3.489544906187802553e-04 4.091566370334476233e-04 4.330094670876860619e-04 3.457609855104237795e-04
3.486450004857033491e-04 4.089066933374851942e-04 4.318481951486319304e-04 3.476793644949793816e-04
3.485332126729190350e-04 4.087650740984827280e-04 4.310149233788251877e-04 3.496659628581255674e-04
3.485848137643188238e-04 4.086317785549908876e-04 4.302082525100558996e-04 3.517463337630033493e-04
3.487825451884418726e-04 4.085068067070096731e-04 4.293838283047080040e-04 3.539034514687955379e-04
3.491264360491186380e-04 4.084734828211367130e-04 4.286480834707617760e-04 3.560520417522639036e-04
3.496164572425186634e-04 4.085318068973720074e-04 4.279034619685262442e-04 3.582773788366466761e-04
3.501236787997186184e-04 4.086817498318850994e-04 4.271854122634977102e-04 3.605538513511419296e-04
3.508200461510568857e-04 4.088233981747180223e-04 4.264762392267584801e-04 3.628559061326086521e-04
3.517915029078722000e-04 4.089150461368262768e-04 4.257759428583085537e-04 3.651835431810468435e-04
3.526426153257489204e-04 4.092066374141722918e-04 4.252617945894598961e-04 3.675708721857517958e-04
3.536828735377639532e-04 4.093482566531747580e-04 4.247121978551149368e-04 3.700008383020758629e-04
3.548520617187023163e-04 4.096148768439888954e-04 4.240916750859469175e-04 3.723625850398093462e-04
3.561072226148098707e-04 4.099981160834431648e-04 4.234977532178163528e-04 3.746902220882475376e-04
3.573624126147478819e-04 4.103230312466621399e-04 4.231077036820352077e-04 3.771883784793317318e-04
3.589184780139476061e-04 4.106645938009023666e-04 4.226556047797203064e-04 3.796012606471776962e-04
3.604315570555627346e-04 4.110478330403566360e-04 4.221857816446572542e-04 3.820056444965302944e-04
3.620048228185623884e-04 4.114060720894485712e-04 4.217691312078386545e-04 3.844015009235590696e-04
3.637070185504853725e-04 4.117310163564980030e-04 4.214234359096735716e-04 3.868144121952354908e-04
3.652802843134850264e-04 4.122808750253170729e-04 4.211131599731743336e-04 3.891505766659975052e-04
3.671028534881770611e-04 4.127140855416655540e-04 4.207763122394680977e-04 3.914526314474642277e-04
3.689770237542688847e-04 4.131473251618444920e-04 4.204926372040063143e-04 3.937802684959024191e-04
3.708769800141453743e-04 4.136471834499388933e-04 4.202089621685445309e-04 3.960993781220167875e-04
3.728285082615911961e-04 4.142303951084613800e-04 4.197923408355563879e-04 3.983076603617519140e-04
3.747370501514524221e-04 4.147219297010451555e-04 4.196859663352370262e-04 4.005073860753327608e-04
3.767315647564828396e-04 4.152467881795018911e-04 4.195441142655909061e-04 4.026474489364773035e-04
3.787862660828977823e-04 4.158216470386832952e-04 4.193668428342789412e-04 4.047193215228617191e-04
3.808753390330821276e-04 4.164548299740999937e-04 4.191806656308472157e-04 4.067314730491489172e-04
3.829644410870969296e-04 4.170796892140060663e-04 4.189945175312459469e-04 4.087692359462380409e-04
3.850105276796966791e-04 4.176045476924628019e-04 4.188792663626372814e-04 4.107387794647365808e-04
3.871254157274961472e-04 4.181544063612818718e-04 4.188349703326821327e-04 4.126059939153492451e-04
3.892832610290497541e-04 4.187459417153149843e-04 4.188172169961035252e-04 4.143794358242303133e-04
3.913293767254799604e-04 4.193207714706659317e-04 4.187374433968216181e-04 4.160846874583512545e-04
3.934012493118643761e-04 4.199539544060826302e-04 4.187640442978590727e-04 4.178410745225846767e-04
3.955075226258486509e-04 4.205788136459887028e-04 4.187906451988965273e-04 4.194354405626654625e-04
3.975794243160635233e-04 4.212036437820643187e-04 4.188349703326821327e-04 4.209275357425212860e-04
3.996083396486938000e-04 4.218451504129916430e-04 4.188970196992158890e-04 4.223599098622798920e-04
4.016888269688934088e-04 4.224450094625353813e-04 4.189324681647121906e-04 4.238093679305166006e-04
4.037263279315084219e-04 4.231365164741873741e-04 4.190033941995352507e-04 4.250797501299530268e-04
4.057294281665235758e-04 4.238113469909876585e-04 4.191008920315653086e-04 4.262989968992769718e-04
4.076981567777693272e-04 4.244528536219149828e-04 4.192338674329221249e-04 4.274756065569818020e-04
4.095809126738458872e-04 4.250943602528423071e-04 4.194200155325233936e-04 4.286010516807436943e-04
4.115152405574917793e-04 4.257025429978966713e-04 4.196327645331621170e-04 4.295730323065072298e-04
4.133979964535683393e-04 4.263523733243346214e-04 4.199075629003345966e-04 4.305024049244821072e-04
4.152377659920603037e-04 4.270105273462831974e-04 4.201291885692626238e-04 4.313550016377121210e-04
4.170517495367676020e-04 4.276520630810409784e-04 4.202444397378712893e-04 4.321223532315343618e-04
4.187453887425363064e-04 4.282935697119683027e-04 4.205192381050437689e-04 4.327788774389773607e-04
4.204389988444745541e-04 4.288850759621709585e-04 4.208029131405055523e-04 4.334012919571250677e-04
4.220810369588434696e-04 4.295432590879499912e-04 4.210599872749298811e-04 4.339640145190060139e-04
4.236628883518278599e-04 4.302347369957715273e-04 4.213436332065612078e-04 4.344585177022963762e-04
4.251845821272581816e-04 4.308595962356775999e-04 4.217336827423423529e-04 4.348166403360664845e-04
4.267062467988580465e-04 4.314094549044966698e-04 4.220882547087967396e-04 4.350894596427679062e-04
4.281419678591191769e-04 4.320009611546993256e-04 4.224162548780441284e-04 4.353537806309759617e-04
4.295088874641805887e-04 4.326341440901160240e-04 4.227442550472915173e-04 4.355157725512981415e-04
4.308414354454725981e-04 4.332923272158950567e-04 4.230988270137459040e-04 4.355413548182696104e-04
4.320880107115954161e-04 4.339671577326953411e-04 4.235154774505645037e-04 4.356095450930297375e-04
4.332228272687643766e-04 4.344836925156414509e-04 4.238966503180563450e-04 4.355669370852410793e-04
4.343232430983334780e-04 4.350918752606958151e-04 4.242955474182963371e-04 4.354304983280599117e-04
4.343232430983334780e-04 4.350918752606958151e-04 4.242955474182963371e-04 4.354304983280599117e-04
