1.507622282952070236e-02 4.701440781354904175e-02 8.471731096506118774e-03 1.312646269798278809e-02
1.505417004227638245e-02 4.697650298476219177e-02 8.450416848063468933e-03 1.312218327075242996e-02
1.502510532736778259e-02 4.693830013275146484e-02 8.432922884821891785e-03 1.311392895877361298e-02
1.499505713582038879e-02 4.690006375312805176e-02 8.415973745286464691e-03 1.310511492192745209e-02
1.496739592403173447e-02 4.686217755079269409e-02 8.399643935263156891e-03 1.309356745332479477e-02
1.494499761611223221e-02 4.682507738471031189e-02 8.384685963392257690e-03 1.307603996247053146e-02
1.492259278893470764e-02 4.678795486688613892e-02 8.369722403585910797e-03 1.305850874632596970e-02
1.489526033401489258e-02 4.674104973673820496e-02 8.351802825927734375e-03 1.304060593247413635e-02
1.486628036946058273e-02 4.669087007641792297e-02 8.332895115017890930e-03 1.302257832139730453e-02
1.483751926571130753e-02 4.664015769958496094e-02 8.313057012856006622e-03 1.300485339015722275e-02
1.480965595692396164e-02 4.658706486225128174e-02 8.289173245429992676e-03 1.298841554671525955e-02
1.478179078549146652e-02 4.653397575020790100e-02 8.265290409326553345e-03 1.297198142856359482e-02
1.475092396140098572e-02 4.648025333881378174e-02 8.242116309702396393e-03 1.295470632612705231e-02
1.471824850887060165e-02 4.642613604664802551e-02 8.219360373914241791e-03 1.293692272156476974e-02
1.468561869114637375e-02 4.637191817164421082e-02 8.196556009352207184e-03 1.291914191097021103e-02
1.465349830687046051e-02 4.631622135639190674e-02 8.172957226634025574e-03 1.290129497647285461e-02
1.462138723582029343e-02 4.626053944230079651e-02 8.149365894496440887e-03 1.288345269858837128e-02
1.458659209311008453e-02 4.620088264346122742e-02 8.125232532620429993e-03 1.286346279084682465e-02
1.454914081841707230e-02 4.613730311393737793e-02 8.100575767457485199e-03 1.284134481102228165e-02
1.451167836785316467e-02 4.607370123267173767e-02 8.075911551713943481e-03 1.281921751797199249e-02
1.447398401796817780e-02 4.600990936160087585e-02 8.051251061260700226e-03 1.279716938734054565e-02
1.443626359105110168e-02 4.594608768820762634e-02 8.026586845517158508e-03 1.277511846274137497e-02
1.439769379794597626e-02 4.588117077946662903e-02 7.999815046787261963e-03 1.275316253304481506e-02
1.435769721865653992e-02 4.581442475318908691e-02 7.969537749886512756e-03 1.273135002702474594e-02
1.431770995259284973e-02 4.574770107865333557e-02 7.939269766211509705e-03 1.270954310894012451e-02
1.427785307168960571e-02 4.567540809512138367e-02 7.913322187960147858e-03 1.268743351101875305e-02
1.423804089426994324e-02 4.560188204050064087e-02 7.888374850153923035e-03 1.266526617109775543e-02
1.419718004763126373e-02 4.552832990884780884e-02 7.861648686230182648e-03 1.264240313321352005e-02
1.415324769914150238e-02 4.545482248067855835e-02 7.829654961824417114e-03 1.261750608682632446e-02
1.410930417478084564e-02 4.538130387663841248e-02 7.797652389854192734e-03 1.259259972721338272e-02
1.406426820904016495e-02 4.530457779765129089e-02 7.766687311232089996e-03 1.256747823208570480e-02
1.401872560381889343e-02 4.522636160254478455e-02 7.736180908977985382e-03 1.254224963486194611e-02
1.397318392992019653e-02 4.514776170253753662e-02 7.705510593950748444e-03 1.251681428402662277e-02
1.392756123095750809e-02 4.506634548306465149e-02 7.673651445657014847e-03 1.248990464955568314e-02
1.388195157051086426e-02 4.498494416475296021e-02 7.641797885298728943e-03 1.246300153434276581e-02
1.383530069142580032e-02 4.490141198039054871e-02 7.609481923282146454e-03 1.243530958890914917e-02
1.378786750137805939e-02 4.481627047061920166e-02 7.576816249638795853e-03 1.240702532231807709e-02
1.374041475355625153e-02 4.473109543323516846e-02 7.544140331447124481e-03 1.237873267382383347e-02
1.369121298193931580e-02 4.464440792798995972e-02 7.509108167141675949e-03 1.234910730272531509e-02
1.364200096577405930e-02 4.455769062042236328e-02 7.474068086594343185e-03 1.231948006898164749e-02
1.359153818339109421e-02 4.446876421570777893e-02 7.439420092850923538e-03 1.229023374617099762e-02
1.353945396840572357e-02 4.437699541449546814e-02 7.405253127217292786e-03 1.226146332919597626e-02
1.348738465458154678e-02 4.428525641560554504e-02 7.371095474809408188e-03 1.223269663751125336e-02
1.343714818358421326e-02 4.419208690524101257e-02 7.335656322538852692e-03 1.220179535448551178e-02
1.338718459010124207e-02 4.409873858094215393e-02 7.300048600882291794e-03 1.217060349881649017e-02
1.333471294492483139e-02 4.400425776839256287e-02 7.264419924467802048e-03 1.213935110718011856e-02
1.327680423855781555e-02 4.390735924243927002e-02 7.228777278214693069e-03 1.210800278931856155e-02
1.321888249367475510e-02 4.381042718887329102e-02 7.193125318735837936e-03 1.207664236426353455e-02
1.316534169018268585e-02 4.371121153235435486e-02 7.157776039093732834e-03 1.204301416873931885e-02
1.311322953552007675e-02 4.361119121313095093e-02 7.122514303773641586e-03 1.200862508267164230e-02
1.305995788425207138e-02 4.351063072681427002e-02 7.086459081619977951e-03 1.197477895766496658e-02
1.300166174769401550e-02 4.340760037302970886e-02 7.046967744827270508e-03 1.194323226809501648e-02
1.294335164129734039e-02 4.330454766750335693e-02 7.007465697824954987e-03 1.191168371587991714e-02
1.288607250899076462e-02 4.320037364959716797e-02 6.968969013541936874e-03 1.187994517385959625e-02
1.282938290387392044e-02 4.309549927711486816e-02 6.931056734174489975e-03 1.184807904064655304e-02
1.277290936559438705e-02 4.299039393663406372e-02 6.893112789839506149e-03 1.181584037840366364e-02
1.271934621036052704e-02 4.288173094391822815e-02 6.854562554508447647e-03 1.177798863500356674e-02
1.266579702496528625e-02 4.277310892939567566e-02 6.816022098064422607e-03 1.174014527350664139e-02
1.260859984904527664e-02 4.266382381319999695e-02 6.778073031455278397e-03 1.170477643609046936e-02
1.254780963063240051e-02 4.255394265055656433e-02 6.740733049809932709e-03 1.167188119143247604e-02
1.248701941221952438e-02 4.244406521320343018e-02 6.703394930809736252e-03 1.163898222148418427e-02
1.242577843368053436e-02 4.232981801033020020e-02 6.663196254521608353e-03 1.159995887428522110e-02
1.236452255398035049e-02 4.221531748771667480e-02 6.622824352234601974e-03 1.156054809689521790e-02
1.230398193001747131e-02 4.210019856691360474e-02 6.582622881978750229e-03 1.152271125465631485e-02
1.224466506391763687e-02 4.198411107063293457e-02 6.542730610817670822e-03 1.148750167340040207e-02
1.218533143401145935e-02 4.186799004673957825e-02 6.502828095108270645e-03 1.145228371024131775e-02
1.212229672819375992e-02 4.174977168440818787e-02 6.462808698415756226e-03 1.141543965786695480e-02
1.205841638147830963e-02 4.163108021020889282e-02 6.422758568078279495e-03 1.137822214514017105e-02
1.199562009423971176e-02 4.151184856891632080e-02 6.382655818015336990e-03 1.133989542722702026e-02
1.193611044436693192e-02 4.139119386672973633e-02 6.342435721307992935e-03 1.129831094294786453e-02
1.187658682465553284e-02 4.127050936222076416e-02 6.302203517407178879e-03 1.125671435147523880e-02
1.181322615593671799e-02 4.114909097552299500e-02 6.262852344661951065e-03 1.121711730957031250e-02
1.174812484532594681e-02 4.102734476327896118e-02 6.223892327398061752e-03 1.117841992527246475e-02
1.168345380574464798e-02 4.090497270226478577e-02 6.184580270200967789e-03 1.113964617252349854e-02
1.162187568843364716e-02 4.077856987714767456e-02 6.142911966890096664e-03 1.110043004155158997e-02
1.156029757112264633e-02 4.065218195319175720e-02 6.101243663579225540e-03 1.106121484190225601e-02
1.149819232523441315e-02 4.052475467324256897e-02 6.059657316654920578e-03 1.102083642035722733e-02
1.143570337444543839e-02 4.039657860994338989e-02 6.018152926117181778e-03 1.097957976162433624e-02
1.137319859117269516e-02 4.026836901903152466e-02 5.976639688014984131e-03 1.093831192702054977e-02
1.130664627999067307e-02 4.013961926102638245e-02 5.935738328844308853e-03 1.089733187109231949e-02
1.124009396880865097e-02 4.001086950302124023e-02 5.894836504012346268e-03 1.085635367780923843e-02
1.117416191846132278e-02 3.988029062747955322e-02 5.854894407093524933e-03 1.081504207104444504e-02
1.110906712710857391e-02 3.974746167659759521e-02 5.816203542053699493e-03 1.077332906424999237e-02
1.104396861046552658e-02 3.961461782455444336e-02 5.777512211352586746e-03 1.073161698877811432e-02
1.097880490124225616e-02 3.948061913251876831e-02 5.738480947911739349e-03 1.069022342562675476e-02
1.091365236788988113e-02 3.934647887945175171e-02 5.699411965906620026e-03 1.064888853579759598e-02
1.084877271205186844e-02 3.921164199709892273e-02 5.659366492182016373e-03 1.060722488909959793e-02
1.078446768224239349e-02 3.907522559165954590e-02 5.617168266326189041e-03 1.056484039872884750e-02
1.072017941623926163e-02 3.893884271383285522e-02 5.574980750679969788e-03 1.052246522158384323e-02
1.065371558070182800e-02 3.880303725600242615e-02 5.534425377845764160e-03 1.047916710376739502e-02
1.058651134371757507e-02 3.866738453507423401e-02 5.494399927556514740e-03 1.043555047363042831e-02
1.051986496895551682e-02 3.853082656860351562e-02 5.454208701848983765e-03 1.039217133074998856e-02
1.045553479343652725e-02 3.839027509093284607e-02 5.413252394646406174e-03 1.034977845847606659e-02
1.039118506014347076e-02 3.824967890977859497e-02 5.372285842895507812e-03 1.030737347900867462e-02
1.032631844282150269e-02 3.810876607894897461e-02 5.333497188985347748e-03 1.026164554059505463e-02
1.026113796979188919e-02 3.796761855483055115e-02 5.296005867421627045e-03 1.021392364054918289e-02
1.019591465592384338e-02 3.782647475600242615e-02 5.258344113826751709e-03 1.016649790108203888e-02
1.013036072254180908e-02 3.768602386116981506e-02 5.218332167714834213e-03 1.012360490858554840e-02
1.006480865180492401e-02 3.754556179046630859e-02 5.178318358957767487e-03 1.008071471005678177e-02
9.998298250138759613e-03 3.740371018648147583e-02 5.139193031936883926e-03 1.003813277930021286e-02
9.930816479027271271e-03 3.726043552160263062e-02 5.100939422845840454e-03 9.995844215154647827e-03
9.863351471722126007e-03 3.711720556020736694e-02 5.062696058303117752e-03 9.953566826879978180e-03
9.798578917980194092e-03 3.697032481431961060e-02 5.024727433919906616e-03 9.907054714858531952e-03
9.733965620398521423e-03 3.682316839694976807e-02 4.986768122762441635e-03 9.860251098871231079e-03
9.669413790106773376e-03 3.667680546641349792e-02 4.948950372636318207e-03 9.813965298235416412e-03
9.604936465620994568e-03 3.653171285986900330e-02 4.911351948976516724e-03 9.768513031303882599e-03
9.540459141135215759e-03 3.638661652803421021e-02 4.873752593994140625e-03 9.723064489662647247e-03
9.475309401750564575e-03 3.623929619789123535e-02 4.835863132029771805e-03 9.677994064986705780e-03
9.410029277205467224e-03 3.609149903059005737e-02 4.797918722033500671e-03 9.633025154471397400e-03
9.345141239464282990e-03 3.594329580664634705e-02 4.760270938277244568e-03 9.588108398020267487e-03
9.281439706683158875e-03 3.579386696219444275e-02 4.723507910966873169e-03 9.543351829051971436e-03
9.217739105224609375e-03 3.564442694187164307e-02 4.686746280640363693e-03 9.498594328761100769e-03
9.154020808637142181e-03 3.549408167600631714e-02 4.649180453270673752e-03 9.452297352254390717e-03
9.090319275856018066e-03 3.534337505698204041e-02 4.611261654645204544e-03 9.405313059687614441e-03
9.026510640978813171e-03 3.519244864583015442e-02 4.573445301502943039e-03 9.358300827443599701e-03
8.961958810687065125e-03 3.503997623920440674e-02 4.536336287856101990e-03 9.311087429523468018e-03
8.897391147911548615e-03 3.488745912909507751e-02 4.499216098338365555e-03 9.263861924409866333e-03
8.834049105644226074e-03 3.473602235317230225e-02 4.463645163923501968e-03 9.218311868607997894e-03
8.771649561822414398e-03 3.458541259169578552e-02 4.429268650710582733e-03 9.174058213829994202e-03
8.709246292710304260e-03 3.443479537963867188e-02 4.394894000142812729e-03 9.129800833761692047e-03
8.644949644804000854e-03 3.428228944540023804e-02 4.359776619821786880e-03 9.083044715225696564e-03
8.580653928220272064e-03 3.412977233529090881e-02 4.324660636484622955e-03 9.036281146109104156e-03
8.517700247466564178e-03 3.397603332996368408e-02 4.290029406547546387e-03 8.990010246634483337e-03
8.456524461507797241e-03 3.382078185677528381e-02 4.256044514477252960e-03 8.944395929574966431e-03
8.395345881581306458e-03 3.366554155945777893e-02 4.222061485052108765e-03 8.898781612515449524e-03
8.333444595336914062e-03 3.351068496704101562e-02 4.188251215964555740e-03 8.850655518472194672e-03
8.271440863609313965e-03 3.335589542984962463e-02 4.154465626925230026e-03 8.802168071269989014e-03
8.209270425140857697e-03 3.320146352052688599e-02 4.120934754610061646e-03 8.754635229706764221e-03
8.146714419126510620e-03 3.304778784513473511e-02 4.087956622242927551e-03 8.709204383194446564e-03
8.084172382950782776e-03 3.289414569735527039e-02 4.054987337440252304e-03 8.663784712553024292e-03
8.023081347346305847e-03 3.273725137114524841e-02 4.024824127554893494e-03 8.617300540208816528e-03
7.962472736835479736e-03 3.257927671074867249e-02 3.995600156486034393e-03 8.570459671318531036e-03
7.902044802904129028e-03 3.242208436131477356e-02 3.965675365179777145e-03 8.523716591298580170e-03
7.842393592000007629e-03 3.226834163069725037e-02 3.932686522603034973e-03 8.477404713630676270e-03
7.782742846757173538e-03 3.211461380124092102e-02 3.899697680026292801e-03 8.431095629930496216e-03
7.724985014647245407e-03 3.195866569876670837e-02 3.868802450597286224e-03 8.383913896977901459e-03
7.668371777981519699e-03 3.180139511823654175e-02 3.839173587039113045e-03 8.336209692060947418e-03
7.611586246639490128e-03 3.164397180080413818e-02 3.809681162238121033e-03 8.288571611046791077e-03
7.552346214652061462e-03 3.148473799228668213e-02 3.782464424148201942e-03 8.242210373282432556e-03
7.493106182664632797e-03 3.132551535964012146e-02 3.755247918888926506e-03 8.195845410227775574e-03
7.435067556798458099e-03 3.116780519485473633e-02 3.726736176759004593e-03 8.150033652782440186e-03
7.378239184617996216e-03 3.101162798702716827e-02 3.696923609822988510e-03 8.104782551527023315e-03
7.321410812437534332e-03 3.085543960332870483e-02 3.667110810056328773e-03 8.059525862336158752e-03
7.265710737556219101e-03 3.069808147847652435e-02 3.638827009126543999e-03 8.013118058443069458e-03
7.210087031126022339e-03 3.054063394665718079e-02 3.610647749155759811e-03 7.966628298163414001e-03
7.154760882258415222e-03 3.038401529192924500e-02 3.582662902772426605e-03 7.920438423752784729e-03
7.099927868694067001e-03 3.022875264286994934e-02 3.555003087967634201e-03 7.874757051467895508e-03
7.045094855129718781e-03 3.007348999381065369e-02 3.527344670146703720e-03 7.829072885215282440e-03
6.991310510784387589e-03 2.991511672735214233e-02 3.501055529341101646e-03 7.783138658851385117e-03
6.937775760889053345e-03 2.975601702928543091e-02 3.475090023130178452e-03 7.737146224826574326e-03
6.884436588734388351e-03 2.959702722728252411e-02 3.449423471465706825e-03 7.691057864576578140e-03
6.831709295511245728e-03 2.943836711347103119e-02 3.424670780077576637e-03 7.644678931683301926e-03
6.778979208320379257e-03 2.927970699965953827e-02 3.399918321520090103e-03 7.598297204822301865e-03
6.725294049829244614e-03 2.912199683487415314e-02 3.374424763023853302e-03 7.552118971943855286e-03
6.671164184808731079e-03 2.896471507847309113e-02 3.348589641973376274e-03 7.506027817726135254e-03
6.617450620979070663e-03 2.880739048123359680e-02 3.322870004922151566e-03 7.460128515958786011e-03
6.566772237420082092e-03 2.864982374012470245e-02 3.297994378954172134e-03 7.415583822876214981e-03
6.516097113490104675e-03 2.849224396049976349e-02 3.273118985816836357e-03 7.371039129793643951e-03
6.465637590736150742e-03 2.833536081016063690e-02 3.248387482017278671e-03 7.326215505599975586e-03
6.415350362658500671e-03 2.817900665104389191e-02 3.223770065233111382e-03 7.281165104359388351e-03
6.365063600242137909e-03 2.802266366779804230e-02 3.199154045432806015e-03 7.236117497086524963e-03
6.314618047326803207e-03 2.786557003855705261e-02 3.176986938342452049e-03 7.191974204033613205e-03
6.264169234782457352e-03 2.770847640931606293e-02 3.154828911647200584e-03 7.147830910980701447e-03
6.214409600943326950e-03 2.755120582878589630e-02 3.132305108010768890e-03 7.103399839252233505e-03
6.165548227727413177e-03 2.739371545612812042e-02 3.109303070232272148e-03 7.058587856590747833e-03
6.116686854511499405e-03 2.723621390759944916e-02 3.086300799623131752e-03 7.013775873929262161e-03
6.069333292543888092e-03 2.708013541996479034e-02 3.065507626160979271e-03 6.969135254621505737e-03
6.022189278155565262e-03 2.692422270774841309e-02 3.045036457479000092e-03 6.924503482878208160e-03
5.975575651973485947e-03 2.676809951663017273e-02 3.024689620360732079e-03 6.880447734147310257e-03
5.930143874138593674e-03 2.661148086190223694e-02 3.004619153216481209e-03 6.837682332843542099e-03
5.884714424610137939e-03 2.645486034452915192e-02 2.984548686072230339e-03 6.794916931539773941e-03
5.838607903569936752e-03 2.629985287785530090e-02 2.964059123769402504e-03 6.752520799636840820e-03
5.792274605482816696e-03 2.614540606737136841e-02 2.943423809483647346e-03 6.710249930620193481e-03
5.746298469603061676e-03 2.599089220166206360e-02 2.922941930592060089e-03 6.667516194283962250e-03
5.701946560293436050e-03 2.583613805472850800e-02 2.903150860220193863e-03 6.622713059186935425e-03
5.657583009451627731e-03 2.568134851753711700e-02 2.883355133235454559e-03 6.577898282557725906e-03
5.614194553345441818e-03 2.552680298686027527e-02 2.864928916096687317e-03 6.533833220601081848e-03
5.571406800299882889e-03 2.537241205573081970e-02 2.847348107025027275e-03 6.490230560302734375e-03
5.528695415705442429e-03 2.521800994873046875e-02 2.829773584380745888e-03 6.446814164519309998e-03
5.487253889441490173e-03 2.506344206631183624e-02 2.812302205711603165e-03 6.406528875231742859e-03
5.445821210741996765e-03 2.490891888737678528e-02 2.794836880639195442e-03 6.366251967847347260e-03
5.404124502092599869e-03 2.475529909133911133e-02 2.777112182229757309e-03 6.325419992208480835e-03
5.362167488783597946e-03 2.460264973342418671e-02 2.759124618023633957e-03 6.284021306782960892e-03
5.320210009813308716e-03 2.445001341402530670e-02 2.741137053817510605e-03 6.242622155696153641e-03
5.279800388962030411e-03 2.429847791790962219e-02 2.725627273321151733e-03 6.200496573001146317e-03
5.239517893642187119e-03 2.414707466959953308e-02 2.710308646783232689e-03 6.158327218145132065e-03
5.199139472097158432e-03 2.399569377303123474e-02 2.695094794034957886e-03 6.116576492786407471e-03
5.158613435924053192e-03 2.384443581104278564e-02 2.680069301277399063e-03 6.075569894164800644e-03
5.118084605783224106e-03 2.369317598640918732e-02 2.665043808519840240e-03 6.034563761204481125e-03
5.080517381429672241e-03 2.354257926344871521e-02 2.648317953571677208e-03 5.993827711790800095e-03
5.043658893555402756e-03 2.339210174977779388e-02 2.631171373650431633e-03 5.953146610409021378e-03
5.006803199648857117e-03 2.324203401803970337e-02 2.614661119878292084e-03 5.912335123866796494e-03
4.969972651451826096e-03 2.309329062700271606e-02 2.600156236439943314e-03 5.871125031262636185e-03
4.933131393045186996e-03 2.294451184570789337e-02 2.585646929219365120e-03 5.829906556755304337e-03
4.896114114671945572e-03 2.279662713408470154e-02 2.572033321484923363e-03 5.789795424789190292e-03
4.859017208218574524e-03 2.264916338026523590e-02 2.558847889304161072e-03 5.750210490077733994e-03
4.822189919650554657e-03 2.250184118747711182e-02 2.545452909544110298e-03 5.710654892027378082e-03
4.787380341440439224e-03 2.235522493720054626e-02 2.530421130359172821e-03 5.671256221830844879e-03
4.752571228891611099e-03 2.220861986279487610e-02 2.515390980988740921e-03 5.631857551634311676e-03
4.718407522886991501e-03 2.206264249980449677e-02 2.501819981262087822e-03 5.592827685177326202e-03
4.684754647314548492e-03 2.191711962223052979e-02 2.489425474777817726e-03 5.554086063057184219e-03
4.651101306080818176e-03 2.177159488201141357e-02 2.477030968293547630e-03 5.515341646969318390e-03
4.617612808942794800e-03 2.162707410752773285e-02 2.463327720761299133e-03 5.476492457091808319e-03
4.584118258208036423e-03 2.148253098130226135e-02 2.449606312438845634e-03 5.437631160020828247e-03
4.551238846033811569e-03 2.133816480636596680e-02 2.436764072626829147e-03 5.399305373430252075e-03
4.519167356193065643e-03 2.119395323097705841e-02 2.425096696242690086e-03 5.361677147448062897e-03
4.487095866352319717e-03 2.104974165558815002e-02 2.413430949673056602e-03 5.324048921465873718e-03
4.455057904124259949e-03 2.090676501393318176e-02 2.400468569248914719e-03 5.286214407533407211e-03
4.423014819622039795e-03 2.076394297182559967e-02 2.387298271059989929e-03 5.248338915407657623e-03
4.391768015921115875e-03 2.062163874506950378e-02 2.375152660533785820e-03 5.210664123296737671e-03
4.362351726740598679e-03 2.048044838011264801e-02 2.365390770137310028e-03 5.173436831682920456e-03
4.332947079092264175e-03 2.033929154276847839e-02 2.355631906539201736e-03 5.136216059327125549e-03
4.302896559238433838e-03 2.019859850406646729e-02 2.344539854675531387e-03 5.100355017930269241e-03
4.272618796676397324e-03 2.005809172987937927e-02 2.332971198484301567e-03 5.064980126917362213e-03
4.242743831127882004e-03 1.991789415478706360e-02 2.321452833712100983e-03 5.029436200857162476e-03
4.214736167341470718e-03 1.977906562387943268e-02 2.310161944478750229e-03 4.993046633899211884e-03
4.186731763184070587e-03 1.964026875793933868e-02 2.298872685059905052e-03 4.956665448844432831e-03
4.158341791480779648e-03 1.950215548276901245e-02 2.287689596414566040e-03 4.920275881886482239e-03
4.129713401198387146e-03 1.936453953385353088e-02 2.276579616591334343e-03 4.883897490799427032e-03
4.101156257092952728e-03 1.922697760164737701e-02 2.265528775751590729e-03 4.847586154937744141e-03
4.074104130268096924e-03 1.909109205007553101e-02 2.255718223750591278e-03 4.812827333807945251e-03
4.047043155878782272e-03 1.895518600940704346e-02 2.245904644951224327e-03 4.778056871145963669e-03
4.020314197987318039e-03 1.882001757621765137e-02 2.236060565337538719e-03 4.743283614516258240e-03
3.993919119238853455e-03 1.868556626141071320e-02 2.226177137345075607e-03 4.708484280854463577e-03
3.967532888054847717e-03 1.855113543570041656e-02 2.216295339167118073e-03 4.673696123063564301e-03
3.942580893635749817e-03 1.841858215630054474e-02 2.206586301326751709e-03 4.640516359359025955e-03
3.917742054909467697e-03 1.828613691031932831e-02 2.196891233325004578e-03 4.607466980814933777e-03
3.892965614795684814e-03 1.815383695065975189e-02 2.187422243878245354e-03 4.574240185320377350e-03
3.868279745802283287e-03 1.802168972790241241e-02 2.178355585783720016e-03 4.540673457086086273e-03
3.843599697574973106e-03 1.788957789540290833e-02 2.169290557503700256e-03 4.507115110754966736e-03
3.819962730631232262e-03 1.775895245373249054e-02 2.160588279366493225e-03 4.474173299968242645e-03
3.796586301177740097e-03 1.762869209051132202e-02 2.151978667825460434e-03 4.441379569470882416e-03
3.773345844820141792e-03 1.749898307025432587e-02 2.143110847100615501e-03 4.408691078424453735e-03
3.750377800315618515e-03 1.737017929553985596e-02 2.133314032107591629e-03 4.376086406409740448e-03
3.727471921592950821e-03 1.724169403314590454e-02 2.123542828485369682e-03 4.343568813055753708e-03
3.705178154632449150e-03 1.711423508822917938e-02 2.114945324137806892e-03 4.311488009989261627e-03
3.683184972032904625e-03 1.698728278279304504e-02 2.106929197907447815e-03 4.279621876776218414e-03
3.661185968667268753e-03 1.686045154929161072e-02 2.098773606121540070e-03 4.247758537530899048e-03
3.639099188148975372e-03 1.673463545739650726e-02 2.089439658448100090e-03 4.215892404317855835e-03
3.617012407630681992e-03 1.660882122814655304e-02 2.080105943605303764e-03 4.184026271104812622e-03
3.595611313357949257e-03 1.648404076695442200e-02 2.071470487862825394e-03 4.152473993599414825e-03
3.574740374460816383e-03 1.635982468724250793e-02 2.063407329842448235e-03 4.121102392673492432e-03
3.553923452273011208e-03 1.623592711985111237e-02 2.055363962426781654e-03 4.089811816811561584e-03
3.533128881826996803e-03 1.611322164535522461e-02 2.047381363809108734e-03 4.060847219079732895e-03
3.512334544211626053e-03 1.599053852260112762e-02 2.039398532360792160e-03 4.031925927847623825e-03
3.491951152682304382e-03 1.586874760687351227e-02 2.031156327575445175e-03 4.002339206635951996e-03
3.472137264907360077e-03 1.574819348752498627e-02 2.022548113018274307e-03 3.971813246607780457e-03
3.452326403930783272e-03 1.562764868140220642e-02 2.013940131291747093e-03 3.941284492611885071e-03
3.432665485888719559e-03 1.550796441733837128e-02 2.005884656682610512e-03 3.912101499736309052e-03
3.412982216104865074e-03 1.538812648504972458e-02 1.997904852032661438e-03 3.883078694343566895e-03
3.393808845430612564e-03 1.526904944330453873e-02 1.989887328818440437e-03 3.854210022836923599e-03
3.375763539224863052e-03 1.515107415616512299e-02 1.981724053621292114e-03 3.825539024546742439e-03
3.357718465849757195e-03 1.503309980034828186e-02 1.973560778424143791e-03 3.796867793425917625e-03
3.339987713843584061e-03 1.491628400981426239e-02 1.965559786185622215e-03 3.768658963963389397e-03
3.322376171126961708e-03 1.479990873485803604e-02 1.957621192559599876e-03 3.740621730685234070e-03
3.304637037217617035e-03 1.468393020331859589e-02 1.949667464941740036e-03 3.712558187544345856e-03
3.286245977506041527e-03 1.457004714757204056e-02 1.941645285114645958e-03 3.684326075017452240e-03
3.267806721851229668e-03 1.445586699992418289e-02 1.933603431098163128e-03 3.656024346128106117e-03
3.250129986554384232e-03 1.434308663010597229e-02 1.926118740811944008e-03 3.628312610089778900e-03
3.232926363125443459e-03 1.423104573041200638e-02 1.918992376886308193e-03 3.600946860387921333e-03
3.215731354430317879e-03 1.411900483071804047e-02 1.911812811158597469e-03 3.573604393750429153e-03
3.198675345629453659e-03 1.400689780712127686e-02 1.903216820210218430e-03 3.546913154423236847e-03
3.181616310030221939e-03 1.389479078352451324e-02 1.894620829261839390e-03 3.520224941894412041e-03
3.165124217048287392e-03 1.378411706537008286e-02 1.886226818896830082e-03 3.493771888315677643e-03
3.149261232465505600e-03 1.367503218352794647e-02 1.878058887086808681e-03 3.467580769211053848e-03
3.133398247882723808e-03 1.356594637036323547e-02 1.869891071692109108e-03 3.441389650106430054e-03
3.117558080703020096e-03 1.345769967883825302e-02 1.861759577877819538e-03 3.415893064811825752e-03
3.101768903434276581e-03 1.334986090660095215e-02 1.853657071478664875e-03 3.390539204701781273e-03
3.085840726271271706e-03 1.324264984577894211e-02 1.845959806814789772e-03 3.364987671375274658e-03
3.069657599553465843e-03 1.313666440546512604e-02 1.839030766859650612e-03 3.339069662615656853e-03
3.053474240005016327e-03 1.303067803382873535e-02 1.832103240303695202e-03 3.313148859888315201e-03
3.038373775780200958e-03 1.292619202286005020e-02 1.823965692892670631e-03 3.288521664217114449e-03
3.023570869117975235e-03 1.282212417572736740e-02 1.815491239540278912e-03 3.264255123212933540e-03
3.008844330906867981e-03 1.271838787943124771e-02 1.807080465368926525e-03 3.240058198571205139e-03
2.994378795847296715e-03 1.261583156883716583e-02 1.798901939764618874e-03 3.216105513274669647e-03
2.979913027957081795e-03 1.251327525824308395e-02 1.790721900761127472e-03 3.192153060808777809e-03
2.965498482808470726e-03 1.241128146648406982e-02 1.782522187568247318e-03 3.167906776070594788e-03
2.951078116893768311e-03 1.230931002646684647e-02 1.774289063178002834e-03 3.143439535051584244e-03
2.936745528131723404e-03 1.220785640180110931e-02 1.766137895174324512e-03 3.119166940450668335e-03
2.922900486737489700e-03 1.210882980376482010e-02 1.758593949489295483e-03 3.096179571002721786e-03
2.909055678173899651e-03 1.200981345027685165e-02 1.751051517203450203e-03 3.073189174756407738e-03
2.894788281992077827e-03 1.191145926713943481e-02 1.742783468216657639e-03 3.050274448469281197e-03
2.880144165828824043e-03 1.181371137499809265e-02 1.733865588903427124e-03 3.027426544576883316e-03
2.865499816834926605e-03 1.171596348285675049e-02 1.724949339404702187e-03 3.004581667482852936e-03
2.852040342986583710e-03 1.161972712725400925e-02 1.716716098599135876e-03 2.981689991429448128e-03
2.838626038283109665e-03 1.152355596423149109e-02 1.708510331809520721e-03 2.958795754238963127e-03
2.825240138918161392e-03 1.142831239849328995e-02 1.700275694020092487e-03 2.936177421361207962e-03
2.811896847561001778e-03 1.133445743471384048e-02 1.691996934823691845e-03 2.913972130045294762e-03
2.798519562929868698e-03 1.124036032706499100e-02 1.683696988038718700e-03 2.891708398237824440e-03
2.784875687211751938e-03 1.114729978144168854e-02 1.675881328992545605e-03 2.870488679036498070e-03
2.771169645711779594e-03 1.105439383536577225e-02 1.668153796344995499e-03 2.849457785487174988e-03
2.757982118055224419e-03 1.096195075660943985e-02 1.660209032706916332e-03 2.828455995768308640e-03
2.746158046647906303e-03 1.087076496332883835e-02 1.651685917750000954e-03 2.807538490742444992e-03
2.734333742409944534e-03 1.077957917004823685e-02 1.643162802793085575e-03 2.786620985716581345e-03
2.721650758758187294e-03 1.068961806595325470e-02 1.634472748264670372e-03 2.765238285064697266e-03
2.708616433665156364e-03 1.060016360133886337e-02 1.625712728127837181e-03 2.743666758760809898e-03
2.695564879104495049e-03 1.051091961562633514e-02 1.616940600797533989e-03 2.722443779930472374e-03
2.682400168851017952e-03 1.042290963232517242e-02 1.608095597475767136e-03 2.703256206586956978e-03
2.669235458597540855e-03 1.033490058034658432e-02 1.599250594154000282e-03 2.684074221178889275e-03
2.656957600265741348e-03 1.024812646210193634e-02 1.590551459230482578e-03 2.664290601387619972e-03
2.645314903929829597e-03 1.016225665807723999e-02 1.581955468282103539e-03 2.644082531332969666e-03
2.633652184158563614e-03 1.007640920579433441e-02 1.573364017531275749e-03 2.623888896778225899e-03
2.620867220684885979e-03 9.991532191634178162e-03 1.564931939356029034e-03 2.604422159492969513e-03
2.608116250485181808e-03 9.906874969601631165e-03 1.556521165184676647e-03 2.585007576271891594e-03
2.595334080979228020e-03 9.822847321629524231e-03 1.548301661387085915e-03 2.565976930782198906e-03
2.582509303465485573e-03 9.739558212459087372e-03 1.540309865958988667e-03 2.547402633354067802e-03
2.569687552750110626e-03 9.656257927417755127e-03 1.532319700345396996e-03 2.528828335925936699e-03
2.557996427640318871e-03 9.574865922331809998e-03 1.523259095847606659e-03 2.509422600269317627e-03
2.546444302424788475e-03 9.493683464825153351e-03 1.514071016572415829e-03 2.489912323653697968e-03
2.534974366426467896e-03 9.412975050508975983e-03 1.504929969087243080e-03 2.470901934430003166e-03
2.523671602830290794e-03 9.333182126283645630e-03 1.495887641794979572e-03 2.452906221151351929e-03
2.512371633201837540e-03 9.253400377929210663e-03 1.486845314502716064e-03 2.434910507872700691e-03
2.500332193449139595e-03 9.174511767923831940e-03 1.477956306189298630e-03 2.416522242128849030e-03
2.488068537786602974e-03 9.095898829400539398e-03 1.469114329665899277e-03 2.398011973127722740e-03
2.475890098139643669e-03 9.017638862133026123e-03 1.460202503949403763e-03 2.379847457632422447e-03
2.464071614667773247e-03 8.940813131630420685e-03 1.451017451472580433e-03 2.363072708249092102e-03
2.452252898365259171e-03 8.863986469805240631e-03 1.441830885596573353e-03 2.346300985664129257e-03
2.440595999360084534e-03 8.788020350039005280e-03 1.433107419870793819e-03 2.329206559807062149e-03
2.429035259410738945e-03 8.712550625205039978e-03 1.424651010893285275e-03 2.311931690201163292e-03
2.417451934888958931e-03 8.637224324047565460e-03 1.416112761944532394e-03 2.294671488925814629e-03
2.405616454780101776e-03 8.563783951103687286e-03 1.406542025506496429e-03 2.277635270729660988e-03
2.393778180703520775e-03 8.490343578159809113e-03 1.396969892084598541e-03 2.260598819702863693e-03
2.381925471127033234e-03 8.417311124503612518e-03 1.387494849041104317e-03 2.243786351755261421e-03
2.370112575590610504e-03 8.345040492713451385e-03 1.378159504383802414e-03 2.227276330813765526e-03
2.358302706852555275e-03 8.272768929600715637e-03 1.368824159726500511e-03 2.210766077041625977e-03
2.347246510908007622e-03 8.201545104384422302e-03 1.360471011139452457e-03 2.194305416196584702e-03
2.336235716938972473e-03 8.130387403070926666e-03 1.352174091152846813e-03 2.177850343286991119e-03
2.324827946722507477e-03 8.059946820139884949e-03 1.343487063422799110e-03 2.161607844755053520e-03
2.312777098268270493e-03 7.990653626620769501e-03 1.334172906354069710e-03 2.145711099728941917e-03
2.300729043781757355e-03 7.921360433101654053e-03 1.324858865700662136e-03 2.129817148670554161e-03
2.289307303726673126e-03 7.853434421122074127e-03 1.315521891228854656e-03 2.114222850650548935e-03
2.278024330735206604e-03 7.785816676914691925e-03 1.306182006374001503e-03 2.098695375025272369e-03
2.266608178615570068e-03 7.718508597463369370e-03 1.296939328312873840e-03 2.083374187350273132e-03
2.254806691780686378e-03 7.652115542441606522e-03 1.287985011003911495e-03 2.068660920485854149e-03
2.243005204945802689e-03 7.585733197629451752e-03 1.279030693694949150e-03 2.053947420790791512e-03
2.231563441455364227e-03 7.519891951233148575e-03 1.269798609428107738e-03 2.039024606347084045e-03
2.220286289229989052e-03 7.454292848706245422e-03 1.260440447367727757e-03 2.024008659645915031e-03
2.209020312875509262e-03 7.389024831354618073e-03 1.251091365702450275e-03 2.009030664339661598e-03
2.197842346504330635e-03 7.326006423681974411e-03 1.241792459040880203e-03 1.994322985410690308e-03
2.186661586165428162e-03 7.262988481670618057e-03 1.232493552379310131e-03 1.979618333280086517e-03
2.175188856199383736e-03 7.200124673545360565e-03 1.223477069288492203e-03 1.964936731383204460e-03
2.163483528420329094e-03 7.137381937354803085e-03 1.214682124555110931e-03 1.950272708199918270e-03
2.151775639504194260e-03 7.074650377035140991e-03 1.205887296237051487e-03 1.935611595399677753e-03
2.140696626156568527e-03 7.013606373220682144e-03 1.196896540932357311e-03 1.921685878187417984e-03
2.129620639607310295e-03 6.952573545277118683e-03 1.187905785627663136e-03 1.907763187773525715e-03
2.118473872542381287e-03 6.892213132232427597e-03 1.179154962301254272e-03 1.893939333967864513e-03
2.107236301526427269e-03 6.832723971456289291e-03 1.170719857327640057e-03 1.880243420600891113e-03
2.095995936542749405e-03 6.773245986551046371e-03 1.162284752354025841e-03 1.866550417616963387e-03
2.084154635667800903e-03 6.714595016092061996e-03 1.152923679910600185e-03 1.852790475822985172e-03
2.072219969704747200e-03 6.656054407358169556e-03 1.143421279266476631e-03 1.839021802879869938e-03
2.060591243207454681e-03 6.597856059670448303e-03 1.134216436184942722e-03 1.825552666559815407e-03
2.049645641818642616e-03 6.540374364703893661e-03 1.125688781030476093e-03 1.812757924199104309e-03
2.038702834397554398e-03 6.482892204076051712e-03 1.117161125876009464e-03 1.799963181838393211e-03
2.027584472671151161e-03 6.426789332181215286e-03 1.108234166167676449e-03 1.786982524208724499e-03
2.016400685533881187e-03 6.371149327605962753e-03 1.099169021472334862e-03 1.773931900970637798e-03
2.005171729251742363e-03 6.315740756690502167e-03 1.090091769583523273e-03 1.760942395776510239e-03
1.993712969124317169e-03 6.261379923671483994e-03 1.080964459106326103e-03 1.748214592225849628e-03
1.982257235795259476e-03 6.207030266523361206e-03 1.071838545612990856e-03 1.735489699058234692e-03
1.971121877431869507e-03 6.153309717774391174e-03 1.062624622136354446e-03 1.722857705317437649e-03
1.960187451913952827e-03 6.100018508732318878e-03 1.053357613272964954e-03 1.710289856418967247e-03
1.949224853888154030e-03 6.046772003173828125e-03 1.044174074195325375e-03 1.697745174169540405e-03
1.937706721946597099e-03 5.994495470076799393e-03 1.036640838719904423e-03 1.685624942183494568e-03
1.926188590005040169e-03 5.942219402641057968e-03 1.029105973429977894e-03 1.673507620580494404e-03
1.914857537485659122e-03 5.890560802072286606e-03 1.020739320665597916e-03 1.661364105530083179e-03
1.903727650642395020e-03 5.839552730321884155e-03 1.011485932394862175e-03 1.649200217798352242e-03
1.892594969831407070e-03 5.788545124232769012e-03 1.002231030724942684e-03 1.637036446481943130e-03
1.881252625025808811e-03 5.738529376685619354e-03 9.934740373864769936e-04 1.625203993171453476e-03
1.869890373200178146e-03 5.688580218702554703e-03 9.847596520557999611e-04 1.613400643691420555e-03
1.858474221080541611e-03 5.639116279780864716e-03 9.764414862729609013e-04 1.601591473445296288e-03
1.846958999522030354e-03 5.590512882918119431e-03 9.688353165984153748e-04 1.589776482433080673e-03
1.835443661548197269e-03 5.541909020394086838e-03 9.612307185307145119e-04 1.577961607836186886e-03
1.824285485781729221e-03 5.493802018463611603e-03 9.529505041427910328e-04 1.566908322274684906e-03
1.813220791518688202e-03 5.445826798677444458e-03 9.444942115806043148e-04 1.556055620312690735e-03
1.801988924853503704e-03 5.398204550147056580e-03 9.360560798086225986e-04 1.545072067528963089e-03
1.790195936337113380e-03 5.351806990802288055e-03 9.276832570321857929e-04 1.533632166683673859e-03
1.778402831405401230e-03 5.305408965796232224e-03 9.193104342557489872e-04 1.522195059806108475e-03
1.767667010426521301e-03 5.259804893285036087e-03 9.108996600843966007e-04 1.511089503765106201e-03
1.757463905960321426e-03 5.214598029851913452e-03 9.024660685099661350e-04 1.500149606727063656e-03
1.747116330079734325e-03 5.169446580111980438e-03 8.941525011323392391e-04 1.489227171987295151e-03
1.735482015646994114e-03 5.124791059643030167e-03 8.869076846167445183e-04 1.478435588069260120e-03
1.723850495181977749e-03 5.080124828964471817e-03 8.796628681011497974e-04 1.467640977352857590e-03
1.712326658889651299e-03 5.036285612732172012e-03 8.717970922589302063e-04 1.457047066651284695e-03
1.700924709439277649e-03 4.993273410946130753e-03 8.634167024865746498e-04 1.446656649932265282e-03
1.689497265033423901e-03 4.950162023305892944e-03 8.550150087103247643e-04 1.436237129382789135e-03
1.678594155237078667e-03 4.907591268420219421e-03 8.474938804283738136e-04 1.425695489160716534e-03
1.667708042077720165e-03 4.865042399615049362e-03 8.400001097470521927e-04 1.415151054970920086e-03
1.656819134950637817e-03 4.823066759854555130e-03 8.325184462592005730e-04 1.404804177582263947e-03
1.645927433855831623e-03 4.781951662153005600e-03 8.250534883700311184e-04 1.394748105667531490e-03
1.635038410313427448e-03 4.740825388580560684e-03 8.175885886885225773e-04 1.384692033752799034e-03
1.623945427127182484e-03 4.700085613876581192e-03 8.099156548269093037e-04 1.374702784232795238e-03
1.612818450666964054e-03 4.659422207623720169e-03 8.022047113627195358e-04 1.364725176244974136e-03
1.601631869561970234e-03 4.619013052433729172e-03 7.946608238853514194e-04 1.354706822894513607e-03
1.590298023074865341e-03 4.579298663884401321e-03 7.875541923567652702e-04 1.344583928585052490e-03
1.578961266204714775e-03 4.539573099464178085e-03 7.804490742273628712e-04 1.334458007477223873e-03
1.568250823765993118e-03 4.500917159020900726e-03 7.731450023129582405e-04 1.324727549217641354e-03
1.557792769744992256e-03 4.462669603526592255e-03 7.657620590180158615e-04 1.315154018811881542e-03
1.547246705740690231e-03 4.424499347805976868e-03 7.583881961181759834e-04 1.305638696067035198e-03
1.536201918497681618e-03 4.386703949421644211e-03 7.510629366151988506e-04 1.296440255828201771e-03
1.525159925222396851e-03 4.348908085376024246e-03 7.437391905114054680e-04 1.287241699174046516e-03
1.514004543423652649e-03 4.311697091907262802e-03 7.369012455455958843e-04 1.277749659493565559e-03
1.502798171713948250e-03 4.275015555322170258e-03 7.304246537387371063e-04 1.268071471713483334e-03
1.491577713750302792e-03 4.238246008753776550e-03 7.239328697323799133e-04 1.258381642401218414e-03
1.481026061810553074e-03 4.202126525342464447e-03 7.175731589086353779e-04 1.249482622370123863e-03
1.470477203838527203e-03 4.166007507592439651e-03 7.112134480848908424e-04 1.240583602339029312e-03
1.459772465750575066e-03 4.130395594984292984e-03 7.045394740998744965e-04 1.231478177942335606e-03
1.448883558623492718e-03 4.095412790775299072e-03 6.974874995648860931e-04 1.222131424583494663e-03
1.437997445464134216e-03 4.060429520905017853e-03 6.904354668222367764e-04 1.212781877256929874e-03
1.427817041985690594e-03 4.026096779853105545e-03 6.841486319899559021e-04 1.203926396556198597e-03
1.417727326042950153e-03 3.991830628365278244e-03 6.779590039514005184e-04 1.195132033899426460e-03
1.407521427609026432e-03 3.957729786634445190e-03 6.716736825183033943e-04 1.186352223157882690e-03
1.397080253809690475e-03 3.923981916159391403e-03 6.651940057054162025e-04 1.177613157778978348e-03
1.386639196425676346e-03 3.890233812853693962e-03 6.587143871001899242e-04 1.168871065601706505e-03
1.375855063088238239e-03 3.857511561363935471e-03 6.524336640723049641e-04 1.160117448307573795e-03
1.364991650916635990e-03 3.825175343081355095e-03 6.462287856265902519e-04 1.151381176896393299e-03
1.354261417873203754e-03 3.792861243709921837e-03 6.400375859811902046e-04 1.142697292380034924e-03
1.344191608950495720e-03 3.760966006666421890e-03 6.339678657241165638e-04 1.134321559220552444e-03
1.334121683612465858e-03 3.729071002453565598e-03 6.278981454670429230e-04 1.125942915678024292e-03
1.323941280134022236e-03 3.697484731674194336e-03 6.220288341864943504e-04 1.117552747018635273e-03
1.313695684075355530e-03 3.666085889562964439e-03 6.162733770906925201e-04 1.109153730794787407e-03
1.303424593061208725e-03 3.634753171354532242e-03 6.105270003899931908e-04 1.100777997635304928e-03
1.292776665650308132e-03 3.604313824325799942e-03 6.048808572813868523e-04 1.092713326215744019e-03
1.282131415791809559e-03 3.573885420337319374e-03 5.992347141727805138e-04 1.084648654796183109e-03
1.271888613700866699e-03 3.543810220435261726e-03 5.934943910688161850e-04 1.076581189408898354e-03
1.262071076780557632e-03 3.514186944812536240e-03 5.876767099834978580e-04 1.068528159521520138e-03
1.252230722457170486e-03 3.484475426375865936e-03 5.818438366986811161e-04 1.060451846569776535e-03
1.241965335793793201e-03 3.455326659604907036e-03 5.765286041423678398e-04 1.052387175150215626e-03
1.231674454174935818e-03 3.426221664994955063e-03 5.712498677894473076e-04 1.044322503730654716e-03
1.221584738232195377e-03 3.397381631657481194e-03 5.659954040311276913e-04 1.036359695717692375e-03
1.211835071444511414e-03 3.368993522599339485e-03 5.607850034721195698e-04 1.028568251058459282e-03
1.202082727104425430e-03 3.340594470500946045e-03 5.555730313062667847e-04 1.020774012431502342e-03
1.192168681882321835e-03 3.312724875286221504e-03 5.507497116923332214e-04 1.013191998936235905e-03
1.182215055450797081e-03 3.284976584836840630e-03 5.460190586745738983e-04 1.005659345537424088e-03
1.172349206171929836e-03 3.257482079789042473e-03 5.411487072706222534e-04 9.980831528082489967e-04
1.162653556093573570e-03 3.230494679883122444e-03 5.357909831218421459e-04 9.902946185320615768e-04
1.152957789599895477e-03 3.203507279977202415e-03 5.304333171807229519e-04 9.825062006711959839e-04
1.143355504609644413e-03 3.176872851327061653e-03 5.256373551674187183e-04 9.749589953571557999e-04
1.133795827627182007e-03 3.150403965264558792e-03 5.211070529185235500e-04 9.675281471572816372e-04
1.124272937886416912e-03 3.124001203104853630e-03 5.165509646758437157e-04 9.601088822819292545e-04
1.115016522817313671e-03 3.098193788900971413e-03 5.117747350595891476e-04 9.527768706902861595e-04
1.105757197365164757e-03 3.072375664487481117e-03 5.069969920441508293e-04 9.454448590986430645e-04
1.096461084671318531e-03 3.046866040676832199e-03 5.024864221923053265e-04 9.382523712702095509e-04
1.087091281078755856e-03 3.021467011421918869e-03 4.981747479178011417e-04 9.311441681347787380e-04
1.077721477486193180e-03 2.996078692376613617e-03 4.938630736432969570e-04 9.240331128239631653e-04
1.068725832737982273e-03 2.971606096252799034e-03 4.891931312158703804e-04 9.166022646240890026e-04
1.059738569892942905e-03 2.947155153378844261e-03 4.845171060878783464e-04 9.091626270674169064e-04
1.050683320499956608e-03 2.922770800068974495e-03 4.799762100446969271e-04 9.019178105518221855e-04
1.041534589603543282e-03 2.898463280871510506e-03 4.756265843752771616e-04 8.949462790042161942e-04
1.032408559694886208e-03 2.874222118407487869e-03 4.712860682047903538e-04 8.879922097548842430e-04
1.023302320390939713e-03 2.850433113053441048e-03 4.669728805311024189e-04 8.809741702862083912e-04
1.014204579405486584e-03 2.826743526384234428e-03 4.626673180609941483e-04 8.739444892853498459e-04
1.005152240395545959e-03 2.803285373374819756e-03 4.585105052683502436e-04 8.669904200360178947e-04
9.962244657799601555e-04 2.780400682240724564e-03 4.547210992313921452e-04 8.602165617048740387e-04
9.872968075796961784e-04 2.757515991106629372e-03 4.509316931944340467e-04 8.534427033737301826e-04
9.787291055545210838e-04 2.734885085374116898e-03 4.469191189855337143e-04 8.466776343993842602e-04
9.703228715807199478e-04 2.712408546358346939e-03 4.428321262821555138e-04 8.399328216910362244e-04
9.618657059036195278e-04 2.689965069293975830e-03 4.388059023767709732e-04 8.332084398716688156e-04
9.532695985399186611e-04 2.667940687388181686e-03 4.351591924205422401e-04 8.266845834441483021e-04
9.446763433516025543e-04 2.645927248522639275e-03 4.315125115681439638e-04 8.201636956073343754e-04
9.360802941955626011e-04 2.624266780912876129e-03 4.277473781257867813e-04 8.137532859109342098e-04
9.274870390072464943e-04 2.602860098704695702e-03 4.239018016960471869e-04 8.074242505244910717e-04
9.189306292682886124e-04 2.581508364528417587e-03 4.200835537631064653e-04 8.011038880795240402e-04
9.109353995881974697e-04 2.560432534664869308e-03 4.169743042439222336e-04 7.945248507894575596e-04
9.029401699081063271e-04 2.539367647841572762e-03 4.138665681239217520e-04 7.879429031163454056e-04
8.949165348894894123e-04 2.518512308597564697e-03 4.103899118490517139e-04 7.815179415047168732e-04
8.868646691553294659e-04 2.497899578884243965e-03 4.064835957251489162e-04 7.752673700451850891e-04
8.788098930381238461e-04 2.477297792211174965e-03 4.025787930004298687e-04 7.690197671763598919e-04
8.708175155334174633e-04 2.457214519381523132e-03 3.992919228039681911e-04 7.628244347870349884e-04
8.628109353594481945e-04 2.437131246551871300e-03 3.960672765970230103e-04 7.566175190731883049e-04
8.548638434149324894e-04 2.417213283479213715e-03 3.928684454876929522e-04 7.504425593651831150e-04
8.470443426631391048e-04 2.397637115791440010e-03 3.897212445735931396e-04 7.443344802595674992e-04
8.392248419113457203e-04 2.378061180934309959e-03 3.865740436594933271e-04 7.382234907709062099e-04
8.316915482282638550e-04 2.358838217332959175e-03 3.834298695437610149e-04 7.321735611185431480e-04
8.242206531576812267e-04 2.339659025892615318e-03 3.802750434260815382e-04 7.261207210831344128e-04
8.167129126377403736e-04 2.320557367056608200e-03 3.771308693103492260e-04 7.201027474366128445e-04
8.090549381449818611e-04 2.301720203831791878e-03 3.740261890925467014e-04 7.142272661440074444e-04
8.013969636522233486e-04 2.282883273437619209e-03 3.709214797709137201e-04 7.083517266437411308e-04
7.939884089864790440e-04 2.264454262331128120e-03 3.679048386402428150e-04 7.025983068160712719e-04
7.866931846365332603e-04 2.246179617941379547e-03 3.649261489044874907e-04 6.968972738832235336e-04
7.794207194820046425e-04 2.227926859632134438e-03 3.619550552684813738e-04 6.911816308274865150e-04
7.724117604084312916e-04 2.209861995652318001e-03 3.590887063182890415e-04 6.853119703009724617e-04
7.654056535102427006e-04 2.191796898841857910e-03 3.562223573680967093e-04 6.794422515667974949e-04
7.582748658023774624e-04 2.174018416553735733e-03 3.534774587024003267e-04 6.737557123415172100e-04
7.509909919463098049e-04 2.156427595764398575e-03 3.508358204271644354e-04 6.682232487946748734e-04
7.437071180902421474e-04 2.138836774975061417e-03 3.481941530480980873e-04 6.626937538385391235e-04
7.368030492216348648e-04 2.121565863490104675e-03 3.453460230957716703e-04 6.571321864612400532e-04
7.299216813407838345e-04 2.104316838085651398e-03 3.424827300477772951e-04 6.515677669085562229e-04
7.231876370497047901e-04 2.087310422211885452e-03 3.397120162844657898e-04 6.460702279582619667e-04
7.166435243561863899e-04 2.070579910650849342e-03 3.370764316059648991e-04 6.406366010196506977e-04
7.101022056303918362e-04 2.053849399089813232e-03 3.344408469274640083e-04 6.352058844640851021e-04
7.034192094579339027e-04 2.037328202277421951e-03 3.317293594591319561e-04 6.298624211922287941e-04
6.967021618038415909e-04 2.020851243287324905e-03 3.289981395937502384e-04 6.245363620109856129e-04
6.901154993101954460e-04 2.004506764933466911e-03 3.263989929109811783e-04 6.192539585754275322e-04
6.838576518930494785e-04 1.988404663279652596e-03 3.241824451833963394e-04 6.140471086837351322e-04
6.776025984436273575e-04 1.972313737496733665e-03 3.219658683519810438e-04 6.088431691750884056e-04
6.713617476634681225e-04 1.956454478204250336e-03 3.196263569407165051e-04 6.035752594470977783e-04
6.651463336311280727e-04 1.940738526172935963e-03 3.172336728312075138e-04 5.982899456284940243e-04
6.589309778064489365e-04 1.925033633597195148e-03 3.148288524243980646e-04 5.930220359005033970e-04
6.528488011099398136e-04 1.909725717268884182e-03 3.123663482256233692e-04 5.879692616872489452e-04
6.467694765888154507e-04 1.894417800940573215e-03 3.099038440268486738e-04 5.829193978570401669e-04
6.405909662134945393e-04 1.879143062978982925e-03 3.075916320085525513e-04 5.778782651759684086e-04
6.342990673147141933e-04 1.863824087195098400e-03 3.053948166780173779e-04 5.728255491703748703e-04
6.280072266235947609e-04 1.848505227826535702e-03 3.031964879482984543e-04 5.677698645740747452e-04
6.221942603588104248e-04 1.833859016187489033e-03 3.007491468451917171e-04 5.627461359836161137e-04
6.164069054648280144e-04 1.819267985410988331e-03 2.983033482450991869e-04 5.577341071330010891e-04
6.106988294050097466e-04 1.804743194952607155e-03 2.959698904305696487e-04 5.528645124286413193e-04
6.051211385056376457e-04 1.790361711755394936e-03 2.938049437943845987e-04 5.482187261804938316e-04
5.995435058139264584e-04 1.775980228558182716e-03 2.916399971581995487e-04 5.435700877569615841e-04
5.939403199590742588e-04 1.761808292940258980e-03 2.894158533308655024e-04 5.388051504269242287e-04
5.883144331164658070e-04 1.747625297866761684e-03 2.871734905056655407e-04 5.340081988833844662e-04
5.827537388540804386e-04 1.733541605062782764e-03 2.849645097739994526e-04 5.292316782288253307e-04
5.773574812337756157e-04 1.719722640700638294e-03 2.828420838341116905e-04 5.245219217613339424e-04
5.719725158996880054e-04 1.705947681330144405e-03 2.807257405947893858e-04 5.198209546506404877e-04
5.666782963089644909e-04 1.692393328994512558e-03 2.787566336337476969e-04 5.153147503733634949e-04
5.614265101030468941e-04 1.678949338383972645e-03 2.768497797660529613e-04 5.108870682306587696e-04
5.561719299294054508e-04 1.665516290813684464e-03 2.749095438048243523e-04 5.064505967311561108e-04
5.509202019311487675e-04 1.652226666919887066e-03 2.727871178649365902e-04 5.019647651351988316e-04
5.456571234390139580e-04 1.638903981074690819e-03 2.706570958252996206e-04 4.974672920070588589e-04
5.406547570601105690e-04 1.625801785849034786e-03 2.686227089725434780e-04 4.930686554871499538e-04
5.358451744541525841e-04 1.612865133211016655e-03 2.666536020115017891e-04 4.887427203357219696e-04
5.310412379913032055e-04 1.599961542524397373e-03 2.646936336532235146e-04 4.844283685088157654e-04
5.260445759631693363e-04 1.587234321050345898e-03 2.628505462780594826e-04 4.800297319889068604e-04
5.210507079027593136e-04 1.574518159031867981e-03 2.610059455037117004e-04 4.756340058520436287e-04
5.161900771781802177e-04 1.561967423185706139e-03 2.591309894341975451e-04 4.712789668701589108e-04
5.114655359648168087e-04 1.549549167975783348e-03 2.572074299678206444e-04 4.669501213356852531e-04
5.067409365437924862e-04 1.537130796350538731e-03 2.552853839006274939e-04 4.626212466973811388e-04
5.022062105126678944e-04 1.524955034255981445e-03 2.534423256292939186e-04 4.586470895446836948e-04
4.977055359631776810e-04 1.512845512479543686e-03 2.516144013497978449e-04 4.547310527414083481e-04
4.931992152705788612e-04 1.500769052654504776e-03 2.498396497685462236e-04 4.507161502260714769e-04
4.887041868641972542e-04 1.488868962042033672e-03 2.481863484717905521e-04 4.465181264095008373e-04
4.842233320232480764e-04 1.477002049796283245e-03 2.465391007717698812e-04 4.423317150212824345e-04
4.798416921403259039e-04 1.465322566218674183e-03 2.448083541821688414e-04 4.383197519928216934e-04
4.754940455313771963e-04 1.453720382414758205e-03 2.430502936476841569e-04 4.343717300798743963e-04
4.711718938779085875e-04 1.442140201106667519e-03 2.413074107607826591e-04 4.304615140426903963e-04
4.669603076763451099e-04 1.430725445970892906e-03 2.396267664153128862e-04 4.267315380275249481e-04
4.627345479093492031e-04 1.419288688339293003e-03 2.379415818722918630e-04 4.229928308632224798e-04
4.585881251841783524e-04 1.408028299920260906e-03 2.363459643675014377e-04 4.192163469269871712e-04
4.545040719676762819e-04 1.396889332681894302e-03 2.348080306546762586e-04 4.154224297963082790e-04
4.504200187511742115e-04 1.385739189572632313e-03 2.332655567442998290e-04 4.116197815164923668e-04
4.465853562578558922e-04 1.374798710457980633e-03 2.317124453838914633e-04 4.078054917044937611e-04
4.427620442584156990e-04 1.363891293294727802e-03 2.301638887729495764e-04 4.039999330416321754e-04
4.389217065181583166e-04 1.353127183392643929e-03 2.285257505718618631e-04 4.002525238320231438e-04
4.350842209532856941e-04 1.342539675533771515e-03 2.267950185341760516e-04 3.965806972701102495e-04
4.312524106353521347e-04 1.331985113210976124e-03 2.250688412459567189e-04 3.929204831365495920e-04
4.274234233889728785e-04 1.321507850661873817e-03 2.236493310192599893e-04 3.893474931828677654e-04
4.235916130710393190e-04 1.311041531153023243e-03 2.222541079390794039e-04 3.857832343783229589e-04
4.198816604912281036e-04 1.300641451962292194e-03 2.208391524618491530e-04 3.822654834948480129e-04
4.163616104051470757e-04 1.290285494178533554e-03 2.193786494899541140e-04 3.788087924476712942e-04
4.128387081436812878e-04 1.279929536394774914e-03 2.179181610699743032e-04 3.753491910174489021e-04
4.093668248970061541e-04 1.269827131181955338e-03 2.163878234568983316e-04 3.718983207363635302e-04
4.058921185787767172e-04 1.259757904335856438e-03 2.148362254956737161e-04 3.684387193061411381e-04
4.024174122605472803e-04 1.249776920303702354e-03 2.133408124791458249e-04 3.650169237516820431e-04
3.989483811892569065e-04 1.240071607753634453e-03 2.120412391377612948e-04 3.617317415773868561e-04
3.954679996240884066e-04 1.230344292707741261e-03 2.107401378452777863e-04 3.584407677408307791e-04
3.921491734217852354e-04 1.220727222971618176e-03 2.092948270728811622e-04 3.551933914422988892e-04
3.889238578267395496e-04 1.211187336593866348e-03 2.077781537082046270e-04 3.519780002534389496e-04
3.856985713355243206e-04 1.201636507175862789e-03 2.062796993413940072e-04 3.487509675323963165e-04
3.825441235676407814e-04 1.192206866107881069e-03 2.049892354989424348e-04 3.455181431490927935e-04
3.793981741182506084e-04 1.182810403406620026e-03 2.037018130067735910e-04 3.422940208110958338e-04
3.763145650736987591e-04 1.173524186015129089e-03 2.024083078140392900e-04 3.391106147319078445e-04
3.732990007847547531e-04 1.164348330348730087e-03 2.011117758229374886e-04 3.359766269568353891e-04
3.702862595673650503e-04 1.155205420218408108e-03 1.998182706302031875e-04 3.328484599478542805e-04
3.673642058856785297e-04 1.146206050179898739e-03 1.984928967431187630e-04 3.298859810456633568e-04
3.644563548732548952e-04 1.137239625677466393e-03 1.971720630535855889e-04 3.269380540587007999e-04
3.615569730754941702e-04 1.128328382037580013e-03 1.959438523044809699e-04 3.239639627281576395e-04
3.586887614801526070e-04 1.119571621529757977e-03 1.948659337358549237e-04 3.209607966709882021e-04
3.558262542355805635e-04 1.110825804062187672e-03 1.937925699166953564e-04 3.179663617629557848e-04
3.530770773068070412e-04 1.102267531678080559e-03 1.927556440932676196e-04 3.151870332658290863e-04
3.503562766127288342e-04 1.093753264285624027e-03 1.917278277687728405e-04 3.124542417936027050e-04
3.476524725556373596e-04 1.085294294171035290e-03 1.906043762573972344e-04 3.097127482760697603e-04
3.449826617725193501e-04 1.076923450455069542e-03 1.892000436782836914e-04 3.069246886298060417e-04
3.423128509894013405e-04 1.068541663698852062e-03 1.877972390502691269e-04 3.041395684704184532e-04
3.396827378310263157e-04 1.060259062796831131e-03 1.866206439444795251e-04 3.013515379279851913e-04
3.370639460626989603e-04 1.051976461894810200e-03 1.855396840255707502e-04 2.985518949571996927e-04
3.344678261782974005e-04 1.043749041855335236e-03 1.844496291596442461e-04 2.957842079922556877e-04
3.320049145258963108e-04 1.035697991028428078e-03 1.832760608522221446e-04 2.931793278548866510e-04
3.295391798019409180e-04 1.027647056616842747e-03 1.821009791456162930e-04 2.905744477175176144e-04
3.271074674557894468e-04 1.019761548377573490e-03 1.810093963285908103e-04 2.880393585655838251e-04
3.246898995712399483e-04 1.011975225992500782e-03 1.799785532057285309e-04 2.855420461855828762e-04
3.222808300051838160e-04 1.004199963063001633e-03 1.789492234820500016e-04 2.830505545716732740e-04
3.200645151082426310e-04 9.964908240363001823e-04 1.780276797944679856e-04 2.804921823553740978e-04
3.178509941790252924e-04 9.887818014249205589e-04 1.771076495060697198e-04 2.779309288598597050e-04
3.156035090796649456e-04 9.812160860747098923e-04 1.761466410243883729e-04 2.754423476289957762e-04
3.132964775431901217e-04 9.737936779856681824e-04 1.751279341988265514e-04 2.730351407080888748e-04
3.109951212536543608e-04 9.663823875598609447e-04 1.741107407724484801e-04 2.706366940401494503e-04
3.089289821218699217e-04 9.590041590854525566e-04 1.732150121824815869e-04 2.682062622625380754e-04
3.069025406148284674e-04 9.516369318589568138e-04 1.723390159895643592e-04 2.657728909980505705e-04
3.048704238608479500e-04 9.443580056540668011e-04 1.714539102977141738e-04 2.634064294397830963e-04
3.028128121513873339e-04 9.372334461659193039e-04 1.705399627098813653e-04 2.611852833069860935e-04
3.007636987604200840e-04 9.301198879256844521e-04 1.696275285212323070e-04 2.589699870441108942e-04
2.987174084410071373e-04 9.230835712514817715e-04 1.687560870777815580e-04 2.567168849054723978e-04
2.966824686154723167e-04 9.161023772321641445e-04 1.679043780313804746e-04 2.544550516176968813e-04
2.946815511677414179e-04 9.091321844607591629e-04 1.670511555857956409e-04 2.522019785828888416e-04
2.928931789938360453e-04 9.022392332553863525e-04 1.662070426391437650e-04 2.500099071767181158e-04
2.911076298914849758e-04 8.953793440014123917e-04 1.653644430916756392e-04 2.478236856404691935e-04
2.892852644436061382e-04 8.886848809197545052e-04 1.645916781853884459e-04 2.457159280311316252e-04
2.874430210795253515e-04 8.821338415145874023e-04 1.638720568735152483e-04 2.436750655760988593e-04
2.855979837477207184e-04 8.755606831982731819e-04 1.631478808121755719e-04 2.416283823549747467e-04
2.838407817762345076e-04 8.689765236340463161e-04 1.623872667551040649e-04 2.396049530943855643e-04
2.820779336616396904e-04 8.623703033663332462e-04 1.616236113477498293e-04 2.375786134507507086e-04
2.803632523864507675e-04 8.558964473195374012e-04 1.609449827810749412e-04 2.356249606236815453e-04
2.787052362691611052e-04 8.495990769006311893e-04 1.603695855010300875e-04 2.337585174245759845e-04
2.770472492557018995e-04 8.432795875705778599e-04 1.597911614226177335e-04 2.318891638424247503e-04
2.754799497779458761e-04 8.371034637093544006e-04 1.590791216585785151e-04 2.299674961250275373e-04
2.739182964432984591e-04 8.309163386002182961e-04 1.583503908477723598e-04 2.280341868754476309e-04
2.723594952840358019e-04 8.247733348980545998e-04 1.576171052874997258e-04 2.261444897158071399e-04
2.707921958062797785e-04 8.186523918993771076e-04 1.568747102282941341e-04 2.243332855869084597e-04
2.692305715754628181e-04 8.125535096041858196e-04 1.561323151690885425e-04 2.225279022241011262e-04
2.677312877494841814e-04 8.066421141847968102e-04 1.556146162329241633e-04 2.207748329965397716e-04
2.662518236320465803e-04 8.008079021237790585e-04 1.551713066874071956e-04 2.190421364502981305e-04
2.648035588208585978e-04 7.949736900627613068e-04 1.547036954434588552e-04 2.173181419493630528e-04
2.634885022416710854e-04 7.892387802712619305e-04 1.541389356134459376e-04 2.156348637072369456e-04
2.621677704155445099e-04 7.834817515686154366e-04 1.535726478323340416e-04 2.139486750820651650e-04
2.608101931400597095e-04 7.778350263833999634e-04 1.530670851934701204e-04 2.122305013472214341e-04
2.594299439806491137e-04 7.722544833086431026e-04 1.525979751022532582e-04 2.105007006321102381e-04
2.580553700681775808e-04 7.666739402338862419e-04 1.521258091088384390e-04 2.087738103000447154e-04
2.568225027061998844e-04 7.611595792695879936e-04 1.516369520686566830e-04 2.072242496069520712e-04
2.555867831688374281e-04 7.556341588497161865e-04 1.511450536781921983e-04 2.056688826996833086e-04
2.543425944168120623e-04 7.502190419472754002e-04 1.507579290773719549e-04 2.041716652456671000e-04
2.530813799239695072e-04 7.448811666108667850e-04 1.504770625615492463e-04 2.027267764788120985e-04
2.518258406780660152e-04 7.395652937702834606e-04 1.501961960457265377e-04 2.012876939261332154e-04
2.505617740098387003e-04 7.343928446061909199e-04 1.496602635597810149e-04 1.998137304326519370e-04
2.493005886208266020e-04 7.292534573934972286e-04 1.491030998295173049e-04 1.983426773222163320e-04
2.481357369106262922e-04 7.241140119731426239e-04 1.486294204369187355e-04 1.968861470231786370e-04
2.471550833433866501e-04 7.190408068709075451e-04 1.483106025261804461e-04 1.954645122168585658e-04
2.461744588799774647e-04 7.139565423130989075e-04 1.479932980146259069e-04 1.940399815794080496e-04
2.450294559821486473e-04 7.089715800248086452e-04 1.476000907132402062e-04 1.927026460180059075e-04
2.438419323880225420e-04 7.039865595288574696e-04 1.471856230637058616e-04 1.913827727548778057e-04
2.427054278086870909e-04 6.990677793510258198e-04 1.468091068090870976e-04 1.900716160889714956e-04
2.417559735476970673e-04 6.942923064343631268e-04 1.465601235395297408e-04 1.887778926175087690e-04
2.408065192867070436e-04 6.895278929732739925e-04 1.463126536691561341e-04 1.874870795290917158e-04
2.398655778961256146e-04 6.847524782642722130e-04 1.460788625990971923e-04 1.862486096797510982e-04
2.389302972005680203e-04 6.799880648031830788e-04 1.458511251257732511e-04 1.850421103881672025e-04
2.379921788815408945e-04 6.752346525900065899e-04 1.456279569538310170e-04 1.838356110965833068e-04
2.370597358094528317e-04 6.707569700665771961e-04 1.454396988265216351e-04 1.826639927458018064e-04
2.361272781854495406e-04 6.662682862952351570e-04 1.452514406992122531e-04 1.814894785638898611e-04
2.351976727368310094e-04 6.618016632273793221e-04 1.450480049243196845e-04 1.803527557058259845e-04
2.342737279832363129e-04 6.573901628144085407e-04 1.448293915018439293e-04 1.792509137885645032e-04
2.333526208531111479e-04 6.529566016979515553e-04 1.446107635274529457e-04 1.781461614882573485e-04
2.326043904758989811e-04 6.486222846433520317e-04 1.443253422621637583e-04 1.770210656104609370e-04
2.318674960406497121e-04 6.442659650929272175e-04 1.440353662474080920e-04 1.758959697326645255e-04
2.310994459548965096e-04 6.399868289008736610e-04 1.438258623238652945e-04 1.748144859448075294e-04
2.302831999259069562e-04 6.358069367706775665e-04 1.437438768334686756e-04 1.737998536555096507e-04
2.294669538969174027e-04 6.316380458883941174e-04 1.436634192941710353e-04 1.727881463011726737e-04
2.287867391714826226e-04 6.275353371165692806e-04 1.434766745660454035e-04 1.718258572509512305e-04
2.281433844473212957e-04 6.234547472558915615e-04 1.432671706425026059e-04 1.708780910121276975e-04
2.274773432873189449e-04 6.193961598910391331e-04 1.430758711649104953e-04 1.699303393252193928e-04
2.267546369694173336e-04 6.154478760436177254e-04 1.429453113814815879e-04 1.689883938524872065e-04
2.260290784761309624e-04 6.114995921961963177e-04 1.428132236469537020e-04 1.680464629316702485e-04
2.253743878100067377e-04 6.075953715480864048e-04 1.428117102477699518e-04 1.671597565291449428e-04
2.247565280413255095e-04 6.037353305146098137e-04 1.428724353900179267e-04 1.662992144702002406e-04
2.241358452010899782e-04 5.998752894811332226e-04 1.429225376341491938e-04 1.654444931773468852e-04
2.234924904769286513e-04 5.961365532130002975e-04 1.428830582881346345e-04 1.646595337660983205e-04
2.228491212008520961e-04 5.923867574892938137e-04 1.428435934940353036e-04 1.638716785237193108e-04
2.222312759840860963e-04 5.887031438760459423e-04 1.428101968485862017e-04 1.630780025152489543e-04
2.216332650277763605e-04 5.850636516697704792e-04 1.427813404006883502e-04 1.622726995265111327e-04
2.210352540714666247e-04 5.814131582155823708e-04 1.427509851055219769e-04 1.614673965377733111e-04
2.204684133175760508e-04 5.778619088232517242e-04 1.427054376108571887e-04 1.608045567991212010e-04
2.199015725636854768e-04 5.742995999753475189e-04 1.426598901161924005e-04 1.601475232746452093e-04
2.193885884480550885e-04 5.708145326934754848e-04 1.426097878720611334e-04 1.594672357896342874e-04
2.189521183026954532e-04 5.674066487699747086e-04 1.425536174792796373e-04 1.587578590260818601e-04
2.185184857808053493e-04 5.640098243020474911e-04 1.424989604856818914e-04 1.580514071974903345e-04
2.180139999836683273e-04 5.606350023299455643e-04 1.426021917723119259e-04 1.573740300955250859e-04
2.174925175495445728e-04 5.572602385655045509e-04 1.427373208571225405e-04 1.567053695907816291e-04
2.170022053178399801e-04 5.539295380003750324e-04 1.428572577424347401e-04 1.560570526635274291e-04
2.165912446798756719e-04 5.507202004082500935e-04 1.429422700311988592e-04 1.554610644234344363e-04
2.161831216653808951e-04 5.475218640640377998e-04 1.430272968718782067e-04 1.548680011183023453e-04
2.157580020138993859e-04 5.443565896712243557e-04 1.430713164154440165e-04 1.542981772217899561e-04
2.153243694920092821e-04 5.411913152784109116e-04 1.430956035619601607e-04 1.537370844744145870e-04
2.149077336071059108e-04 5.380591610446572304e-04 1.431199052603915334e-04 1.531847083242610097e-04
2.145761391147971153e-04 5.349821876734495163e-04 1.431350829079747200e-04 1.526933920104056597e-04
2.142473822459578514e-04 5.319161573424935341e-04 1.431517885066568851e-04 1.522049715276807547e-04
2.138846029993146658e-04 5.289384280331432819e-04 1.432777935406193137e-04 1.517049386166036129e-04
2.134934766218066216e-04 5.260047619231045246e-04 1.434903388144448400e-04 1.511932641733437777e-04
2.131023647962138057e-04 5.230821552686393261e-04 1.437028840882703662e-04 1.506815897300839424e-04
2.128047781297937036e-04 5.202146712690591812e-04 1.437119935872033238e-04 1.503094681538641453e-04
2.125100145349279046e-04 5.173361860215663910e-04 1.437195896869525313e-04 1.499373320257291198e-04
2.121982543030753732e-04 5.145128234289586544e-04 1.437727187294512987e-04 1.495448668720200658e-04
2.118723350577056408e-04 5.117225227877497673e-04 1.438850740669295192e-04 1.491204020567238331e-04
2.115464012604206800e-04 5.089432816021144390e-04 1.439989282516762614e-04 1.486988621763885021e-04
2.112913207383826375e-04 5.062522832304239273e-04 1.441583444830030203e-04 1.483034720877185464e-04
2.110475761583074927e-04 5.035612848587334156e-04 1.443268702132627368e-04 1.479110069340094924e-04
2.107981708832085133e-04 5.008923471905291080e-04 1.444893132429569960e-04 1.475388708058744669e-04
2.105402672896161675e-04 4.982785321772098541e-04 1.446380920242518187e-04 1.472132717026397586e-04
2.102823491441085935e-04 4.956536577083170414e-04 1.447883987566456199e-04 1.468847476644441485e-04
2.100641140714287758e-04 4.931170842610299587e-04 1.448764523956924677e-04 1.465852983528748155e-04
2.098600525641813874e-04 4.906245740130543709e-04 1.449417322874069214e-04 1.463004009565338492e-04
2.096446551149711013e-04 4.881210334133356810e-04 1.450297859264537692e-04 1.460271159885451198e-04
2.093612420139834285e-04 4.856836749240756035e-04 1.452286669518798590e-04 1.458323386032134295e-04
2.090778289129957557e-04 4.832463455386459827e-04 1.454260345781221986e-04 1.456375466659665108e-04
2.088936016662046313e-04 4.808310477528721094e-04 1.456112513551488519e-04 1.454020675737410784e-04
2.087802276946604252e-04 4.784598713740706444e-04 1.457843318348750472e-04 1.451404095860198140e-04
2.086668682750314474e-04 4.760776646435260773e-04 1.459589257137849927e-04 1.448758557671681046e-04
2.085194864775985479e-04 4.738057323265820742e-04 1.461486972402781248e-04 1.446927053621038795e-04
2.083721046801656485e-04 4.715338000096380711e-04 1.463369553675875068e-04 1.445066445739939809e-04
2.082020655507221818e-04 4.692839575000107288e-04 1.465069799451157451e-04 1.443409273633733392e-04
2.080036647384986281e-04 4.670561465900391340e-04 1.466542453272268176e-04 1.441897475160658360e-04
2.078052784781903028e-04 4.648283356800675392e-04 1.468015107093378901e-04 1.440414780518040061e-04
2.077259123325347900e-04 4.627108282875269651e-04 1.469396665925160050e-04 1.438990293536335230e-04
2.076607343042269349e-04 4.606043221428990364e-04 1.470778224756941199e-04 1.437594764865934849e-04
2.075870434055104852e-04 4.585199058055877686e-04 1.472281292080879211e-04 1.436286547686904669e-04
2.075020165648311377e-04 4.564685514196753502e-04 1.474027230869978666e-04 1.435181766282767057e-04
2.074169897241517901e-04 4.544171970337629318e-04 1.475788303650915623e-04 1.434106088709086180e-04
2.072639472316950560e-04 4.524099640548229218e-04 1.477276091463863850e-04 1.433117722626775503e-04
2.070853952318429947e-04 4.504137614276260138e-04 1.478657650295644999e-04 1.432187418686226010e-04
2.069295151159167290e-04 4.484175879042595625e-04 1.480084756622090936e-04 1.431431446690112352e-04
2.068756584776565433e-04 4.464875382836908102e-04 1.481648505432531238e-04 1.431547716492787004e-04
2.068218163913115859e-04 4.445464874152094126e-04 1.483197120251134038e-04 1.431664131814613938e-04
2.067849709419533610e-04 4.426495288498699665e-04 1.484882232034578919e-04 1.431576820323243737e-04
2.067622990580275655e-04 4.407746600918471813e-04 1.486673718318343163e-04 1.431373384548351169e-04
2.067396126221865416e-04 4.389107925817370415e-04 1.488434791099280119e-04 1.431169803254306316e-04
2.066857705358415842e-04 4.371572285890579224e-04 1.490104768890887499e-04 1.431024429621174932e-04
2.066347515210509300e-04 4.353926342446357012e-04 1.491759612690657377e-04 1.430908159818500280e-04
2.065922453766688704e-04 4.336501006036996841e-04 1.493126037530601025e-04 1.430937263648957014e-04
2.065667358692735434e-04 4.319295985624194145e-04 1.494158350396901369e-04 1.431169803254306316e-04
2.065383887384086847e-04 4.302091256249696016e-04 1.495190808782353997e-04 1.431402342859655619e-04
2.064902073470875621e-04 4.285217146389186382e-04 1.497255580034106970e-04 1.432274584658443928e-04
2.064392028842121363e-04 4.268343327566981316e-04 1.499426580267027020e-04 1.433204888598993421e-04
2.064080181298777461e-04 4.251800128258764744e-04 1.501400111010298133e-04 1.433931756764650345e-04
2.064250293187797070e-04 4.235698143020272255e-04 1.502979139331728220e-04 1.434193400200456381e-04
2.064392028842121363e-04 4.219596157781779766e-04 1.504542888142168522e-04 1.434455043636262417e-04
2.064533618977293372e-04 4.203825083095580339e-04 1.505560067016631365e-04 1.435298036085441709e-04
2.064675354631617665e-04 4.188164311926811934e-04 1.506395055912435055e-04 1.436286547686904669e-04
2.064732107101008296e-04 4.172724147792905569e-04 1.507381821284070611e-04 1.437362225260585546e-04
2.064561995211988688e-04 4.158055817242711782e-04 1.508960704086348414e-04 1.438844919903203845e-04
2.064392028842121363e-04 4.143387777730822563e-04 1.510524452896788716e-04 1.440356718376278877e-04
2.064335276372730732e-04 4.129050357732921839e-04 1.511830196250230074e-04 1.441694039385765791e-04
2.064306900138035417e-04 4.114712937735021114e-04 1.512968738097697496e-04 1.442915090592578053e-04
2.064335276372730732e-04 4.100485821254551411e-04 1.514107425464317203e-04 1.444194203941151500e-04
2.064703730866312981e-04 4.086258704774081707e-04 1.515291660325601697e-04 1.445909438189119101e-04
2.065072185359895229e-04 4.072031588293612003e-04 1.516491029178723693e-04 1.447624672437086701e-04
2.065553999273106456e-04 4.058355989400297403e-04 1.517614437034353614e-04 1.449310948373749852e-04
2.066149172605946660e-04 4.045342211611568928e-04 1.518692442914471030e-04 1.450968120479956269e-04
2.066744345938786864e-04 4.032217839267104864e-04 1.519770303275436163e-04 1.452625147067010403e-04
2.067367895506322384e-04 4.019645275548100471e-04 1.521015219623222947e-04 1.454398588975891471e-04
2.067991299554705620e-04 4.007072420790791512e-04 1.522260135971009731e-04 1.456172030884772539e-04
2.068614849122241139e-04 3.994609869550913572e-04 1.523413957329466939e-04 1.458236074540764093e-04
2.069181791739538312e-04 3.982367925345897675e-04 1.524370454717427492e-04 1.460852654417976737e-04
2.069748588837683201e-04 3.970125981140881777e-04 1.525342086097225547e-04 1.463498192606493831e-04
2.069918555207550526e-04 3.957994631491601467e-04 1.526678097434341908e-04 1.465765817556530237e-04
2.069946931442245841e-04 3.945973294321447611e-04 1.528135471744462848e-04 1.467975380364805460e-04
2.070145419565960765e-04 3.934062260668724775e-04 1.529365254100412130e-04 1.470184797653928399e-04
2.070853952318429947e-04 3.922812757082283497e-04 1.529760047560557723e-04 1.472394360462203622e-04
2.071562485070899129e-04 3.911563544534146786e-04 1.530139561509713531e-04 1.474603777751326561e-04
2.072582719847559929e-04 3.900424344465136528e-04 1.530427980469539762e-04 1.477220357628539205e-04
2.073744835797697306e-04 3.889395738951861858e-04 1.530655717942863703e-04 1.480069331591948867e-04
2.074850053759291768e-04 3.878256829921156168e-04 1.530944136902689934e-04 1.482889347244054079e-04
2.074821823043748736e-04 3.867889754474163055e-04 1.532022142782807350e-04 1.485447719460353255e-04
2.074821823043748736e-04 3.857412375509738922e-04 1.533100003143772483e-04 1.487976987846195698e-04
2.075360243907198310e-04 3.847596817649900913e-04 1.533965405542403460e-04 1.490564463892951608e-04
2.076465607387945056e-04 3.838222473859786987e-04 1.534603070467710495e-04 1.493210002081468701e-04
2.077570970868691802e-04 3.828847839031368494e-04 1.535255869384855032e-04 1.495855685789138079e-04
2.078279503621160984e-04 3.819032281171530485e-04 1.535787159809842706e-04 1.498704659752547741e-04
2.078959660138934851e-04 3.809327026829123497e-04 1.536318595753982663e-04 1.501553779235109687e-04
2.079866535495966673e-04 3.799732076004147530e-04 1.536849886178970337e-04 1.504432002548128366e-04
2.081170387100428343e-04 3.790578339248895645e-04 1.537411735625937581e-04 1.507310080341994762e-04
2.082474093185737729e-04 3.781314007937908173e-04 1.537973439553752542e-04 1.510188303655013442e-04
2.083069266518577933e-04 3.772711788769811392e-04 1.538368087494745851e-04 1.513473398517817259e-04
2.083437721012160182e-04 3.764219582080841064e-04 1.538717333460226655e-04 1.516904012532904744e-04
2.083919534925371408e-04 3.755727375391870737e-04 1.539005752420052886e-04 1.520218211226165295e-04
2.084628067677840590e-04 3.747235168702900410e-04 1.539005752420052886e-04 1.523241662653163075e-04
2.085364976665005088e-04 3.738853556569665670e-04 1.539005752420052886e-04 1.526265259599313140e-04
2.086328604491427541e-04 3.730581956915557384e-04 1.539628283353522420e-04 1.529492292320355773e-04
2.087462198687717319e-04 3.722420660778880119e-04 1.540569501230493188e-04 1.532835594844073057e-04
2.088567562168464065e-04 3.714369668159633875e-04 1.541434903629124165e-04 1.536208001198247075e-04
2.089247718686237931e-04 3.706539282575249672e-04 1.541465317131951451e-04 1.539580407552421093e-04
2.089928020723164082e-04 3.698819200508296490e-04 1.541495585115626454e-04 1.542923710076138377e-04
2.090806519845500588e-04 3.691319434437900782e-04 1.541571546113118529e-04 1.546325074741616845e-04
2.091826900141313672e-04 3.684040566440671682e-04 1.541677775094285607e-04 1.549697481095790863e-04
2.092875511152669787e-04 3.676761698443442583e-04 1.541799283586442471e-04 1.553069887449964881e-04
2.093499060720205307e-04 3.669923753477632999e-04 1.542072568554431200e-04 1.556616625748574734e-04
2.094122610287740827e-04 3.663196403067559004e-04 1.542360987514257431e-04 1.560163509566336870e-04
2.095001109410077333e-04 3.656468761619180441e-04 1.542619138490408659e-04 1.563739351695403457e-04
2.096276584779843688e-04 3.649851423688232899e-04 1.542816462460905313e-04 1.567431609146296978e-04
2.097523538395762444e-04 3.643234376795589924e-04 1.543028920423239470e-04 1.571094617247581482e-04
2.098232071148231626e-04 3.636837645899504423e-04 1.543165562907233834e-04 1.574699708726257086e-04
2.098827244481071830e-04 3.630440915003418922e-04 1.543287071399390697e-04 1.578246447024866939e-04
2.099507546517997980e-04 3.624154487624764442e-04 1.543438847875222564e-04 1.581793330842629075e-04
2.100471174344420433e-04 3.618198970798403025e-04 1.543681864859536290e-04 1.585340069141238928e-04
2.101434802170842886e-04 3.612353757489472628e-04 1.543939870316535234e-04 1.588857849128544331e-04
2.102455036947503686e-04 3.606729151215404272e-04 1.543833641335368156e-04 1.592579064890742302e-04
2.103503647958859801e-04 3.601104544941335917e-04 1.543560356367379427e-04 1.596358488313853741e-04
2.104524028254672885e-04 3.595589951146394014e-04 1.543317484902217984e-04 1.600137911736965179e-04
2.105232561007142067e-04 3.590185951907187700e-04 1.543393300380557775e-04 1.603626587893813848e-04
2.105941093759611249e-04 3.584781952667981386e-04 1.543469261378049850e-04 1.607115264050662518e-04
2.106904721586033702e-04 3.579598269425332546e-04 1.543545222375541925e-04 1.610632898518815637e-04
2.108151820721104741e-04 3.574635484255850315e-04 1.543590769870206714e-04 1.614208886167034507e-04
2.109370543621480465e-04 3.569672408048063517e-04 1.543651451356709003e-04 1.617755624465644360e-04
2.109880588250234723e-04 3.564930229913443327e-04 1.543848775327205658e-04 1.621273404452949762e-04
2.110334025928750634e-04 3.560187760740518570e-04 1.544076512800529599e-04 1.624791184440255165e-04
2.110929344780743122e-04 3.555445582605898380e-04 1.544243568787351251e-04 1.628541504032909870e-04
2.111666108248755336e-04 3.550703113432973623e-04 1.544364931760355830e-04 1.632756902836263180e-04
2.112403017235919833e-04 3.545960644260048866e-04 1.544471306260675192e-04 1.636943343328312039e-04
2.113253285642713308e-04 3.541659680195152760e-04 1.544258702779188752e-04 1.640897244215011597e-04
2.114131930284202099e-04 3.537468728609383106e-04 1.543985417811200023e-04 1.644821895752102137e-04
2.115010429406538606e-04 3.533167473506182432e-04 1.543772959848865867e-04 1.648659526836127043e-04
2.115917450282722712e-04 3.529086825437843800e-04 1.543788093840703368e-04 1.652293576626107097e-04
2.116824325639754534e-04 3.524895873852074146e-04 1.543803227832540870e-04 1.655898522585630417e-04
2.117646363331004977e-04 3.521146136336028576e-04 1.543727412354201078e-04 1.659619738347828388e-04
2.118439879268407822e-04 3.517506702337414026e-04 1.543590769870206714e-04 1.663399161770939827e-04
2.119233395205810666e-04 3.513977280817925930e-04 1.543484395369887352e-04 1.667149481363594532e-04
2.120055287377908826e-04 3.510448150336742401e-04 1.543575490359216928e-04 1.670609053689986467e-04
2.120877325069159269e-04 3.506919019855558872e-04 1.543666585348546505e-04 1.674068626016378403e-04
2.122181031154468656e-04 3.500081074889749289e-04 1.543696998851373792e-04 1.681249559624120593e-04
2.122776204487308860e-04 3.496772551443427801e-04 1.543696998851373792e-04 1.684883609414100647e-04
2.123654703609645367e-04 3.493904951028525829e-04 1.544152473798021674e-04 1.688866468612104654e-04
2.124561724485829473e-04 3.491037641651928425e-04 1.544638216728344560e-04 1.692849327810108662e-04
2.125326864188537002e-04 3.488059737719595432e-04 1.544941915199160576e-04 1.696599647402763367e-04
2.125893806805834174e-04 3.484971821308135986e-04 1.544957049190998077e-04 1.700001157587394118e-04
2.126460603903979063e-04 3.481773601379245520e-04 1.544972328701987863e-04 1.703402522252872586e-04
2.127112529706209898e-04 3.479236911516636610e-04 1.545078557683154941e-04 1.707269257167354226e-04
2.127792686223983765e-04 3.476810525171458721e-04 1.545215200167149305e-04 1.711252116365358233e-04
2.128416235791519284e-04 3.474273835308849812e-04 1.545382256153970957e-04 1.715060643618926406e-04
2.128926280420273542e-04 3.471737436484545469e-04 1.545670675113797188e-04 1.718462008284404874e-04
2.129975036950781941e-04 3.466774360276758671e-04 1.546141284052282572e-04 1.725352194625884295e-04
2.130513457814231515e-04 3.464568580966442823e-04 1.546293060528114438e-04 1.728898932924494147e-04
2.131023647962138057e-04 3.462362801656126976e-04 1.546429703012108803e-04 1.732445816742256284e-04
2.131505461875349283e-04 3.460267325863242149e-04 1.546444982523098588e-04 1.735934492899104953e-04
2.131958899553865194e-04 3.458282153587788343e-04 1.546444982523098588e-04 1.739394065225496888e-04
2.132610825356096029e-04 3.456407284829765558e-04 1.546885177958756685e-04 1.742999011185020208e-04
2.133461093762889504e-04 3.454642719589173794e-04 1.547689898870885372e-04 1.746720226947218180e-04
2.134311362169682980e-04 3.452878154348582029e-04 1.548494474263861775e-04 1.750441588228568435e-04
2.134651440428569913e-04 3.451113589107990265e-04 1.548873988213017583e-04 1.753465039655566216e-04
2.134991518687456846e-04 3.449349023867398500e-04 1.549253502162173390e-04 1.756488491082563996e-04
2.135388349415734410e-04 3.447694762144237757e-04 1.549663429614156485e-04 1.759715523803606629e-04
2.136465336661785841e-04 3.444716858211904764e-04 1.550619927002117038e-04 1.766838249750435352e-04
2.136918774340301752e-04 3.443503810558468103e-04 1.551060267956927419e-04 1.770152593962848186e-04
2.137372212018817663e-04 3.442290471866726875e-04 1.551470195408910513e-04 1.773437688825652003e-04
2.137769042747095227e-04 3.441077424213290215e-04 1.551955938339233398e-04 1.776722929207608104e-04
2.137995761586353183e-04 3.439864376559853554e-04 1.552654284751042724e-04 1.780066231731325388e-04
2.138222480425611138e-04 3.438651037868112326e-04 1.553352631162852049e-04 1.783409534255042672e-04
2.138619311153888702e-04 3.437548293732106686e-04 1.553960028104484081e-04 1.786578359315171838e-04
2.139101125067099929e-04 3.436555562075227499e-04 1.554536866024136543e-04 1.789689122233539820e-04
2.139554562745615840e-04 3.435563121456652880e-04 1.555113849462941289e-04 1.792770781321451068e-04
2.140376454917714000e-04 3.433798556216061115e-04 1.556404313305392861e-04 1.798556186258792877e-04
2.140631549991667271e-04 3.433026431594043970e-04 1.557148207211866975e-04 1.801637845346704125e-04
2.140773285645991564e-04 3.432364610489457846e-04 1.557983196107670665e-04 1.804922940209507942e-04
2.141141740139573812e-04 3.431041259318590164e-04 1.559880911372601986e-04 1.811144466046243906e-04
2.141340082744136453e-04 3.430489741731435061e-04 1.560958771733567119e-04 1.814080751501023769e-04
2.141566801583394408e-04 3.429938515182584524e-04 1.561960816616192460e-04 1.816987933125346899e-04
2.141765144187957048e-04 3.429497301112860441e-04 1.562826219014823437e-04 1.819924218580126762e-04
2.141963632311671972e-04 3.429166390560567379e-04 1.563706755405291915e-04 1.822860504034906626e-04
2.142275334335863590e-04 3.428614872973412275e-04 1.564632839290425181e-04 1.825709623517468572e-04
2.142615412594750524e-04 3.428173658903688192e-04 1.565558923175558448e-04 1.828558743000030518e-04
2.142927260138094425e-04 3.427843039389699697e-04 1.566621649544686079e-04 1.831407862482592463e-04
2.143068995792418718e-04 3.427843039389699697e-04 1.568048755871132016e-04 1.834169670473784208e-04
2.143238962162286043e-04 3.427732735872268677e-04 1.569475862197577953e-04 1.836931478464975953e-04
2.143550809705629945e-04 3.428063646424561739e-04 1.571540633449330926e-04 1.842513447627425194e-04
2.143720776075497270e-04 3.428173658903688192e-04 1.572542678331956267e-04 1.845304359449073672e-04
2.144004247384145856e-04 3.428283962421119213e-04 1.573954505147412419e-04 1.847862731665372849e-04
2.144287573173642159e-04 3.428283962421119213e-04 1.575366477482020855e-04 1.850421103881672025e-04
