4.550155172007239179e-02
4.545513620593923110e-02
4.540289051316875879e-02
4.534983351509769278e-02
4.529910250614834627e-02
4.525350996137648268e-02
4.520789619600326659e-02
4.515118251378297254e-02
4.509075510976729567e-02
4.503006900134247370e-02
4.496816862263147002e-02
4.490626926919708689e-02
4.484144771428385384e-02
4.477485558782472869e-02
4.470822972104825793e-02
4.464096275897379978e-02
4.457371450861928597e-02
4.450143467887032050e-02
4.442418412568771569e-02
4.434690821900579005e-02
4.426930624748993959e-02
4.419166151203874487e-02
4.411236089946220934e-02
4.403028908831318339e-02
4.394824121184611604e-02
4.386291358154944392e-02
4.377687720932127435e-02
4.368977025491797145e-02
4.359960461247137931e-02
4.350942107434769418e-02
4.341622403688388809e-02
4.332162565588068559e-02
4.322675297581051596e-02
4.312979345374214762e-02
4.303285564841547589e-02
4.293354370656529695e-02
4.283244212776451260e-02
4.273130022310167586e-02
4.262743084623123180e-02
4.252353181154191336e-02
4.241710389758992367e-02
4.230740971855843219e-02
4.219774928839704203e-02
4.208856385068535100e-02
4.197947430959130671e-02
4.186747861379356422e-02
4.174921099791582130e-02
4.163090869158486695e-02
4.151481480461449020e-02
4.139939940149543057e-02
4.128255875009467779e-02
4.115945460207378476e-02
4.103632242831972698e-02
4.091339770179375224e-02
4.079055230257998960e-02
4.066773133467055379e-02
4.054492028957654842e-02
4.042214982545968421e-02
4.029587597926167358e-02
4.016619263436334297e-02
4.003651198463951955e-02
3.990322531411900908e-02
3.976973849742160977e-02
3.963645648639396724e-02
3.950358717314002982e-02
3.937067991333061123e-02
3.923318721751783977e-02
3.909465059401771164e-02
3.895666588359790461e-02
3.882050387060498320e-02
3.868430865076365188e-02
3.854442704981411727e-02
3.840287584684192596e-02
3.826123475263744356e-02
3.811928074016894541e-02
3.797733683885043399e-02
3.783424615400852314e-02
3.769032799080543339e-02
3.754637279968931624e-02
3.739865924389658425e-02
3.725094564625709703e-02
3.710260535717319064e-02
3.695356372553542518e-02
3.680450876849215847e-02
3.665458413204190219e-02
3.650456956730607772e-02
3.635422693260979832e-02
3.620310840252876500e-02
3.605202786084996808e-02
3.589963311238308918e-02
3.574675910856626310e-02
3.559373102315614018e-02
3.543989684048366728e-02
3.528601474858665543e-02
3.513167334029884681e-02
3.497702199101344195e-02
3.482232137090322116e-02
3.466759816742858574e-02
3.451286879940882596e-02
3.435646030810218104e-02
3.419833733350740451e-02
3.404025988883059572e-02
3.388202276042524830e-02
3.372373503315483773e-02
3.356605079077877585e-02
3.340931168193506107e-02
3.325256996161033568e-02
3.309372046184087812e-02
3.293443143304820853e-02
3.277522742782230242e-02
3.261628170153153122e-02
3.245732931052071335e-02
3.229767532886449605e-02
3.213775870782190763e-02
3.197761094685062228e-02
3.181584482373690792e-02
3.165403388011391039e-02
3.149413894149494936e-02
3.133571512803853820e-02
3.117728325398537448e-02
3.101589066934599612e-02
3.085449141998658149e-02
3.069344947905510573e-02
3.053295337177543839e-02
3.037246263593870385e-02
3.021163234005913231e-02
3.005076252099136980e-02
2.989001629440487043e-02
2.972950453646866151e-02
2.956902822024110380e-02
2.940783296727427984e-02
2.924639988776855937e-02
2.908558852609944428e-02
2.892750399124709160e-02
2.876942996409582315e-02
2.861164949880000766e-02
2.845406019377965876e-02
2.829623278666512989e-02
2.813529115908288900e-02
2.797435713578651575e-02
2.781535609929779856e-02
2.765830898475776095e-02
2.750125426593185221e-02
2.734450406894899099e-02
2.718776763404186572e-02
2.703186449902217695e-02
2.687733063529506097e-02
2.672279689710820375e-02
2.656716853980484877e-02
2.641128889881992972e-02
2.625567724464156205e-02
2.610089249204850317e-02
2.594610538107224723e-02
2.579108293050378850e-02
2.563594177460810572e-02
2.548113644383031770e-02
2.532882737414541424e-02
2.517651225398532741e-02
2.502486636389103514e-02
2.487373639598111988e-02
2.472261453352504745e-02
2.457106817003734678e-02
2.441951984670365228e-02
2.426840547846100329e-02
2.411786394120430527e-02
2.396731479966173611e-02
2.381921382638547968e-02
2.367143272467535711e-02
2.352397164775248128e-02
2.337720565782076126e-02
2.323044038675077180e-02
2.308415540029663468e-02
2.293804462744367459e-02
2.279220629761109090e-02
2.264765017536394046e-02
2.250305970689064905e-02
2.235958825779231843e-02
2.221680923556798581e-02
2.207408822929199377e-02
2.193234540036570479e-02
2.179064098336798427e-02
2.164930140172586712e-02
2.150837501417241296e-02
2.136745707732410141e-02
2.122882690409414255e-02
2.109041190386142309e-02
2.095193979634736234e-02
2.081344232613489484e-02
2.067494121272210258e-02
2.053925930703396838e-02
2.040422403277208918e-02
2.026952637802908325e-02
2.013592897854112052e-02
2.000229804685258600e-02
1.986920438007812317e-02
1.973636702114263744e-02
1.960383649017764796e-02
1.947335613950456831e-02
1.934288391520870912e-02
1.921351836972426397e-02
1.908500195668708446e-02
1.895648388320505390e-02
1.882866981724277619e-02
1.870083379736791826e-02
1.857372069806557252e-02
1.844750609745230904e-02
1.832129164330267845e-02
1.819582718010423483e-02
1.807044457344978219e-02
1.794618351541023629e-02
1.782445132171623162e-02
1.770275206389098493e-02
1.758069769198650559e-02
1.745853336237082956e-02
1.733692637526436722e-02
1.721785896209502426e-02
1.709881595744070643e-02
1.697991799854461220e-02
1.686116103505863606e-02
1.674250671134658655e-02
1.662638300397501628e-02
1.651023758729750282e-02
1.639487267251325125e-02
1.628027514790711394e-02
1.616569920706666108e-02
1.605363417364435996e-02
1.594174006337827770e-02
1.583001799126984577e-02
1.571851284323124223e-02
1.560703681252619338e-02
1.549749024210693958e-02
1.538842159270416461e-02
1.527981964474648367e-02
1.517198044726980437e-02
1.506441261676678793e-02
1.495816793287461401e-02
1.485257524748502533e-02
1.474704722519795848e-02
1.464202738191455397e-02
1.453700882344827368e-02
1.443333839670638864e-02
1.433055383285172617e-02
1.422803317324214910e-02
1.412634590108547382e-02
1.402467397300595324e-02
1.392393409773255535e-02
1.382448553835043288e-02
1.372504589694254970e-02
1.362636751507139560e-02
1.352757262761071673e-02
1.342972487460900033e-02
1.333357226175495291e-02
1.323742047912332756e-02
1.314233709398614398e-02
1.304765974426582917e-02
1.295314158889431140e-02
1.285948399098349459e-02
1.276558199095608956e-02
1.267332922913936254e-02
1.258201333013013457e-02
1.249069998632467739e-02
1.239933285743304199e-02
1.230796315095928489e-02
1.221806696271289690e-02
1.212980493296259531e-02
1.204154228172710749e-02
1.195387170967574832e-02
1.186652395766064384e-02
1.177952018447335318e-02
1.169319997832811951e-02
1.160687907796241480e-02
1.152238968479693017e-02
1.143840715580245887e-02
1.135472035681834441e-02
1.127207737248093339e-02
1.118943405386603300e-02
1.110721428375840460e-02
1.102500172098255793e-02
1.094322263557880905e-02
1.086356016089206483e-02
1.078390497189843193e-02
1.070427401931074371e-02
1.062467525715846475e-02
1.054507644319427340e-02
1.046757368199427787e-02
1.039015609149016028e-02
1.031338951519099323e-02
1.023759749112680521e-02
1.016161030861807701e-02
1.008614297810106301e-02
1.001073553069187910e-02
9.936064199013969894e-03
9.863355123557253704e-03
9.790645849824992225e-03
9.718021343951343399e-03
9.645435131901105436e-03
9.572975979438349062e-03
9.501251245650994826e-03
9.429527143810517362e-03
9.359409343582130586e-03
9.290455328518751679e-03
9.221499836489085652e-03
9.152261467013242391e-03
9.083203099718649767e-03
9.014562548141350287e-03
8.946407309072203565e-03
8.878247210686321389e-03
8.812248602283025492e-03
8.746499096879908203e-03
8.681145470226192540e-03
8.616564280704787707e-03
8.551993053852447596e-03
8.487411918956130202e-03
8.422831127504117055e-03
8.358556135755031841e-03
8.295536322607051372e-03
8.232515543234699557e-03
8.170258100875489940e-03
8.108443373114200894e-03
8.046699377876623260e-03
7.985927557928726092e-03
7.925153233133997235e-03
7.864652133034189321e-03
7.804714424622035372e-03
7.744778661845128087e-03
7.686283922513164300e-03
7.627877768136484028e-03
7.569585095926933266e-03
7.511466988089285368e-03
7.453351270019900089e-03
7.396694550232923125e-03
7.340364915545605738e-03
7.284140725090293075e-03
7.228235190009016722e-03
7.172336922316794629e-03
7.117087189891848145e-03
7.062130614458193324e-03
7.007409029376319119e-03
6.954293369113948887e-03
6.901175645518440628e-03
6.847939251649245648e-03
6.794606842194084347e-03
6.741279845532078575e-03
6.689615871839620781e-03
6.637962059091775599e-03
6.586725797759984680e-03
6.536031767363806484e-03
6.485342941023545388e-03
6.434620322051016333e-03
6.383880379798973284e-03
6.333659952168011267e-03
6.284568403754166310e-03
6.235478918673455911e-03
6.187139963560064557e-03
6.139046952590393284e-03
6.091071426947141688e-03
6.043606645045881270e-03
5.996152149629491342e-03
5.949389452444160502e-03
5.903084424035798944e-03
5.856793238766548962e-03
5.810835445601550756e-03
5.764877821946356312e-03
5.719423744709382224e-03
5.674502705758486046e-03
5.629579467472505157e-03
5.585195450117223272e-03
5.540843493381991669e-03
5.496810486534685347e-03
5.453341016038567614e-03
5.409871271664029070e-03
5.366982111229844088e-03
5.324246155607426610e-03
5.281608978030413737e-03
5.239330835530003200e-03
5.197052277918382500e-03
5.156209413769214343e-03
5.116087678924368179e-03
5.075891300941660390e-03
5.035031708383068058e-03
4.994167227741993544e-03
4.953899815721363176e-03
4.914251123881744829e-03
4.874511504038595358e-03
4.835664378098991287e-03
4.796849035522644453e-03
4.758421364956417175e-03
4.720576735247710570e-03
4.682726807576156024e-03
4.644946753440788549e-03
4.607186154977945501e-03
4.569562331994092910e-03
4.532323826195303572e-03
4.495075394591622683e-03
4.459068236171481736e-03
4.423546029355765637e-03
4.388002141985231086e-03
4.352292274763066258e-03
4.316584606875985275e-03
4.281220898058974919e-03
4.246205501775153837e-03
4.211117025590764215e-03
4.177051063620869191e-03
4.142987796930985497e-03
4.109107638507659803e-03
4.075463555138085329e-03
4.041821529870803613e-03
4.009290657356963557e-03
3.976890932880130201e-03
3.944495839967451616e-03
3.912122431690672440e-03
3.879748969795792854e-03
3.847797312157544627e-03
3.816046899464518947e-03
3.784426138371450171e-03
3.753662920747991363e-03
3.722899761973476936e-03
3.692270021636573710e-03
3.661722174985785911e-03
3.631198301402267271e-03
3.600968721397349807e-03
3.570748846937005228e-03
3.541102894107331107e-03
3.512118791994628137e-03
3.483054016661595899e-03
3.454055661111384533e-03
3.425068575631027516e-03
3.396434770371673829e-03
3.368401158519579008e-03
3.340357699890120647e-03
3.312570727036761014e-03
3.284840685924447692e-03
3.257345046191069664e-03
3.230294643098587711e-03
3.203244146099176216e-03
3.176563242243037998e-03
3.150054824941482534e-03
3.123620286140617840e-03
3.097796862691220860e-03
3.071963557406474747e-03
3.046332266561667824e-03
3.020731138991571748e-03
2.995137278810529498e-03
2.970451213353526507e-03
2.945786431957863726e-03
2.921121081708318978e-03
2.896445447997154660e-03
2.871834990993791560e-03
2.847550653500756455e-03
2.823341698634621120e-03
2.799341813720639810e-03
2.775870144600469346e-03
2.752398574618072392e-03
2.729385689099539554e-03
2.706608365233634673e-03
2.683815563706921405e-03
2.661222922443976218e-03
2.638640138047686386e-03
2.616283837442450085e-03
2.594094892640495722e-03
2.571977065690860768e-03
2.550588060938231792e-03
2.529206617563322084e-03
2.507910019528443446e-03
2.486715391268484211e-03
2.465525845941896922e-03
2.444796805525251051e-03
2.424061262072525064e-03
2.403490868471796962e-03
2.383265694132824866e-03
2.363040677780571530e-03
2.343299171514674501e-03
2.323639547354205102e-03
2.304002112910052275e-03
2.284419763208707811e-03
2.264837568878659037e-03
2.245752484227218383e-03
2.226872065903420708e-03
2.208026562391118570e-03
2.189542365415846938e-03
2.171060439329317547e-03
2.152677732493710194e-03
2.134301276298023863e-03
2.115924817486915764e-03
2.098070315610447989e-03
2.080248633716549108e-03
2.062725352493787693e-03
2.045563172215194171e-03
2.028403371243174026e-03
2.011258128639629907e-03
1.994112132457603621e-03
1.977178933810445644e-03
1.960724596317889225e-03
1.944280218878975978e-03
1.927994085490733782e-03
1.911822076155288977e-03
1.895656530126870040e-03
1.879868581300451168e-03
1.864083061349492429e-03
1.848249095162020567e-03
1.832298921454662789e-03
1.816348740307604679e-03
1.801240408472372639e-03
1.786191468417066110e-03
1.771265083936309891e-03
1.756562117881237031e-03
1.741859201395051142e-03
1.727271392445769299e-03
1.712655110007245494e-03
1.698164725946658092e-03
1.684001783155870523e-03
1.669878862842168014e-03
1.655996144259189303e-03
1.642230041487152637e-03
1.628465984895229339e-03
1.614785304455398267e-03
1.601071841343421715e-03
1.587738604975402886e-03
1.574687735709500011e-03
1.561664929982189932e-03
1.548608180144458307e-03
1.535561177980485775e-03
1.522737160677081801e-03
1.510114562119406045e-03
1.497491971001430403e-03
1.485202794008854245e-03
1.472988922056038021e-03
1.460797454411303081e-03
1.448746192226150900e-03
1.436730057180151668e-03
1.424918087964550852e-03
1.413185063995901422e-03
1.401490044887236100e-03
1.390007024522912958e-03
1.378496596383874898e-03
1.367181454538406778e-03
1.356006999595530576e-03
1.344824553284323411e-03
1.333995795972549086e-03
1.323199548021315990e-03
1.312477991726874928e-03
1.301870376268691445e-03
1.291290358211213138e-03
1.280792754537414752e-03
1.270302354718069867e-03
1.259958901328831057e-03
1.249803011780918540e-03
1.239644694665256557e-03
1.229695595202615977e-03
1.219764694190550447e-03
1.209898719217083075e-03
1.200242232659828054e-03
1.190561013115056270e-03
1.181079219311006881e-03
1.171723017506185035e-03
1.162361052364234253e-03
1.153160335758363249e-03
1.143989642628986470e-03
1.134946297865563770e-03
1.126035512831690148e-03
1.117149759013404001e-03
1.108435768445837407e-03
1.099756635813202345e-03
1.091130481886580170e-03
1.082649202326134343e-03
1.074180615205931871e-03
1.065939071518822454e-03
1.057752370781009322e-03
1.049609071727002118e-03
1.041529277437785008e-03
1.033442195082452447e-03
1.025476549417979420e-03
1.017529139178860367e-03
1.009637661554118205e-03
1.001971792312907278e-03
9.943034619720925085e-04
9.867838578550918414e-04
9.793490597055397925e-04
9.719291389845601458e-04
9.647279200763208716e-04
9.575292954699608219e-04
9.503953057291080831e-04
9.433026627679848373e-04
9.362225326410971446e-04
9.293760599643005474e-04
9.225726313970001972e-04
9.158234676991405549e-04
9.091547461399641754e-04
9.025008625126805083e-04
8.959054788922514922e-04
8.893589378165454818e-04
8.828486986257651908e-04
8.765726909466515062e-04
8.703216574745384262e-04
8.641577969501763705e-04
8.580791042302182963e-04
8.519826141518720879e-04
8.459501841430725790e-04
8.398977033990508503e-04
8.339836973139911095e-04
8.282469773750462776e-04
8.224950014783877434e-04
8.169055268269376918e-04
8.113118955405253067e-04
8.057502222991923344e-04
8.001954626148496041e-04
7.946605051385686536e-04
7.893260471112409317e-04
7.840675249058735950e-04
7.788333877465006402e-04
7.737713400415832448e-04
7.686893133222670290e-04
7.636562127835362689e-04
7.586519887042066654e-04
7.536523229720395751e-04
7.488167404753510873e-04
7.439709514224662496e-04
7.392022118238192286e-04
7.344809343255165063e-04
7.297794195385956572e-04
7.251450411695671691e-04
7.205336426240969289e-04
7.160117434279801053e-04
7.117055688567413109e-04
7.073920507027599627e-04
7.029991103268204292e-04
6.985680098164831269e-04
6.942287141673347210e-04
6.901574097410705533e-04
6.860937456858848173e-04
6.820310954563238784e-04
6.779812746812562824e-04
6.739369129166639018e-04
6.700876170887607158e-04
6.662308439961833490e-04
6.623901050780540110e-04
6.585902261472047171e-04
6.547777931502985274e-04
6.511739191928150785e-04
6.475643597176093192e-04
6.439878727348292281e-04
6.404491440241435974e-04
6.369180174955678094e-04
6.335380896592253614e-04
6.302025147987652025e-04
6.268641861560128939e-04
6.235579067955523361e-04
6.202490612499740770e-04
6.170421989017501512e-04
6.139022723266347042e-04
6.107589870314556824e-04
6.076706554661298739e-04
6.045748084471612958e-04
6.015461504253684540e-04
5.985647294908108540e-04
5.955757089895652879e-04
5.926792092157618297e-04
5.897752050728261898e-04
5.869690673228726563e-04
5.842799151565183230e-04
5.816008198444809745e-04
5.788905052143135084e-04
5.761686224684000159e-04
5.735018175976274281e-04
5.709817995825830061e-04
5.684716642309406215e-04
5.659658037486848831e-04
5.634509205605659887e-04
5.609729864058629915e-04
5.586040953124770747e-04
5.562451833877598640e-04
5.539270371291347929e-04
5.516224267665103534e-04
5.493253331652397844e-04
5.471270059285893335e-04
5.449234819085570052e-04
5.427469789569490171e-04
5.405861748714921962e-04
5.384329974571812338e-04
5.364041291800555238e-04
5.343857330707627983e-04
5.323769390055918017e-04
5.303970832978978193e-04
5.284098481385075341e-04
5.265107286430539867e-04
5.246515315903104012e-04
5.227772429437926730e-04
5.208999003047841891e-04
5.190224414121691375e-04
5.172433054574493948e-04
5.155533550825397351e-04
5.138560684810060571e-04
5.122059992672329306e-04
5.105557940515135541e-04
5.088996445745633691e-04
5.072322468906540101e-04
5.055648615989664484e-04
5.040728598696828837e-04
5.026004054290446853e-04
5.011367824673193527e-04
4.996881226485957918e-04
4.982395988318186978e-04
4.967606363725142081e-04
4.952664803402515806e-04
4.937920604513440764e-04
4.924506185977546883e-04
4.911015882619880306e-04
4.897981774089782978e-04
4.885227815066221346e-04
4.872545647728927396e-04
4.860338438732485960e-04
4.848079064418827841e-04
4.836015958185698360e-04
4.824217062989809117e-04
4.812394213522042715e-04
4.800719568232350554e-04
4.789030625806354764e-04
4.777717060942196503e-04
4.767077859247805926e-04
4.756413119624455766e-04
4.745923677076635517e-04
4.735492832116947395e-04
4.725152948424136252e-04
4.715196806728042499e-04
4.705239626418100500e-04
4.695580013017200904e-04
4.685929538849034539e-04
4.676402253630671988e-04
4.667168667769789627e-04
4.657936441928370308e-04
4.649168156282352583e-04
4.640941403232808462e-04
4.632639593414832600e-04
4.624751389474799929e-04
4.616862864129150294e-04
4.609041122642639561e-04
4.601303135267947506e-04
4.593566383990503230e-04
4.585599485601645907e-04
4.577597565929750309e-04
4.569794904937476586e-04
4.562800434622703381e-04
4.555804788694755116e-04
4.549141046609918976e-04
4.542667719223367510e-04
4.536076545196870069e-04
4.529114823391501348e-04
4.522102283211265812e-04
4.515978239901878555e-04
4.510615916705521217e-04
4.505254756045227928e-04
4.499245552762851140e-04
4.493287043933122111e-04
4.487596439048857004e-04
4.482546024998399306e-04
4.477420430257291351e-04
4.472125720448237823e-04
4.466708508490664729e-04
4.461382365708342688e-04
4.456223374908196435e-04
4.451163592631758614e-04
4.446427473772057801e-04
4.441939581141563257e-04
4.437495680634393424e-04
4.432764335365438390e-04
4.428107947149513687e-04
4.423773942138697554e-04
4.419713371227982517e-04
4.415678214324009090e-04
4.411593907397383580e-04
4.407586004181541844e-04
4.403792295168194697e-04
4.400406025939661487e-04
4.396997025459386263e-04
4.393272194532887019e-04
4.389449468179597866e-04
4.385776802570316929e-04
4.382578151490125278e-04
4.379455693560209569e-04
4.376498401781791147e-04
4.373550262313214256e-04
4.370655463775032900e-04
4.367598782487764893e-04
4.364542114277607352e-04
4.361852176646935191e-04
4.359550796278893747e-04
4.357226413614531365e-04
4.354460699057360711e-04
4.351649314390276693e-04
4.348953498213552356e-04
4.346373830736095420e-04
4.343792940238502798e-04
4.341579502437702912e-04
4.339459425038849215e-04
4.337269843741929989e-04
4.335274696215858799e-04
4.333204578559647353e-04
4.331353425888512959e-04
4.329547364438622072e-04
4.327818671752183270e-04
4.326132087020110630e-04
4.324445626210255420e-04
4.320918706030610584e-04
4.319180556628728507e-04
4.318023802487364797e-04
4.316894254622930210e-04
4.315552479440348485e-04
4.313941341563608625e-04
4.312255246633837349e-04
4.311098699159259104e-04
4.310043771918808334e-04
4.308868525843919284e-04
4.307607724232816702e-04
4.305175438638091296e-04
4.304150863593239531e-04
4.303100887618756080e-04
4.302090686709878690e-04
4.301129794079963458e-04
4.300452335820899698e-04
4.300051387913149349e-04
4.299650426928288533e-04
4.298776796410373551e-04
4.297903165892458027e-04
4.297155444363274569e-04
4.296137898408991409e-04
4.295740500570092687e-04
4.295340172131758422e-04
4.294898648608697360e-04
4.294331365671583589e-04
4.293763885251072995e-04
4.293408140400086924e-04
4.293196668655417918e-04
4.292961242638870670e-04
4.292579781292680651e-04
4.292339943671749734e-04
4.292086603122418839e-04
4.291672955759605638e-04
4.291564492857725759e-04
4.291473579097200390e-04
4.291420869822308581e-04
4.291444490697020613e-04
4.291418923776496564e-04
4.291492367896282498e-04
4.291629094203726347e-04
4.291878041663457462e-04
4.292076183825435480e-04
4.292751838878060364e-04
4.293061277733503981e-04
4.293504398544297895e-04
4.293872562302059851e-04
