6.627529899999999932e-03 2.576310000000000058e-02 2.643316477856343452e-02 3.937845100000000181e-03
7.407240100000000299e-03 2.608530040000000064e-02 2.637681414229191626e-02 1.292315000000000044e-03
8.186950300000000666e-03 2.645860049999999852e-02 2.631980276938042373e-02 7.242900000000000466e-04
8.966649900000000020e-03 2.610089999999999980e-02 2.626595921169404962e-02 4.613584999999999908e-04
9.746359700000000251e-03 2.620960030000000010e-02 2.621367743234742989e-02 3.314155000000000052e-04
1.052610019999999924e-02 2.603979970000000130e-02 2.615004749775879864e-02 2.470115000000000049e-04
1.130579970000000073e-02 2.601579949999999891e-02 2.607597295680945393e-02 1.944275000000000083e-04
1.208550019999999996e-02 2.595799979999999924e-02 2.599422591059248611e-02 1.756565000000000079e-04
1.286519969999999971e-02 2.586380019999999849e-02 2.591215934551678937e-02 1.564000000000000069e-04
1.364490020000000067e-02 2.591020059999999889e-02 2.582575097860258240e-02 1.324429999999999922e-04
1.442459970000000043e-02 2.555499970000000079e-02 2.573464772650081375e-02 1.405599999999999959e-04
1.520430019999999965e-02 2.547699960000000124e-02 2.563879614395679976e-02 1.274670000000000046e-04
1.598400059999999928e-02 2.543259969999999912e-02 2.553846274065956976e-02 1.260380000000000018e-04
1.676370019999999864e-02 2.528130079999999988e-02 2.543210991608806787e-02 1.203319999999999992e-04
1.754339970000000012e-02 2.544990000000000099e-02 2.531919300280730326e-02 1.115905000000000016e-04
1.832309920000000161e-02 2.516910060000000088e-02 2.520283131247309100e-02 1.138919999999999999e-04
1.910280060000000071e-02 2.497649940000000110e-02 2.508465171064643701e-02 1.016304999999999954e-04
1.988250020000000007e-02 2.480660009999999943e-02 2.496050027603077121e-02 1.097350000000000056e-04
2.066219970000000156e-02 2.482260019999999942e-02 2.483567936926681097e-02 1.011914999999999950e-04
2.144189919999999958e-02 2.465290020000000110e-02 2.470497245840673831e-02 9.607799999999999728e-05
2.222160059999999868e-02 2.472130020000000081e-02 2.456940394078606024e-02 1.093165000000000028e-04
2.300130020000000150e-02 2.454669959999999929e-02 2.443267084988678603e-02 1.115514999999999974e-04
2.378099969999999952e-02 2.443809989999999946e-02 2.428467745580711185e-02 1.045579999999999974e-04
2.456069920000000101e-02 2.400949969999999906e-02 2.413718143908258687e-02 1.115975000000000034e-04
2.534040060000000011e-02 2.411100080000000076e-02 2.398809065251695724e-02 1.051769999999999994e-04
2.612010019999999946e-02 2.380049970000000167e-02 2.383555795780317732e-02 9.674749999999999485e-05
2.689979970000000095e-02 2.368409930000000066e-02 2.367686630680501669e-02 1.026785000000000029e-04
2.767949919999999897e-02 2.342390080000000124e-02 2.351663106844852427e-02 1.006734999999999976e-04
2.845920060000000154e-02 2.306690070000000023e-02 2.335106412635976764e-02 9.923200000000000130e-05
2.923890020000000090e-02 2.332839930000000020e-02 2.318178652240641263e-02 1.160349999999999961e-04
3.001849909999999844e-02 2.331230039999999948e-02 2.301195180840943932e-02 1.098225000000000010e-04
3.079820050000000101e-02 2.286319989999999885e-02 2.283231967841156673e-02 1.047820000000000007e-04
3.157790010000000036e-02 2.274250049999999856e-02 2.265544713654399703e-02 9.593650000000000550e-05
3.235759960000000185e-02 2.271489989999999834e-02 2.247642463218594081e-02 1.085650000000000016e-04
3.313729910000000334e-02 2.261750029999999925e-02 2.229380929574055134e-02 1.110934999999999961e-04
3.391699869999999922e-02 2.224370089999999980e-02 2.211151672500048793e-02 9.801350000000000611e-05
3.469669820000000071e-02 2.209649979999999889e-02 2.192252900745534153e-02 9.008899999999999753e-05
3.547630090000000042e-02 2.170689959999999932e-02 2.173084025386315746e-02 9.027200000000000577e-05
3.625600040000000190e-02 2.150109970000000162e-02 2.153785573075071846e-02 8.895699999999999549e-05
3.703569990000000339e-02 2.154769930000000056e-02 2.134462224211752107e-02 8.408599999999999419e-05
3.781539949999999928e-02 2.122420070000000103e-02 2.114773125828996528e-02 8.081250000000000596e-05
3.859499839999999682e-02 2.101770039999999867e-02 2.094999811009069443e-02 8.253149999999999408e-05
3.937470170000000047e-02 2.083669980000000047e-02 2.074935640585159891e-02 9.986349999999999687e-05
4.015440120000000196e-02 2.057489939999999906e-02 2.054605929905669107e-02 7.195950000000000111e-05
4.093410070000000345e-02 2.042420019999999919e-02 2.034344213073192159e-02 7.331849999999999945e-05
4.171369970000000232e-02 2.007690070000000063e-02 2.013625505999135784e-02 7.320250000000000259e-05
4.249339919999999687e-02 1.993479949999999931e-02 1.992984578422836786e-02 6.942449999999999912e-05
4.327309879999999970e-02 1.967570000000000083e-02 1.972328514305980024e-02 7.025599999999999955e-05
4.405270139999999807e-02 1.954869929999999978e-02 1.951492317139840241e-02 1.051019999999999976e-04
4.483240100000000089e-02 1.928029950000000048e-02 1.930348891742617382e-02 8.675400000000000320e-05
4.561210050000000238e-02 1.906690000000000121e-02 1.909233146328090727e-02 6.873049999999999527e-05
4.639169950000000126e-02 1.894849909999999846e-02 1.887991412036130884e-02 6.954399999999999688e-05
4.717139900000000274e-02 1.863360030000000070e-02 1.866601742078027870e-02 6.569149999999999946e-05
4.795100170000000245e-02 1.850659959999999965e-02 1.845177754680086754e-02 8.285549999999999979e-05
4.873070119999999700e-02 1.821729910000000063e-02 1.823856096124273213e-02 6.305749999999999723e-05
4.951030020000000281e-02 1.788599979999999992e-02 1.802471858882203487e-02 6.462999999999999615e-05
5.028999969999999736e-02 1.771089990000000031e-02 1.781047910009625826e-02 6.278699999999999364e-05
5.106959860000000184e-02 1.748609920000000068e-02 1.759640743659529258e-02 6.273700000000000598e-05
5.184929819999999773e-02 1.742539930000000167e-02 1.738359155535498107e-02 6.030799999999999925e-05
5.262890089999999743e-02 1.717609910000000156e-02 1.716564500246580555e-02 5.959399999999999897e-05
5.340860039999999892e-02 1.698590070000000063e-02 1.694901167480735923e-02 6.505599999999999512e-05
5.418819930000000340e-02 1.684690080000000173e-02 1.673532589037251411e-02 6.397800000000000307e-05
5.496779830000000228e-02 1.650040040000000027e-02 1.652347175257832743e-02 6.278449999999999493e-05
5.574750159999999899e-02 1.634359919999999952e-02 1.630805821419146345e-02 6.443899999999999747e-05
5.652710050000000347e-02 1.610489929999999945e-02 1.609436572585256492e-02 6.316900000000000455e-05
5.730669950000000235e-02 1.593220050000000027e-02 1.588002181082593528e-02 6.121799999999999562e-05
5.808639899999999689e-02 1.558229979999999938e-02 1.566437224644550222e-02 6.198300000000000608e-05
5.886600169999999660e-02 1.540210000000000017e-02 1.545758403805097200e-02 6.266950000000000027e-05
5.964560060000000108e-02 1.515300009999999940e-02 1.524802984479924246e-02 6.155099999999999395e-05
6.042530019999999696e-02 1.502239980000000079e-02 1.503575120412438751e-02 6.908550000000000118e-05
6.120489910000000144e-02 1.476630009999999917e-02 1.482272266702642192e-02 6.541300000000000543e-05
6.198450180000000115e-02 1.463500040000000058e-02 1.461249855724748407e-02 6.007150000000000244e-05
6.276410070000000563e-02 1.440909970000000054e-02 1.440836810207823428e-02 6.093149999999999760e-05
6.354369969999999757e-02 1.419239960000000071e-02 1.420216307946413695e-02 5.704950000000000326e-05
6.432329859999999511e-02 1.405940020000000061e-02 1.399779632385620906e-02 5.629550000000000336e-05
6.510300189999999876e-02 1.382040049999999978e-02 1.379695490947258248e-02 5.592299999999999973e-05
6.588260079999999630e-02 1.359760020000000055e-02 1.359348957909175919e-02 5.396800000000000235e-05
6.666219980000000211e-02 1.338620020000000008e-02 1.339282879752670338e-02 6.162849999999999448e-05
6.744179869999999966e-02 1.315390039999999976e-02 1.319386153373725695e-02 5.368799999999999826e-05
6.822139770000000547e-02 1.293499950000000058e-02 1.299703928055234020e-02 6.102350000000000282e-05
6.900099660000000301e-02 1.272910000000000014e-02 1.280330030150831321e-02 6.206399999999999396e-05
6.978060310000000488e-02 1.257229969999999926e-02 1.260732552120683546e-02 5.140550000000000105e-05
7.056020200000000242e-02 1.236539990000000075e-02 1.241530858179186285e-02 6.776600000000000137e-05
7.133969660000000212e-02 1.223490009999999954e-02 1.222543504112472493e-02 6.755549999999999381e-05
7.211930299999999572e-02 1.202270019999999995e-02 1.203667038936443411e-02 5.118900000000000067e-05
7.289890200000000153e-02 1.194860040000000033e-02 1.185012632163993072e-02 4.924820000000000055e-05
7.367850099999999347e-02 1.165449990000000033e-02 1.166722296526914206e-02 5.009500000000000064e-05
7.445809990000000489e-02 1.146060039999999974e-02 1.148539797143648122e-02 4.865520000000000131e-05
7.523769889999999683e-02 1.132639960000000022e-02 1.130485000631122582e-02 4.855370000000000237e-05
7.601720089999999819e-02 1.114839970000000048e-02 1.112639732175112542e-02 4.894930000000000244e-05
7.679679990000000400e-02 1.092549970000000065e-02 1.095020739134138811e-02 5.327200000000000088e-05
7.757639880000000154e-02 1.084179990000000079e-02 1.077551844737062968e-02 4.962469999999999940e-05
7.835590089999999730e-02 1.068140010000000022e-02 1.060449687695035580e-02 5.429800000000000089e-05
7.913549990000000312e-02 1.040839959999999981e-02 1.043712588165750070e-02 4.644189999999999999e-05
7.991509880000000066e-02 1.031100000000000072e-02 1.026943931012534381e-02 4.580940000000000223e-05
8.069460089999999641e-02 1.012070009999999944e-02 1.010539559997433723e-02 4.537000000000000099e-05
8.147419990000000223e-02 9.837299600000000074e-03 9.942314561001185449e-03 4.596390000000000219e-05
8.225370199999999798e-02 9.691259799999999217e-03 9.781419835625380921e-03 4.574639999999999962e-05
8.303330089999999553e-02 9.566149700000000158e-03 9.624325742639029679e-03 4.581570000000000250e-05
8.381280300000000516e-02 9.403799699999999817e-03 9.468011987517000599e-03 5.085799999999999994e-05
8.459240199999999710e-02 9.324260100000000481e-03 9.313496792700369856e-03 4.515470000000000323e-05
8.537189659999999680e-02 9.132729799999999426e-03 9.163107776074715105e-03 4.310679999999999867e-05
8.615139870000000644e-02 8.954330300000000464e-03 9.016124735337218560e-03 5.403399999999999799e-05
8.693099769999999837e-02 8.863399699999999909e-03 8.867116991529188155e-03 5.718949999999999853e-05
8.771049979999999413e-02 8.730179600000000442e-03 8.724983439798793261e-03 4.348140000000000013e-05
8.849000190000000377e-02 8.516590100000000566e-03 8.583526445170575059e-03 4.318540000000000161e-05
8.926949650000000347e-02 8.421869900000000103e-03 8.443750757069863264e-03 4.591450000000000229e-05
9.004910289999999706e-02 8.326659900000000017e-03 8.307188737722893263e-03 4.212580000000000247e-05
9.082859749999999677e-02 8.142200299999999280e-03 8.171774021769953600e-03 4.160829999999999938e-05
9.160809960000000640e-02 7.987329700000000282e-03 8.041213460446694841e-03 4.115200000000000173e-05
9.238760170000000216e-02 7.939600399999999919e-03 7.912032343135241841e-03 4.661010000000000289e-05
9.316709639999999626e-02 7.730429999999999940e-03 7.783566806557948477e-03 4.112219999999999737e-05
9.394659850000000589e-02 7.707780200000000081e-03 7.657651770784019638e-03 4.100420000000000291e-05
9.472610060000000165e-02 7.521810000000000301e-03 7.535030803418682997e-03 4.542670000000000334e-05
9.550560269999999741e-02 7.429509899999999813e-03 7.414025016774135335e-03 4.120279999999999792e-05
9.628509729999999711e-02 7.255840099999999980e-03 7.295476521898753772e-03 4.069520000000000299e-05
9.706459940000000675e-02 7.171560100000000035e-03 7.180125403217330927e-03 3.977380000000000195e-05
9.784410150000000250e-02 7.101389999999999959e-03 7.067480197838060287e-03 4.479349999999999727e-05
9.862349930000000042e-02 7.000179999999999944e-03 6.956435593984179946e-03 3.838089999999999704e-05
9.940300139999999618e-02 6.861560000000000055e-03 6.847280828083300575e-03 3.876990000000000297e-05
1.001819968000000061e-01 6.767760000000000269e-03 6.740268846309586427e-03 3.856339999999999741e-05
1.009619981000000055e-01 6.623220200000000044e-03 6.635304315660049169e-03 3.856210000000000134e-05
1.017410009999999976e-01 6.531190099999999686e-03 6.533029353897178149e-03 4.630459999999999709e-05
1.025210022999999970e-01 6.406600099999999742e-03 6.432141331490582974e-03 3.786809999999999748e-05
1.032999977000000069e-01 6.333009799999999960e-03 6.333178530803131555e-03 4.190989999999999662e-05
1.040799990000000064e-01 6.323370200000000101e-03 6.236235339894283421e-03 4.179979999999999915e-05
1.048590018999999984e-01 6.171659999999999820e-03 6.142660832896136916e-03 4.619439999999999939e-05
1.056390031999999979e-01 6.079259800000000324e-03 6.050210486842001918e-03 3.935549999999999953e-05
1.064179987000000022e-01 5.993419800000000103e-03 5.960117899353787642e-03 4.384350000000000129e-05
1.071980000000000016e-01 5.932659800000000122e-03 5.871927388472609859e-03 4.333789999999999718e-05
1.079770028999999937e-01 5.743459799999999643e-03 5.784759345668078791e-03 4.685930000000000043e-05
1.087559983000000036e-01 5.714389999999999747e-03 5.699569116695871532e-03 5.050350000000000190e-05
1.095359996000000030e-01 5.640230100000000017e-03 5.616488759742404614e-03 4.273519999999999701e-05
1.103150024999999951e-01 5.534760199999999748e-03 5.535847539262733416e-03 3.851950000000000279e-05
1.110949962999999985e-01 5.429060200000000377e-03 5.457181354476273172e-03 3.923020000000000261e-05
1.118739992000000044e-01 5.361820100000000248e-03 5.379233612143600324e-03 3.984140000000000110e-05
1.126540005000000039e-01 5.340519799999999574e-03 5.303097908646401716e-03 3.866839999999999725e-05
1.134330033999999959e-01 5.201689899999999665e-03 5.228484053747675837e-03 4.059000000000000271e-05
1.142119989000000002e-01 5.109670099999999784e-03 5.155404556296240559e-03 3.679289999999999801e-05
1.149920001999999997e-01 5.062879999999999638e-03 5.084051766646964683e-03 4.390230000000000147e-05
1.157710031000000056e-01 5.140179800000000201e-03 5.014005148964498053e-03 4.434899999999999839e-05
1.165509968999999951e-01 4.905220099999999667e-03 4.946135425048684559e-03 4.347610000000000206e-05
1.173299998000000011e-01 4.808720199999999903e-03 4.879654269890157728e-03 3.929929999999999827e-05
1.181090026999999931e-01 4.841370000000000222e-03 4.814088577509014789e-03 3.631339999999999693e-05
1.188889964999999965e-01 4.741250100000000273e-03 4.750994193002586706e-03 3.608730000000000260e-05
1.196679994000000025e-01 4.687860099999999891e-03 4.688196393823526251e-03 3.868169999999999931e-05
1.204470024000000028e-01 4.645380200000000237e-03 4.627161134407428190e-03 3.892239999999999855e-05
1.212270035999999940e-01 4.607620199999999840e-03 4.567393300908403550e-03 3.878450000000000110e-05
1.220059990999999983e-01 4.523309900000000404e-03 4.507853688931132662e-03 3.471440000000000089e-05
1.227850020000000042e-01 4.466080100000000344e-03 4.450505182060791355e-03 3.520139999999999809e-05
1.235650033000000036e-01 4.372539899999999813e-03 4.393805726055224382e-03 3.479510000000000166e-05
1.243439986999999997e-01 4.357839900000000377e-03 4.338608010351068835e-03 3.767820000000000121e-05
1.251239926000000113e-01 4.312029999999999683e-03 4.284950394303295787e-03 3.426549999999999914e-05
1.259029955000000034e-01 4.200929800000000221e-03 4.232116092669268269e-03 3.991779999999999921e-05
1.266819983999999955e-01 4.211130100000000029e-03 4.179426905697752014e-03 3.342469999999999865e-05
1.274619996999999949e-01 4.142479999999999600e-03 4.128253865047124341e-03 3.383249999999999837e-05
1.282410025999999870e-01 4.041999999999999586e-03 4.078501108530342700e-03 3.339949999999999760e-05
1.290200055000000068e-01 4.057859999999999939e-03 4.029366708055166953e-03 3.893089999999999686e-05
1.297989934999999873e-01 3.956249900000000097e-03 3.980326543107664053e-03 3.934070000000000096e-05
1.305789947999999867e-01 3.969519900000000219e-03 3.932418477496218805e-03 3.585929999999999733e-05
1.313579977000000065e-01 3.851450000000000186e-03 3.885642626180101176e-03 3.555250000000000223e-05
1.321370005999999986e-01 3.822309900000000170e-03 3.839903422067243114e-03 3.319239999999999750e-05
1.329170017999999898e-01 3.804170099999999981e-03 3.795326565867296505e-03 3.299300000000000073e-05
1.336960047000000096e-01 3.781450000000000002e-03 3.751277476327049762e-03 3.791640000000000174e-05
1.344749927999999983e-01 3.714310000000000181e-03 3.707611218584492500e-03 3.509019999999999820e-05
1.352549939999999895e-01 3.652680000000000163e-03 3.664275690762545511e-03 3.194310000000000254e-05
1.360339969000000093e-01 3.596550100000000041e-03 3.621467707367428263e-03 3.621859999999999912e-05
1.368129998000000014e-01 3.624529999999999939e-03 3.580809827698989544e-03 3.886939999999999753e-05
1.375920026999999934e-01 3.503950100000000067e-03 3.539652505690730512e-03 3.362010000000000020e-05
1.383720039999999929e-01 3.485419999999999924e-03 3.498197798785912180e-03 3.288890000000000287e-05
1.391510069000000127e-01 3.471500000000000193e-03 3.457161644851694006e-03 3.328549999999999836e-05
1.399299948999999932e-01 3.392220000000000044e-03 3.418076754195209684e-03 3.339629999999999736e-05
1.407089978000000130e-01 3.414720100000000029e-03 3.379874310748505212e-03 3.525759999999999935e-05
1.414889991000000125e-01 3.330850000000000217e-03 3.341187430093042147e-03 3.561829999999999743e-05
1.422680020000000045e-01 3.326599999999999870e-03 3.302786030268098187e-03 3.328839999999999794e-05
1.430470048999999966e-01 3.212670099999999970e-03 3.265423300124311191e-03 3.398069999999999807e-05
1.438259929000000048e-01 3.251319999999999818e-03 3.228210152896930380e-03 3.342819999999999955e-05
1.446049957999999969e-01 3.163360100000000077e-03 3.190980228474985404e-03 3.253860000000000048e-05
1.453849970999999963e-01 3.150389999999999874e-03 3.154385238948028466e-03 3.196990000000000031e-05
1.461639999999999884e-01 3.114569900000000065e-03 3.118488405688406469e-03 3.501639999999999901e-05
1.469430029000000082e-01 3.106690000000000059e-03 3.082426858295276954e-03 3.229939999999999775e-05
1.477220058000000003e-01 3.037249899999999985e-03 3.047133822397504310e-03 3.249020000000000277e-05
1.485009938000000085e-01 3.031380000000000186e-03 3.012170225527548238e-03 3.424480000000000118e-05
1.492809951000000079e-01 2.990809999999999996e-03 2.977322694285314264e-03 3.110890000000000297e-05
1.500599980000000000e-01 2.928399899999999806e-03 2.942547307911263978e-03 3.096729999999999741e-05
1.508390008999999921e-01 2.929209999999999800e-03 2.907787278790585888e-03 3.127749999999999996e-05
1.516180038000000119e-01 2.910899900000000085e-03 2.873536364117013769e-03 3.036999999999999891e-05
1.523970068000000122e-01 2.842139899999999910e-03 2.839758207055417469e-03 3.124849999999999736e-05
1.531759947999999927e-01 2.807850000000000189e-03 2.806286194816899008e-03 3.057040000000000126e-05
1.539559960000000116e-01 2.768529999999999949e-03 2.772687285429654980e-03 3.214129999999999667e-05
1.547349989000000037e-01 2.715149899999999908e-03 2.739287473794027421e-03 3.226909999999999908e-05
1.555140017999999957e-01 2.711419899999999942e-03 2.706281336588329742e-03 3.596099999999999671e-05
1.562930047999999961e-01 2.669130000000000027e-03 2.673560343572560765e-03 3.222060000000000115e-05
1.570719928000000043e-01 2.609900000000000067e-03 2.640982078025260350e-03 2.957279999999999916e-05
1.578509956999999964e-01 2.597110100000000164e-03 2.608637519710913649e-03 3.446049999999999981e-05
1.586299985999999884e-01 2.594969899999999795e-03 2.576552639225201165e-03 3.197730000000000299e-05
1.594099998000000074e-01 2.574699900000000045e-03 2.544482547850449722e-03 3.196629999999999920e-05
1.601890028000000077e-01 2.484699899999999809e-03 2.512439462540134658e-03 3.253089999999999715e-05
1.609680056999999997e-01 2.507790000000000193e-03 2.480367711872371629e-03 4.476180000000000230e-05
1.617469937000000080e-01 2.433299999999999786e-03 2.448772808788451678e-03 3.061120000000000263e-05
1.625259966000000000e-01 2.375360100000000006e-03 2.417676381257917277e-03 3.050429999999999863e-05
1.633049994999999921e-01 2.389040099999999861e-03 2.386780758370781776e-03 3.432570000000000239e-05
1.640840024000000119e-01 2.332279899999999909e-03 2.355822462639892579e-03 3.056380000000000034e-05
1.648630053000000040e-01 2.325070099999999862e-03 2.324736046044318521e-03 3.048769999999999950e-05
1.656419933000000122e-01 2.254550100000000164e-03 2.293968257779212868e-03 3.058370000000000332e-05
1.664209962000000043e-01 2.267620100000000173e-03 2.263723745806871593e-03 3.477050000000000193e-05
1.671999990999999963e-01 2.219080000000000011e-03 2.233633774299615803e-03 3.036910000000000033e-05
1.679790019999999884e-01 2.164540099999999988e-03 2.202874203957729676e-03 3.042040000000000100e-05
1.687580049000000082e-01 2.147630099999999799e-03 2.172518930494645329e-03 3.284860000000000259e-05
1.695369928999999887e-01 2.191599900000000111e-03 2.142562722254474743e-03 3.239919999999999974e-05
1.703159958000000085e-01 2.092380100000000055e-03 2.112992701471208112e-03 3.796210000000000030e-05
1.710949987000000005e-01 2.086210099999999835e-03 2.083678146912770410e-03 2.977219999999999932e-05
1.718740015999999926e-01 2.071330100000000167e-03 2.053913575905488322e-03 3.204090000000000014e-05
1.726530045000000124e-01 2.014849999999999888e-03 2.024933801704192644e-03 3.193680000000000227e-05
1.734320074000000045e-01 1.995949999999999808e-03 1.996054367508612662e-03 3.729929999999999709e-05
1.742109954000000127e-01 1.936589899999999935e-03 1.967296152783252084e-03 3.025149999999999996e-05
1.749899983000000048e-01 1.938669899999999943e-03 1.938984089900365948e-03 3.598520000000000234e-05
1.757690011999999968e-01 1.919590099999999916e-03 1.910084568567452928e-03 2.946840000000000063e-05
1.765480041999999972e-01 1.952340000000000108e-03 1.881642488599417863e-03 3.412319999999999882e-05
1.773270070999999892e-01 1.837670000000000015e-03 1.853472770596472589e-03 4.712049999999999719e-05
1.781059950999999975e-01 1.839099999999999980e-03 1.825542420335182336e-03 3.386649999999999838e-05
1.788849979999999895e-01 1.815219999999999985e-03 1.798339011048297187e-03 4.033930000000000187e-05
1.796640009000000093e-01 1.731759999999999940e-03 1.770822596383564082e-03 4.122250000000000046e-05
1.804430038000000014e-01 1.757750100000000015e-03 1.743451667550349445e-03 3.532259999999999957e-05
1.812220066999999935e-01 1.730800000000000003e-03 1.716323019703624433e-03 4.357420000000000032e-05
1.820009947000000017e-01 1.692890000000000063e-03 1.689408036406294961e-03 3.692400000000000087e-05
1.827799975999999937e-01 1.599359999999999974e-03 1.662723224152549235e-03 2.918270000000000098e-05
1.835590005000000136e-01 1.637409999999999951e-03 1.636414942662428032e-03 3.134779999999999826e-05
1.843380034000000056e-01 1.629880000000000001e-03 1.610434505149615928e-03 2.940490000000000031e-05
1.851170062999999977e-01 1.595569999999999931e-03 1.584705956026053299e-03 3.158539999999999747e-05
1.858959943000000059e-01 1.564630000000000014e-03 1.559016463769115650e-03 3.371229999999999908e-05
1.866739987999999906e-01 1.529879999999999955e-03 1.533799704196664275e-03 2.901880000000000074e-05
1.874530017000000104e-01 1.492929999999999952e-03 1.508545296793347736e-03 3.048660000000000047e-05
1.882320046000000024e-01 1.496269900000000031e-03 1.483550718144442714e-03 3.299509999999999856e-05
1.890109926000000107e-01 1.481019999999999993e-03 1.459335891615190723e-03 3.023549999999999876e-05
1.897899956000000110e-01 1.392229999999999943e-03 1.435063736314265729e-03 3.053829999999999864e-05
1.905689985000000031e-01 1.449540000000000030e-03 1.411005470819320061e-03 3.057829999999999826e-05
1.913480013999999951e-01 1.403439999999999939e-03 1.387331625374327304e-03 3.263760000000000071e-05
1.921260059000000076e-01 1.359179999999999980e-03 1.364075167861701502e-03 3.632160000000000136e-05
1.929049938999999880e-01 1.369490099999999934e-03 1.340880419861584542e-03 3.282779999999999764e-05
1.936839968000000078e-01 1.298490000000000017e-03 1.318120690742406297e-03 3.477940000000000111e-05
1.944629996999999999e-01 1.296030000000000099e-03 1.295919023942653393e-03 3.031309999999999951e-05
1.952420025999999920e-01 1.227719900000000036e-03 1.273863836276153657e-03 3.305989999999999835e-05
1.960210055000000118e-01 1.269270000000000077e-03 1.251413199723706588e-03 3.058920000000000183e-05
1.967989951000000126e-01 1.268479999999999998e-03 1.230327799012677446e-03 3.041230000000000018e-05
1.975779980000000047e-01 1.193599999999999956e-03 1.208978464154764629e-03 3.080389999999999826e-05
1.983570008999999967e-01 1.226850000000000033e-03 1.188010740202812216e-03 3.673139999999999869e-05
1.991360038999999971e-01 1.173259999999999971e-03 1.167601453557181061e-03 3.503630000000000199e-05
1.999139934999999979e-01 1.182419899999999965e-03 1.147309592355646958e-03 3.102959999999999849e-05
2.006929963999999900e-01 1.200399900000000087e-03 1.127360942118169713e-03 3.760050000000000024e-05
2.014719993000000098e-01 1.100770000000000047e-03 1.107912146466546750e-03 3.194739999999999841e-05
2.022510022000000018e-01 1.065480099999999977e-03 1.088759037552139907e-03 3.464449999999999670e-05
2.030290066999999865e-01 1.109760000000000000e-03 1.069668406868422815e-03 3.601659999999999665e-05
2.038079946999999947e-01 1.063759999999999966e-03 1.051195179906152253e-03 3.402329999999999661e-05
2.045869975999999868e-01 1.058979999999999947e-03 1.033127560451263310e-03 3.156200000000000037e-05
2.053660005000000066e-01 9.625449999999999805e-04 1.015283132251854721e-03 4.036350000000000072e-05
2.061440050999999996e-01 1.000709900000000107e-03 9.976581488197909173e-04 3.182069999999999842e-05
2.069229931000000078e-01 9.918780000000000738e-04 9.803642533179461084e-04 3.408639999999999945e-05
2.077019959999999998e-01 9.902610000000000925e-04 9.634688244909468549e-04 3.407919999999999721e-05
2.084800005000000123e-01 9.800069999999999702e-04 9.471221195037170379e-04 3.377880000000000260e-05
2.092590034000000043e-01 9.729369999999999989e-04 9.311158566622887867e-04 3.122900000000000204e-05
2.100380062999999964e-01 9.153209999999999732e-04 9.152457325289374340e-04 3.193179999999999809e-05
2.108159958999999972e-01 8.684569999999999963e-04 8.996591602682275359e-04 4.743130000000000105e-05
2.115949987999999893e-01 8.940690000000000486e-04 8.845079103998301556e-04 3.913080000000000150e-05
2.123740017000000091e-01 8.780209999999999881e-04 8.697476201647299327e-04 4.066549999999999885e-05
2.131520063000000020e-01 8.952710000000000008e-04 8.553857652972650773e-04 3.366340000000000028e-05
2.139309943000000103e-01 8.149130000000000089e-04 8.414331862046045161e-04 3.424679999999999879e-05
2.147099972000000023e-01 7.842899999999999872e-04 8.278099729843324149e-04 4.302389999999999985e-05
2.154880016999999870e-01 8.620599999999999964e-04 8.143447060325451937e-04 3.830119999999999846e-05
2.162670046000000068e-01 8.387390000000000210e-04 8.010836585353739783e-04 4.282179999999999716e-05
2.170449942000000076e-01 8.440680000000000101e-04 7.881904586571690215e-04 3.671780000000000275e-05
2.178239970999999997e-01 8.266610000000000191e-04 7.760742577513743586e-04 3.861540000000000301e-05
2.186029999999999918e-01 7.573599999999999994e-04 7.640510111646577063e-04 3.171750000000000253e-05
2.193810046000000125e-01 7.450379999999999503e-04 7.522454334263272910e-04 3.291850000000000001e-05
2.201599925999999929e-01 7.210400000000000489e-04 7.407149912006462562e-04 3.347379999999999789e-05
2.209379971000000054e-01 7.046269999999999877e-04 7.296061542863762576e-04 3.652119999999999856e-05
2.217169999999999974e-01 6.881500000000000030e-04 7.190053749425684123e-04 3.830550000000000112e-05
2.224950045000000098e-01 7.244289999999999584e-04 7.085446250677555555e-04 3.985849999999999794e-05
2.232740074000000019e-01 7.381109999999999538e-04 6.983055822452011391e-04 4.287300000000000101e-05
2.240519971000000110e-01 6.741510000000000037e-04 6.884503145301524218e-04 3.724630000000000285e-05
2.248310000000000031e-01 6.688700000000000114e-04 6.789146720992113261e-04 3.746180000000000104e-05
2.256090044999999877e-01 6.642420000000000008e-04 6.696418686591506944e-04 3.826689999999999779e-05
2.263880074000000076e-01 6.441139999999999930e-04 6.606420140445027787e-04 4.204719999999999953e-05
2.271659970000000084e-01 6.905779999999999601e-04 6.519729956971281664e-04 4.298210000000000306e-05
2.279449999000000004e-01 6.236269999999999704e-04 6.437084714804864856e-04 4.390800000000000041e-05
2.287230044999999934e-01 6.001690000000000063e-04 6.356150126413270774e-04 3.923310000000000220e-05
2.295020074000000132e-01 6.035339999999999715e-04 6.279291216565223649e-04 4.488590000000000337e-05
2.302799969999999863e-01 6.387930000000000214e-04 6.203939012371413467e-04 4.856989999999999723e-05
2.310589999000000061e-01 6.206719999999999555e-04 6.127587220189539873e-04 4.094099999999999985e-05
2.318370043999999908e-01 6.435959999999999685e-04 6.061327544891109481e-04 4.149309999999999750e-05
2.326160073000000106e-01 5.960339999999999519e-04 5.994727380800459566e-04 4.132830000000000206e-05
2.333939969999999919e-01 5.903759999999999867e-04 5.929741444057177622e-04 4.823989999999999870e-05
2.341720015000000044e-01 5.395410000000000440e-04 5.866856302632687510e-04 4.966260000000000119e-05
2.349510043999999964e-01 6.150090000000000201e-04 5.805803869562503822e-04 4.905929999999999970e-05
2.357289939999999973e-01 6.838589999999999860e-04 5.748774193396906894e-04 4.248450000000000295e-05
2.365079968999999893e-01 6.020539999999999789e-04 5.693942216434495556e-04 4.375879999999999852e-05
2.372860014000000017e-01 5.626410000000000092e-04 5.641046069185921569e-04 4.386850000000000189e-05
2.380640059999999947e-01 5.713639999999999865e-04 5.589804705687270421e-04 4.538250000000000129e-05
2.388429940000000029e-01 5.284639999999999737e-04 5.540585404409937827e-04 5.213850000000000233e-05
2.396209984999999876e-01 5.594330000000000223e-04 5.494861340069639088e-04 4.639340000000000206e-05
2.403990030000000000e-01 5.501730000000000466e-04 5.450873258580413768e-04 4.594230000000000227e-05
2.411780058999999921e-01 5.022110000000000202e-04 5.408417336829971899e-04 5.036599999999999855e-05
2.419559956000000012e-01 5.087740000000000318e-04 5.368576763879885465e-04 4.744380000000000136e-05
2.427340001000000136e-01 4.933550000000000088e-04 5.330066366395435316e-04 5.013500000000000026e-05
2.435130030000000056e-01 4.686259999999999818e-04 5.293614914572577048e-04 4.835200000000000056e-05
2.442909926000000065e-01 5.386769999999999926e-04 5.259084484720653180e-04 5.172849999999999779e-05
2.450689970999999912e-01 4.962760000000000305e-04 5.226132345992661257e-04 7.583450000000000043e-05
2.458480000000000110e-01 5.320260000000000050e-04 5.194940672609558215e-04 4.940799999999999858e-05
2.466260046000000039e-01 4.962760000000000305e-04 5.165505250796207943e-04 5.084499999999999854e-05
2.474039942000000047e-01 4.377730000000000250e-04 5.137543215555914538e-04 5.232400000000000251e-05
2.481819986999999894e-01 4.450309999999999748e-04 5.110827150387192578e-04 5.138249999999999805e-05
2.489610016000000092e-01 4.716060000000000109e-04 5.084967173956016825e-04 5.162349999999999795e-05
2.497390062000000022e-01 5.061889999999999879e-04 5.062772818533457482e-04 5.128299999999999672e-05
2.505170106999999868e-01 4.945569999999999610e-04 5.040701698984767064e-04 5.388150000000000242e-05
2.512950003000000154e-01 4.467179999999999740e-04 5.019377022294045513e-04 6.632749999999999811e-05
2.520740032000000075e-01 4.054649999999999812e-04 4.999604439273012003e-04 5.538900000000000111e-05
2.528519927999999806e-01 4.776720000000000033e-04 4.983109511566000604e-04 5.486299999999999971e-05
2.536300122999999851e-01 4.989239999999999821e-04 4.965925337535541774e-04 5.560449999999999930e-05
2.544080019000000137e-01 4.049699999999999936e-04 4.949317079472672102e-04 6.039600000000000247e-05
2.551859914999999868e-01 4.382240000000000245e-04 4.934207554982921297e-04 7.719499999999999528e-05
2.559640109999999913e-01 4.727649999999999908e-04 4.921692168859801873e-04 6.090349999999999719e-05
2.567430138999999834e-01 4.968350000000000500e-04 4.909513360405903153e-04 5.874900000000000282e-05
2.575210035000000119e-01 4.955079999999999728e-04 4.898726970935185715e-04 5.890499999999999930e-05
2.582989930999999850e-01 3.754100000000000124e-04 4.888570001934777060e-04 6.127749999999999734e-05
2.590770124999999813e-01 4.377730000000000250e-04 4.878584239736312987e-04 7.967299999999999426e-05
2.598550022000000181e-01 4.750619999999999995e-04 4.869873482298239689e-04 6.454700000000000389e-05
2.606329917999999912e-01 3.985670000000000076e-04 4.861807134130048972e-04 6.383999999999999864e-05
2.614110111999999875e-01 4.093130000000000162e-04 4.854900455151584708e-04 6.225849999999999353e-05
2.621890008000000161e-01 4.230999999999999843e-04 4.848865164042116208e-04 6.414750000000000204e-05
2.629669904999999974e-01 4.281810000000000260e-04 4.842735720630885940e-04 6.441149999999999816e-05
2.637459933999999895e-01 4.168040000000000026e-04 4.837585263346487019e-04 6.682950000000000110e-05
2.645240127999999857e-01 5.023589999999999653e-04 4.833671575906277849e-04 6.813499999999999732e-05
2.653020024000000143e-01 4.943359999999999508e-04 4.830779181908493041e-04 8.945250000000000456e-05
2.660799920999999957e-01 3.502989999999999880e-04 4.828429558724061125e-04 6.764550000000000142e-05
2.668580114999999919e-01 4.187680000000000265e-04 4.824504400098620868e-04 7.199899999999999963e-05
2.676360011000000205e-01 5.186249999999999888e-04 4.822738923007934973e-04 7.074049999999999804e-05
2.684139906999999936e-01 5.677730000000000407e-04 4.821359562335446216e-04 7.181500000000000275e-05
2.691920101999999981e-01 4.200389999999999810e-04 4.820094228677176615e-04 7.481599999999999655e-05
2.699699998000000267e-01 4.456269999999999806e-04 4.819561697361123367e-04 7.559399999999999486e-05
2.707479893999999998e-01 5.594460000000000101e-04 4.819663927387007863e-04 8.086050000000000279e-05
2.715260087999999961e-01 3.450360000000000081e-04 4.819622373531892452e-04 7.848650000000000147e-05
2.723039984999999774e-01 4.559100000000000175e-04 4.819726808261533203e-04 7.649449999999999750e-05
2.730819881000000060e-01 5.143149999999999979e-04 4.820311707815756828e-04 8.257549999999999569e-05
2.738589941999999833e-01 2.540180000000000064e-04 4.821949394025509448e-04 8.039850000000000620e-05
2.746370136999999878e-01 3.685210000000000178e-04 4.824016759750277212e-04 8.435549999999999559e-05
2.754150033000000164e-01 5.210910000000000021e-04 4.825316212929995426e-04 8.246050000000000103e-05
2.761929928999999895e-01 4.357049999999999899e-04 4.826519542291993030e-04 8.211249999999999691e-05
2.769710123999999940e-01 4.363880000000000103e-04 4.829200432326491953e-04 1.162089999999999982e-04
2.777490020000000226e-01 4.014229999999999817e-04 4.831805812824578692e-04 8.691500000000000386e-05
2.785269915999999957e-01 3.451560000000000001e-04 4.834264787943325396e-04 9.133549999999999991e-05
2.793050109999999919e-01 4.052050000000000075e-04 4.836948832029908931e-04 9.552199999999999786e-05
2.800830006999999733e-01 5.883390000000000061e-04 4.840063691438028061e-04 9.538249999999999691e-05
2.808600068000000061e-01 4.454349999999999933e-04 4.842901818452367987e-04 9.356449999999999500e-05
2.816379963999999791e-01 5.188579999999999711e-04 4.846096827174217075e-04 9.510400000000000288e-05
2.824159861000000160e-01 4.021890000000000079e-04 4.849538978271960427e-04 1.031435000000000061e-04
2.831940055000000123e-01 3.733100000000000155e-04 4.852722969088694776e-04 1.093525000000000004e-04
2.839719950999999853e-01 4.473689999999999785e-04 4.854851264818727365e-04 1.067329999999999961e-04
2.847500144999999816e-01 2.840079999999999818e-04 4.858829351534104724e-04 1.792545000000000097e-04
2.855269908999999995e-01 2.995380000000000178e-04 4.862854846202168779e-04 1.976400000000000119e-04
2.863050102999999957e-01 3.843599999999999860e-04 4.866550677061619204e-04 1.176039999999999941e-04
2.870829999000000243e-01 4.041730000000000214e-04 4.869820322665701739e-04 1.242840000000000047e-04
2.878609896000000057e-01 5.589040000000000414e-04 4.873052136562171731e-04 1.292654999999999976e-04
2.886379956999999830e-01 4.700640000000000178e-04 4.876505325785007315e-04 1.239324999999999997e-04
2.894159853000000115e-01 2.574179999999999806e-04 4.880161310042195415e-04 1.307360000000000032e-04
2.901940048000000161e-01 3.818650000000000039e-04 4.883896651870730556e-04 1.459660000000000048e-04
2.909710108999999933e-01 3.108370000000000057e-04 4.887298429789313720e-04 1.322709999999999945e-04
2.917490005000000219e-01 6.572939999999999989e-04 4.890743834468104772e-04 1.373400000000000098e-04
2.925269902000000033e-01 4.320390000000000016e-04 4.894101609075868610e-04 1.426844999999999990e-04
2.933050095999999995e-01 3.526189999999999793e-04 4.897566981941469657e-04 1.391955000000000059e-04
2.940819860000000174e-01 3.728849999999999916e-04 4.901181012167837598e-04 1.371850000000000088e-04
2.948600054000000137e-01 3.001939999999999925e-04 4.904042507710216266e-04 1.611809999999999870e-04
2.956370114999999910e-01 3.331860000000000182e-04 4.907163915044283594e-04 1.613624999999999988e-04
2.964150011999999723e-01 4.451139999999999806e-04 4.910272302952146473e-04 1.657735000000000079e-04
2.971929908000000009e-01 4.916729999999999799e-04 4.913408499106320477e-04 1.808409999999999987e-04
2.979699968999999782e-01 5.045419999999999679e-04 4.916703967845479674e-04 1.579314999999999972e-04
2.987479866000000150e-01 2.217359999999999926e-04 4.919724921916384915e-04 1.844770000000000025e-04
2.995260060000000113e-01 3.075439999999999814e-04 4.923168781183290483e-04 1.802955000000000020e-04
3.003030120999999886e-01 3.047649999999999730e-04 4.926036361529088740e-04 2.113469999999999943e-04
3.010810018000000254e-01 5.252349999999999814e-04 4.927914606725798544e-04 1.906455000000000096e-04
3.018580079000000027e-01 5.977619999999999462e-04 4.931116026992798766e-04 2.170864999999999958e-04
3.026359974999999758e-01 4.968400000000000203e-04 4.933662091778771332e-04 2.220769999999999949e-04
3.034130037000000168e-01 2.852519999999999990e-04 4.935940419973939295e-04 2.213569999999999882e-04
3.041909932999999899e-01 4.944879999999999588e-04 4.938309496515503293e-04 2.385339999999999900e-04
3.049679994999999755e-01 5.267909999999999780e-04 4.941036536696617699e-04 2.856910000000000265e-04
3.057459891000000041e-01 4.580259999999999952e-04 4.943271128478709392e-04 3.339524999999999980e-04
3.065229951999999813e-01 -1.240380000000000074e-04 4.945439423342481338e-04 3.554725000000000224e-04
3.073010146999999859e-01 6.195970000000000514e-04 4.947406241515315889e-04 3.626330000000000092e-04
3.080779909999999955e-01 2.526839999999999815e-04 4.949091297385677362e-04 3.623985000000000032e-04
3.088560103999999917e-01 7.751499999999999493e-04 4.951202628773282389e-04 4.124789999999999924e-04
3.096329868000000096e-01 8.999410000000000222e-04 4.952946226828881804e-04 6.446649999999999950e-04
3.104110062000000059e-01 1.445340000000000036e-03 4.954525759786967704e-04 4.807465000000000024e-04
3.104110062000000059e-01 1.445340000000000036e-03 4.954525759786967704e-04 4.807465000000000024e-04
