2.643316477856343452e-02
2.637681414229191626e-02
2.631980276938042373e-02
2.626595921169404962e-02
2.621367743234742989e-02
2.615004749775879864e-02
2.607597295680945393e-02
2.599422591059248611e-02
2.591215934551678937e-02
2.582575097860258240e-02
2.573464772650081375e-02
2.563879614395679976e-02
2.553846274065956976e-02
2.543210991608806787e-02
2.531919300280730326e-02
2.520283131247309100e-02
2.508465171064643701e-02
2.496050027603077121e-02
2.483567936926681097e-02
2.470497245840673831e-02
2.456940394078606024e-02
2.443267084988678603e-02
2.428467745580711185e-02
2.413718143908258687e-02
2.398809065251695724e-02
2.383555795780317732e-02
2.367686630680501669e-02
2.351663106844852427e-02
2.335106412635976764e-02
2.318178652240641263e-02
2.301195180840943932e-02
2.283231967841156673e-02
2.265544713654399703e-02
2.247642463218594081e-02
2.229380929574055134e-02
2.211151672500048793e-02
2.192252900745534153e-02
2.173084025386315746e-02
2.153785573075071846e-02
2.134462224211752107e-02
2.114773125828996528e-02
2.094999811009069443e-02
2.074935640585159891e-02
2.054605929905669107e-02
2.034344213073192159e-02
2.013625505999135784e-02
1.992984578422836786e-02
1.972328514305980024e-02
1.951492317139840241e-02
1.930348891742617382e-02
1.909233146328090727e-02
1.887991412036130884e-02
1.866601742078027870e-02
1.845177754680086754e-02
1.823856096124273213e-02
1.802471858882203487e-02
1.781047910009625826e-02
1.759640743659529258e-02
1.738359155535498107e-02
1.716564500246580555e-02
1.694901167480735923e-02
1.673532589037251411e-02
1.652347175257832743e-02
1.630805821419146345e-02
1.609436572585256492e-02
1.588002181082593528e-02
1.566437224644550222e-02
1.545758403805097200e-02
1.524802984479924246e-02
1.503575120412438751e-02
1.482272266702642192e-02
1.461249855724748407e-02
1.440836810207823428e-02
1.420216307946413695e-02
1.399779632385620906e-02
1.379695490947258248e-02
1.359348957909175919e-02
1.339282879752670338e-02
1.319386153373725695e-02
1.299703928055234020e-02
1.280330030150831321e-02
1.260732552120683546e-02
1.241530858179186285e-02
1.222543504112472493e-02
1.203667038936443411e-02
1.185012632163993072e-02
1.166722296526914206e-02
1.148539797143648122e-02
1.130485000631122582e-02
1.112639732175112542e-02
1.095020739134138811e-02
1.077551844737062968e-02
1.060449687695035580e-02
1.043712588165750070e-02
1.026943931012534381e-02
1.010539559997433723e-02
9.942314561001185449e-03
9.781419835625380921e-03
9.624325742639029679e-03
9.468011987517000599e-03
9.313496792700369856e-03
9.163107776074715105e-03
9.016124735337218560e-03
8.867116991529188155e-03
8.724983439798793261e-03
8.583526445170575059e-03
8.443750757069863264e-03
8.307188737722893263e-03
8.171774021769953600e-03
8.041213460446694841e-03
7.912032343135241841e-03
7.783566806557948477e-03
7.657651770784019638e-03
7.535030803418682997e-03
7.414025016774135335e-03
7.295476521898753772e-03
7.180125403217330927e-03
7.067480197838060287e-03
6.956435593984179946e-03
6.847280828083300575e-03
6.740268846309586427e-03
6.635304315660049169e-03
6.533029353897178149e-03
6.432141331490582974e-03
6.333178530803131555e-03
6.236235339894283421e-03
6.142660832896136916e-03
6.050210486842001918e-03
5.960117899353787642e-03
5.871927388472609859e-03
5.784759345668078791e-03
5.699569116695871532e-03
5.616488759742404614e-03
5.535847539262733416e-03
5.457181354476273172e-03
5.379233612143600324e-03
5.303097908646401716e-03
5.228484053747675837e-03
5.155404556296240559e-03
5.084051766646964683e-03
5.014005148964498053e-03
4.946135425048684559e-03
4.879654269890157728e-03
4.814088577509014789e-03
4.750994193002586706e-03
4.688196393823526251e-03
4.627161134407428190e-03
4.567393300908403550e-03
4.507853688931132662e-03
4.450505182060791355e-03
4.393805726055224382e-03
4.338608010351068835e-03
4.284950394303295787e-03
4.232116092669268269e-03
4.179426905697752014e-03
4.128253865047124341e-03
4.078501108530342700e-03
4.029366708055166953e-03
3.980326543107664053e-03
3.932418477496218805e-03
3.885642626180101176e-03
3.839903422067243114e-03
3.795326565867296505e-03
3.751277476327049762e-03
3.707611218584492500e-03
3.664275690762545511e-03
3.621467707367428263e-03
3.580809827698989544e-03
3.539652505690730512e-03
3.498197798785912180e-03
3.457161644851694006e-03
3.418076754195209684e-03
3.379874310748505212e-03
3.341187430093042147e-03
3.302786030268098187e-03
3.265423300124311191e-03
3.228210152896930380e-03
3.190980228474985404e-03
3.154385238948028466e-03
3.118488405688406469e-03
3.082426858295276954e-03
3.047133822397504310e-03
3.012170225527548238e-03
2.977322694285314264e-03
2.942547307911263978e-03
2.907787278790585888e-03
2.873536364117013769e-03
2.839758207055417469e-03
2.806286194816899008e-03
2.772687285429654980e-03
2.739287473794027421e-03
2.706281336588329742e-03
2.673560343572560765e-03
2.640982078025260350e-03
2.608637519710913649e-03
2.576552639225201165e-03
2.544482547850449722e-03
2.512439462540134658e-03
2.480367711872371629e-03
2.448772808788451678e-03
2.417676381257917277e-03
2.386780758370781776e-03
2.355822462639892579e-03
2.324736046044318521e-03
2.293968257779212868e-03
2.263723745806871593e-03
2.233633774299615803e-03
2.202874203957729676e-03
2.172518930494645329e-03
2.142562722254474743e-03
2.112992701471208112e-03
2.083678146912770410e-03
2.053913575905488322e-03
2.024933801704192644e-03
1.996054367508612662e-03
1.967296152783252084e-03
1.938984089900365948e-03
1.910084568567452928e-03
1.881642488599417863e-03
1.853472770596472589e-03
1.825542420335182336e-03
1.798339011048297187e-03
1.770822596383564082e-03
1.743451667550349445e-03
1.716323019703624433e-03
1.689408036406294961e-03
1.662723224152549235e-03
1.636414942662428032e-03
1.610434505149615928e-03
1.584705956026053299e-03
1.559016463769115650e-03
1.533799704196664275e-03
1.508545296793347736e-03
1.483550718144442714e-03
1.459335891615190723e-03
1.435063736314265729e-03
1.411005470819320061e-03
1.387331625374327304e-03
1.364075167861701502e-03
1.340880419861584542e-03
1.318120690742406297e-03
1.295919023942653393e-03
1.273863836276153657e-03
1.251413199723706588e-03
1.230327799012677446e-03
1.208978464154764629e-03
1.188010740202812216e-03
1.167601453557181061e-03
1.147309592355646958e-03
1.127360942118169713e-03
1.107912146466546750e-03
1.088759037552139907e-03
1.069668406868422815e-03
1.051195179906152253e-03
1.033127560451263310e-03
1.015283132251854721e-03
9.976581488197909173e-04
9.803642533179461084e-04
9.634688244909468549e-04
9.471221195037170379e-04
9.311158566622887867e-04
9.152457325289374340e-04
8.996591602682275359e-04
8.845079103998301556e-04
8.697476201647299327e-04
8.553857652972650773e-04
8.414331862046045161e-04
8.278099729843324149e-04
8.143447060325451937e-04
8.010836585353739783e-04
7.881904586571690215e-04
7.760742577513743586e-04
7.640510111646577063e-04
7.522454334263272910e-04
7.407149912006462562e-04
7.296061542863762576e-04
7.190053749425684123e-04
7.085446250677555555e-04
6.983055822452011391e-04
6.884503145301524218e-04
6.789146720992113261e-04
6.696418686591506944e-04
6.606420140445027787e-04
6.519729956971281664e-04
6.437084714804864856e-04
6.356150126413270774e-04
6.279291216565223649e-04
6.203939012371413467e-04
6.127587220189539873e-04
6.061327544891109481e-04
5.994727380800459566e-04
5.929741444057177622e-04
5.866856302632687510e-04
5.805803869562503822e-04
5.748774193396906894e-04
5.693942216434495556e-04
5.641046069185921569e-04
5.589804705687270421e-04
5.540585404409937827e-04
5.494861340069639088e-04
5.450873258580413768e-04
5.408417336829971899e-04
5.368576763879885465e-04
5.330066366395435316e-04
5.293614914572577048e-04
5.259084484720653180e-04
5.226132345992661257e-04
5.194940672609558215e-04
5.165505250796207943e-04
5.137543215555914538e-04
5.110827150387192578e-04
5.084967173956016825e-04
5.062772818533457482e-04
5.040701698984767064e-04
5.019377022294045513e-04
4.999604439273012003e-04
4.983109511566000604e-04
4.965925337535541774e-04
4.949317079472672102e-04
4.934207554982921297e-04
4.921692168859801873e-04
4.909513360405903153e-04
4.898726970935185715e-04
4.888570001934777060e-04
4.878584239736312987e-04
4.869873482298239689e-04
4.861807134130048972e-04
4.854900455151584708e-04
4.848865164042116208e-04
4.842735720630885940e-04
4.837585263346487019e-04
4.833671575906277849e-04
4.830779181908493041e-04
4.828429558724061125e-04
4.824504400098620868e-04
4.822738923007934973e-04
4.821359562335446216e-04
4.820094228677176615e-04
4.819561697361123367e-04
4.819663927387007863e-04
4.819622373531892452e-04
4.819726808261533203e-04
4.820311707815756828e-04
4.821949394025509448e-04
4.824016759750277212e-04
4.825316212929995426e-04
4.826519542291993030e-04
4.829200432326491953e-04
4.831805812824578692e-04
4.834264787943325396e-04
4.836948832029908931e-04
4.840063691438028061e-04
4.842901818452367987e-04
4.846096827174217075e-04
4.849538978271960427e-04
4.852722969088694776e-04
4.854851264818727365e-04
4.858829351534104724e-04
4.862854846202168779e-04
4.866550677061619204e-04
4.869820322665701739e-04
4.873052136562171731e-04
4.876505325785007315e-04
4.880161310042195415e-04
4.883896651870730556e-04
4.887298429789313720e-04
4.890743834468104772e-04
4.894101609075868610e-04
4.897566981941469657e-04
4.901181012167837598e-04
4.904042507710216266e-04
4.907163915044283594e-04
4.910272302952146473e-04
4.913408499106320477e-04
4.916703967845479674e-04
4.919724921916384915e-04
4.923168781183290483e-04
4.926036361529088740e-04
4.927914606725798544e-04
4.931116026992798766e-04
4.933662091778771332e-04
4.935940419973939295e-04
4.938309496515503293e-04
4.941036536696617699e-04
4.943271128478709392e-04
4.945439423342481338e-04
4.947406241515315889e-04
4.949091297385677362e-04
4.951202628773282389e-04
4.952946226828881804e-04
4.954525759786967704e-04
4.954525759786967704e-04
