174   0.3    
51.9  0.3
4.15  0.025
175.8 0.3
54.7  0.3
4.67  0.025
120.5 0.3
175.8 0.3
55.7  0.3
8.24  0.025
4.42  0.025
119.6 0.3
177.7 0.3
54.6  0.3
8.16  0.025
4.7   0.025
122.8 0.3
175.8 0.3
60.7  0.3
8.56  0.025
4.52  0.025
112.9 0.3
179.4 0.3
60.2  0.3
8.93  0.025
4.03  0.025
120.5 0.3
179.1 0.3
60    0.3
8.63  0.025
4.12  0.025
119.3 0.3
178.3 0.3
58.7  0.3
7.67  0.025
3.93  0.025
119.8 0.3
177.9 0.3
66.1  0.3
8.31  0.025
3.77  0.025
119.4 0.3
180.9 0.3
55.6  0.3
7.97  0.025
4.15  0.025
121.3 0.3
180.2 0.3
55.4  0.3
7.78  0.025
4.17  0.025
119.1 0.3
178.8 0.3
59.5  0.3
8.52  0.025
5.01  0.025
119.6 0.3
179.4 0.3
60.3  0.3
9.09  0.025
4.06  0.025
123.1 0.3
179.5 0.3
59.5  0.3
7.82  0.025
4.2   0.025
120.2 0.3
179   0.3
55.4  0.3
8.01  0.025
4.28  0.025
122.2 0.3
177.4 0.3
62.1  0.3
8.73  0.025
3.31  0.025
119   0.3
175.2 0.3
61.6  0.3
7.9   0.025
4.18  0.025
112.4 0.3
178   0.3
57.3  0.3
7.45  0.025
4.04  0.025
120.8 0.3
176.6 0.3
59.3  0.3
7.29  0.025
4.29  0.025
115   0.3
177.3 0.3
52.5  0.3
7.74  0.025
4.52  0.025
117.5 0.3
178.3 0.3
58.6  0.3
7.66  0.025
4.01  0.025
124.4 0.3
177.9 0.3
53    0.3
8.1   0.025
4.62  0.025
114   0.3
175.4 0.3
47.4  0.3
7.65  0.025
3.94  0.025
3.94  0.025
109.1 0.3
177.7 0.3
53.8  0.3
8.37  0.025
4.54  0.025
120.8 0.3
174   0.3
45.6  0.3
10.57 0.025
3.74  0.025
4.38  0.025
113.1 0.3
173.2 0.3
60.1  0.3
8.14  0.025
5.31  0.025
112.9 0.3
176.3 0.3
60.5  0.3
9.71  0.025
5     0.025
127.1 0.3
176.8 0.3
59.8  0.3
8.53  0.025
4.86  0.025
116.6 0.3
177.2 0.3
66.8  0.3
8.99  0.025
3.83  0.025
112.8 0.3
179.9 0.3
59.3  0.3
7.65  0.025
4.22  0.025
120.4 0.3
179.2 0.3
59.4  0.3
7.6   0.025
4.1   0.025
121.3 0.3
179.1 0.3
58.2  0.3
8.64  0.025
4.13  0.025
120.4 0.3
175.5 0.3
48.4  0.3
8.59  0.025
3.62  0.025
4     0.025
105.3 0.3
177.2 0.3
67    0.3
7.85  0.025
3.99  0.025
117.8 0.3
179.1 0.3
66.5  0.3
7.64  0.025
3.5   0.025
122.2 0.3
179.2 0.3
59.1  0.3
8.38  0.025
4.16  0.025
117.9 0.3
181.1 0.3
59.2  0.3
8.38  0.025
4.81  0.025
118.9 0.3
174.9 0.3
61.8  0.3
7.93  0.025
4.42  0.025
118.4 0.3
177.6 0.3
54.7  0.3
7.38  0.025
4.52  0.025
120.1 0.3
174.7 0.3
45.7  0.3
7.82  0.025
3.81  0.025
4.24  0.025
106.4 0.3
174.4 0.3
54.6  0.3
7.82  0.025
4.53  0.025
118.4 0.3
172.3 0.3
51.4  0.3
8.59  0.025
5.2   0.025
116.5 0.3
177.9 0.3
62.7  0.3
4.8   0.025
175.4 0.3
60.7  0.3
8.6   0.025
4.5   0.025
112.6 0.3
179   0.3
60.3  0.3
8.74  0.025
4.02  0.025
120.7 0.3
180.2 0.3
55.2  0.3
8.16  0.025
4.14  0.025
120.5 0.3
180.1 0.3
59.2  0.3
7.63  0.025
4.08  0.025
118.6 0.3
178.6 0.3
58    0.3
8.11  0.025
4.12  0.025
120.2 0.3
178.6 0.3
58.8  0.3
8.13  0.025
3.89  0.025
118.1 0.3
178.8 0.3
57.7  0.3
8.01  0.025
4.46  0.025
120   0.3
178.8 0.3
59.5  0.3
7.84  0.025
4.09  0.025
119.3 0.3
177.9 0.3
65    0.3
7.74  0.025
3.57  0.025
118   0.3
177.5 0.3
56    0.3
8.47  0.025
4.42  0.025
117.5 0.3
177.8 0.3
59    0.3
7.58  0.025
4.09  0.025
116.4 0.3
176   0.3
61.1  0.3
7.22  0.025
4.47  0.025
108.9 0.3
176.4 0.3
54    0.3
7.72  0.025
4.67  0.025
121.6 0.3
178.8 0.3
54.3  0.3
8.47  0.025
4.25  0.025
131.7 0.3
178.1 0.3
52.8  0.3
8.18  0.025
4.67  0.025
113.9 0.3
175.2 0.3
47.4  0.3
7.55  0.025
3.85  0.025
3.95  0.025
108.2 0.3
177   0.3
52.7  0.3
8.07  0.025
4.67  0.025
118.4 0.3
173.6 0.3
45.8  0.3
10.51 0.025
3.55  0.025
4.22  0.025
113.3 0.3
173.5 0.3
59.7  0.3
7.68  0.025
4.79  0.025
109   0.3
175.6 0.3
60    0.3
8.9   0.025
5.19  0.025
124   0.3
176.7 0.3
52.4  0.3
8.87  0.025
5.39  0.025
128.3 0.3
173.8 0.3
63.7  0.3
8.9   0.025
4.04  0.025
119   0.3
180.1 0.3
66.7  0.3
3.95  0.025
178.8 0.3
58.8  0.3
7.8   0.025
4.15  0.025
117.4 0.3
177.1 0.3
61.3  0.3
8.76  0.025
4     0.025
123.3 0.3
179.1 0.3
58.1  0.3
8.31  0.025
3.39  0.025
118.8 0.3
176.2 0.3
66.5  0.3
7.47  0.025
3.83  0.025
114.9 0.3
178.1 0.3
59    0.3
7.75  0.025
3.84  0.025
121.4 0.3
178.4 0.3
56    0.3
7.98  0.025
4.06  0.025
116.4 0.3
179.6 0.3
54.5  0.3
8.08  0.025
4.13  0.025
121.8 0.3
177.8 0.3
58.1  0.3
7.52  0.025
4.15  0.025
116.5 0.3
177.6 0.3
57.1  0.3
7.71  0.025
4.28  0.025
118.7 0.3
176.5 0.3
56.5  0.3
7.85  0.025
4.42  0.025
118.4 0.3
176.5 0.3
60.2  0.3
7.81  0.025
4.37  0.025
120.3 0.3
176.7 0.3
54.6  0.3
8.21  0.025
4.74  0.025
121.4 0.3
174.7 0.3
62.3  0.3
8.01  0.025
4.37  0.025
114   0.3
176.9 0.3
54.8  0.3
8.35  0.025
4.75  0.025
122.8 0.3
175.7 0.3
59.9  0.3
8.3   0.025
4.5   0.025
116.7 0.3
178.7 0.3
58.2  0.3
8.76  0.025
4.26  0.025
120.9 0.3
179.2 0.3
60    0.3
8.63  0.025
4.13  0.025
118.8 0.3
179.4 0.3
59.3  0.3
7.68  0.025
4.06  0.025
120.2 0.3
178   0.3
64.5  0.3
7.93  0.025
4.07  0.025
121.3 0.3
179.3 0.3
60.2  0.3
8.32  0.025
4.2   0.025
121.6 0.3
178.7 0.3
59.1  0.3
8.07  0.025
4.18  0.025
118.4 0.3
179.2 0.3
55.2  0.3
7.93  0.025
4.23  0.025
121.8 0.3
176.7 0.3
62.2  0.3
8.47  0.025
3.23  0.025
118.5 0.3
178.3 0.3
58.9  0.3
7.64  0.025
3.94  0.025
115.4 0.3
177.4 0.3
65.7  0.3
7.52  0.025
3.56  0.025
118.1 0.3
177   0.3
60    0.3
7.47  0.025
4.25  0.025
116.4 0.3
177.6 0.3
52.4  0.3
7.74  0.025
4.59  0.025
116.9 0.3
178.4 0.3
59    0.3
7.66  0.025
3.97  0.025
125.8 0.3
177.9 0.3
53.2  0.3
8.24  0.025
4.62  0.025
114.2 0.3
175.4 0.3
47.3  0.3
7.76  0.025
3.82  0.025
3.86  0.025
109.1 0.3
176.2 0.3
52.8  0.3
8.32  0.025
4.68  0.025
119.4 0.3
172.8 0.3
45.3  0.3
10.59 0.025
3.44  0.025
4.04  0.025
112.8 0.3
175.8 0.3
60.5  0.3
10.15 0.025
4.87  0.025
127.3 0.3
175.5 0.3
56    0.3
9.01  0.025
4.9   0.025
123.8 0.3
179.4 0.3
56.1  0.3
9.16  0.025
3.97  0.025
123   0.3
181.3 0.3
55.3  0.3
8.15  0.025
4.08  0.025
118.1 0.3
179.9 0.3
59.4  0.3
7.79  0.025
4.09  0.025
119.4 0.3
178.7 0.3
58.5  0.3
8.53  0.025
4.16  0.025
120.8 0.3
178.8 0.3
60    0.3
8.51  0.025
3.85  0.025
117.3 0.3
177.4 0.3
59.5  0.3
7.91  0.025
4.38  0.025
118.6 0.3
178.1 0.3
66.2  0.3
7.93  0.025
3.56  0.025
118.7 0.3
178.7 0.3
57.8  0.3
8.18  0.025
4.37  0.025
116.5 0.3
177.6 0.3
65.8  0.3
8.1   0.025
4.22  0.025
114.4 0.3
176.5 0.3
55.7  0.3
7.85  0.025
4.54  0.025
121.9 0.3
177.5 0.3
55.6  0.3
7.78  0.025
4.37  0.025
118.7 0.3
174.6 0.3
45.6  0.3
7.79  0.025
3.78  0.025
4.27  0.025
106.3 0.3
175.8 0.3
55.5  0.3
7.9   0.025
4.46  0.025
120.3 0.3
175.7 0.3
55.8  0.3
8.41  0.025
4.41  0.025
123.5 0.3
178   0.3
54.4  0.3
7.92  0.025
4.78  0.025
124.2 0.3
175.6 0.3
60.8  0.3
8.91  0.025
4.52  0.025
114   0.3
177.9 0.3
58.5  0.3
8.44  0.025
4.22  0.025
122.5 0.3
178.6 0.3
59.5  0.3
8.27  0.025
4.11  0.025
119.8 0.3
179.9 0.3
59.5  0.3
8.15  0.025
4.19  0.025
118.7 0.3
177.4 0.3
67    0.3
8.02  0.025
3.68  0.025
120.8 0.3
179.2 0.3
57.8  0.3
8.02  0.025
4.38  0.025
119.6 0.3
178.1 0.3
59.2  0.3
7.89  0.025
4.05  0.025
119.2 0.3
179.1 0.3
59.5  0.3
7.8   0.025
4.06  0.025
119.4 0.3
177.3 0.3
64.2  0.3
7.92  0.025
3.55  0.025
118.2 0.3
179.3 0.3
59.9  0.3
8.13  0.025
4.05  0.025
118.4 0.3
177.4 0.3
58.5  0.3
7.87  0.025
4.05  0.025
115.8 0.3
177.8 0.3
52.3  0.3
7.37  0.025
4.45  0.025
119.1 0.3
178   0.3
63.2  0.3
8.5   0.025
4.03  0.025
127.4 0.3
178.5 0.3
53.8  0.3
8.27  0.025
4.61  0.025
117.1 0.3
175.5 0.3
47.6  0.3
7.57  0.025
3.85  0.025
4.01  0.025
108.3 0.3
177.8 0.3
53.8  0.3
8.34  0.025
4.51  0.025
120.6 0.3
173.2 0.3
46    0.3
10.27 0.025
3.47  0.025
4.07  0.025
112.8 0.3
175   0.3
53.3  0.3
7.96  0.025
4.88  0.025
115.4 0.3
176.1 0.3
61.8  0.3
9.12  0.025
5.24  0.025
125.2 0.3
175.2 0.3
51.4  0.3
9.62  0.025
5.28  0.025
129   0.3
176.3 0.3
62.9  0.3
8.36  0.025
3.5   0.025
118.2 0.3
180.5 0.3
60.5  0.3
8     0.025
3.72  0.025
118.2 0.3
179.2 0.3
58.7  0.3
8.73  0.025
4.08  0.025
120.1 0.3
177   0.3
61.6  0.3
8.86  0.025
4.05  0.025
124   0.3
179.6 0.3
67.2  0.3
8.48  0.025
3.21  0.025
119.4 0.3
178   0.3
58.7  0.3
7.93  0.025
4.13  0.025
121.8 0.3
177.8 0.3
55.7  0.3
7.89  0.025
4.34  0.025
114.8 0.3
175.1 0.3
62.5  0.3
7.64  0.025
4.45  0.025
110   0.3
181.2 0.3
57.7  0.3
7.65  0.025
4.21  0.025
127.7 0.3
