1.773168029785156250e+02 1.775200042724609375e+02 1.773992004394531250e+02
5.308459854125976562e+01 5.318360137939453125e+01 5.329999923706054688e+01
4.139999866485595703e+00 4.139999866485595703e+00 4.139999866485595703e+00
1.761399993896484375e+02 1.761399993896484375e+02 1.761399993896484375e+02
5.500000000000000000e+01 5.500000000000000000e+01 5.500000000000000000e+01
4.500000000000000000e+00 4.500000000000000000e+00 4.500000000000000000e+00
1.225625991821289062e+02 1.236419982910156250e+02 1.175129013061523438e+02
1.756000061035156250e+02 1.756000061035156250e+02 1.756000061035156250e+02
5.554999923706054688e+01 5.538029861450195312e+01 5.554999923706054688e+01
8.164600372314453125e+00 7.830900192260742188e+00 7.900000095367431641e+00
4.349999904632568359e+00 4.371399879455566406e+00 4.349999904632568359e+00
1.181052017211914062e+02 1.174199981689453125e+02 1.179436035156250000e+02
1.774199981689453125e+02 1.774199981689453125e+02 1.774199981689453125e+02
5.453950119018554688e+01 5.452959823608398438e+01 5.440000152587890625e+01
7.965499877929687500e+00 7.971099853515625000e+00 7.984799861907958984e+00
4.093800067901611328e+00 4.059000015258789062e+00 4.230299949645996094e+00
1.222938995361328125e+02 1.210699996948242188e+02 1.210699996948242188e+02
1.754499969482421875e+02 1.754499969482421875e+02 1.754499969482421875e+02
6.669830322265625000e+01 6.694139862060546875e+01 6.664230346679687500e+01
8.599300384521484375e+00 8.594200134277343750e+00 8.640000343322753906e+00
4.046100139617919922e+00 4.270100116729736328e+00 4.029799938201904297e+00
1.120999984741210938e+02 1.120999984741210938e+02 1.120999984741210938e+02
1.793300018310546875e+02 1.793300018310546875e+02 1.793300018310546875e+02
6.011000061035156250e+01 6.011000061035156250e+01 6.011000061035156250e+01
8.960000038146972656e+00 8.960000038146972656e+00 8.960000038146972656e+00
3.960000038146972656e+00 3.960000038146972656e+00 3.960000038146972656e+00
1.198499984741210938e+02 1.198499984741210938e+02 1.198499984741210938e+02
1.790000000000000000e+02 1.790000000000000000e+02 1.790000000000000000e+02
5.984270095825195312e+01 5.983020019531250000e+01 5.984709930419921875e+01
8.296099662780761719e+00 8.226300239562988281e+00 8.299799919128417969e+00
4.050000190734863281e+00 4.050000190734863281e+00 4.050000190734863281e+00
1.187099990844726562e+02 1.187099990844726562e+02 1.187099990844726562e+02
1.782299957275390625e+02 1.782299957275390625e+02 1.782299957275390625e+02
5.863000106811523438e+01 5.863000106811523438e+01 5.863000106811523438e+01
7.679999828338623047e+00 7.679999828338623047e+00 7.679999828338623047e+00
3.849999904632568359e+00 3.849999904632568359e+00 3.849999904632568359e+00
1.194199981689453125e+02 1.194199981689453125e+02 1.194199981689453125e+02
1.776600036621093750e+02 1.776600036621093750e+02 1.776600036621093750e+02
6.619000244140625000e+01 6.619000244140625000e+01 6.619000244140625000e+01
8.359999656677246094e+00 8.359999656677246094e+00 8.359999656677246094e+00
3.700000047683715820e+00 3.700000047683715820e+00 3.700000047683715820e+00
1.189000015258789062e+02 1.189000015258789062e+02 1.189000015258789062e+02
1.808699951171875000e+02 1.808699951171875000e+02 1.808699951171875000e+02
5.547000122070312500e+01 5.547000122070312500e+01 5.547000122070312500e+01
7.960000038146972656e+00 7.960000038146972656e+00 7.960000038146972656e+00
4.099999904632568359e+00 4.099999904632568359e+00 4.099999904632568359e+00
1.205999984741210938e+02 1.205999984741210938e+02 1.205999984741210938e+02
1.803300018310546875e+02 1.803300018310546875e+02 1.803300018310546875e+02
5.934999847412109375e+01 5.934999847412109375e+01 5.934999847412109375e+01
7.750000000000000000e+00 7.750000000000000000e+00 7.750000000000000000e+00
4.130000114440917969e+00 4.130000114440917969e+00 4.130000114440917969e+00
1.188499984741210938e+02 1.188499984741210938e+02 1.188499984741210938e+02
1.786300048828125000e+02 1.786300048828125000e+02 1.786300048828125000e+02
5.948360061645507812e+01 5.936999893188476562e+01 5.950329971313476562e+01
8.529999732971191406e+00 8.248299598693847656e+00 8.529999732971191406e+00
4.776000022888183594e+00 5.000000000000000000e+00 4.774000167846679688e+00
1.193799972534179688e+02 1.193799972534179688e+02 1.193799972534179688e+02
1.792400054931640625e+02 1.792400054931640625e+02 1.792400054931640625e+02
6.022999954223632812e+01 6.022999954223632812e+01 6.022999954223632812e+01
9.149999618530273438e+00 9.149999618530273438e+00 9.149999618530273438e+00
4.010000228881835938e+00 4.010000228881835938e+00 4.010000228881835938e+00
1.228300018310546875e+02 1.228300018310546875e+02 1.228300018310546875e+02
1.793399963378906250e+02 1.793399963378906250e+02 1.793399963378906250e+02
5.940999984741210938e+01 5.940999984741210938e+01 5.940999984741210938e+01
7.769999980926513672e+00 7.769999980926513672e+00 7.801400184631347656e+00
4.119999885559082031e+00 4.119999885559082031e+00 4.119999885559082031e+00
1.197399978637695312e+02 1.197399978637695312e+02 1.197399978637695312e+02
1.789299926757812500e+02 1.789299926757812500e+02 1.789299926757812500e+02
5.529000091552734375e+01 5.529000091552734375e+01 5.529000091552734375e+01
7.969999790191650391e+00 7.969999790191650391e+00 7.969999790191650391e+00
4.260000228881835938e+00 4.260000228881835938e+00 4.260000228881835938e+00
1.218099975585937500e+02 1.218099975585937500e+02 1.218099975585937500e+02
1.772400054931640625e+02 1.772400054931640625e+02 1.772400054931640625e+02
6.204000091552734375e+01 6.204000091552734375e+01 6.204000091552734375e+01
8.609800338745117188e+00 8.635399818420410156e+00 8.618000030517578125e+00
3.210000038146972656e+00 3.210000038146972656e+00 3.210000038146972656e+00
1.186900024414062500e+02 1.186900024414062500e+02 1.186900024414062500e+02
1.750065002441406250e+02 1.750054931640625000e+02 1.749884948730468750e+02
6.150000000000000000e+01 6.150000000000000000e+01 6.150000000000000000e+01
7.958199977874755859e+00 7.958700180053710938e+00 7.947199821472167969e+00
4.119999885559082031e+00 4.119999885559082031e+00 4.119999885559082031e+00
1.119700012207031250e+02 1.119700012207031250e+02 1.119700012207031250e+02
1.778500061035156250e+02 1.778500061035156250e+02 1.778500061035156250e+02
5.722000122070312500e+01 5.722000122070312500e+01 5.722000122070312500e+01
7.420000076293945312e+00 7.420000076293945312e+00 7.420000076293945312e+00
3.980000019073486328e+00 3.980000019073486328e+00 3.980000019073486328e+00
1.203099975585937500e+02 1.203099975585937500e+02 1.203099975585937500e+02
1.766000061035156250e+02 1.766000061035156250e+02 1.766000061035156250e+02
5.938999938964843750e+01 5.938999938964843750e+01 5.938999938964843750e+01
7.269999980926513672e+00 7.269999980926513672e+00 7.269999980926513672e+00
4.219999790191650391e+00 4.219999790191650391e+00 4.219999790191650391e+00
1.143399963378906250e+02 1.143399963378906250e+02 1.143399963378906250e+02
1.770700073242187500e+02 1.770700073242187500e+02 1.770700073242187500e+02
5.245000076293945312e+01 5.245000076293945312e+01 5.245000076293945312e+01
7.789999961853027344e+00 7.753900051116943359e+00 7.789999961853027344e+00
4.530000209808349609e+00 4.530000209808349609e+00 4.530000209808349609e+00
1.169300003051757812e+02 1.169300003051757812e+02 1.169300003051757812e+02
1.780500030517578125e+02 1.780500030517578125e+02 1.780500030517578125e+02
5.847999954223632812e+01 5.847999954223632812e+01 5.847999954223632812e+01
7.650000095367431641e+00 7.650000095367431641e+00 7.650000095367431641e+00
3.950000047683715820e+00 3.950000047683715820e+00 3.950000047683715820e+00
1.237699966430664062e+02 1.237699966430664062e+02 1.237699966430664062e+02
1.776000061035156250e+02 1.776000061035156250e+02 1.776000061035156250e+02
5.288999938964843750e+01 5.288999938964843750e+01 5.288999938964843750e+01
8.039999961853027344e+00 8.039999961853027344e+00 8.039999961853027344e+00
4.570000171661376953e+00 4.570000171661376953e+00 4.570000171661376953e+00
1.135078964233398438e+02 1.135514984130859375e+02 1.135338973999023438e+02
1.750399932861328125e+02 1.750399932861328125e+02 1.750399932861328125e+02
4.711999893188476562e+01 4.711999893188476562e+01 4.711999893188476562e+01
7.639999866485595703e+00 7.639999866485595703e+00 7.639999866485595703e+00
3.957600116729736328e+00 3.957600116729736328e+00 3.957600116729736328e+00
3.859999895095825195e+00 3.859999895095825195e+00 3.859999895095825195e+00
1.084800033569335938e+02 1.084800033569335938e+02 1.084800033569335938e+02
1.773800048828125000e+02 1.773800048828125000e+02 1.773800048828125000e+02
5.381999969482421875e+01 5.381999969482421875e+01 5.381999969482421875e+01
8.359999656677246094e+00 8.359999656677246094e+00 8.359999656677246094e+00
4.489999771118164062e+00 4.489999771118164062e+00 4.489999771118164062e+00
1.200100021362304688e+02 1.200100021362304688e+02 1.200100021362304688e+02
1.736000061035156250e+02 1.736000061035156250e+02 1.736000061035156250e+02
4.536999893188476562e+01 4.536999893188476562e+01 4.536999893188476562e+01
1.053849983215332031e+01 1.053829956054687500e+01 1.053849983215332031e+01
4.150100231170654297e+00 4.139200210571289062e+00 4.150100231170654297e+00
4.329999923706054688e+00 4.329999923706054688e+00 4.329999923706054688e+00
1.119795989990234375e+02 1.120292968750000000e+02 1.119731979370117188e+02
1.728399963378906250e+02 1.728399963378906250e+02 1.728399963378906250e+02
5.995999908447265625e+01 5.995999908447265625e+01 5.995999908447265625e+01
8.042300224304199219e+00 8.058099746704101562e+00 8.059700012207031250e+00
5.269999980926513672e+00 5.269999980926513672e+00 5.269999980926513672e+00
1.122699966430664062e+02 1.122699966430664062e+02 1.122699966430664062e+02
1.760000000000000000e+02 1.760000000000000000e+02 1.760000000000000000e+02
6.056999969482421875e+01 6.056999969482421875e+01 6.056999969482421875e+01
9.750000000000000000e+00 9.750000000000000000e+00 9.750000000000000000e+00
4.949999809265136719e+00 4.949999809265136719e+00 4.949999809265136719e+00
1.260014038085937500e+02 1.260273971557617188e+02 1.260318984985351562e+02
1.765200042724609375e+02 1.765200042724609375e+02 1.765200042724609375e+02
5.972999954223632812e+01 5.972999954223632812e+01 5.972999954223632812e+01
8.491900444030761719e+00 8.490099906921386719e+00 8.460000038146972656e+00
4.809999942779541016e+00 4.809999942779541016e+00 4.809999942779541016e+00
1.159400024414062500e+02 1.159400024414062500e+02 1.159400024414062500e+02
1.771100006103515625e+02 1.771100006103515625e+02 1.771100006103515625e+02
6.658999633789062500e+01 6.658999633789062500e+01 6.658999633789062500e+01
9.060000419616699219e+00 9.060000419616699219e+00 9.060000419616699219e+00
3.769999980926513672e+00 3.769999980926513672e+00 3.769999980926513672e+00
1.121999969482421875e+02 1.121999969482421875e+02 1.121999969482421875e+02
1.797799987792968750e+02 1.797799987792968750e+02 1.797799987792968750e+02
5.922000122070312500e+01 5.922000122070312500e+01 5.922000122070312500e+01
7.784900188446044922e+00 7.661799907684326172e+00 7.677100181579589844e+00
4.110000133514404297e+00 4.110000133514404297e+00 4.110000133514404297e+00
1.200699996948242188e+02 1.200699996948242188e+02 1.200699996948242188e+02
1.789900054931640625e+02 1.789900054931640625e+02 1.789900054931640625e+02
5.943000030517578125e+01 5.943000030517578125e+01 5.943000030517578125e+01
7.630000114440917969e+00 7.630000114440917969e+00 7.630000114440917969e+00
4.030000209808349609e+00 4.030000209808349609e+00 4.030000209808349609e+00
1.209000015258789062e+02 1.209000015258789062e+02 1.209000015258789062e+02
1.788800048828125000e+02 1.788800048828125000e+02 1.788800048828125000e+02
5.816999816894531250e+01 5.816999816894531250e+01 5.816999816894531250e+01
8.659999847412109375e+00 8.659999847412109375e+00 8.659999847412109375e+00
4.079999923706054688e+00 4.079999923706054688e+00 4.079999923706054688e+00
1.199300003051757812e+02 1.199300003051757812e+02 1.199300003051757812e+02
1.751399993896484375e+02 1.751399993896484375e+02 1.751399993896484375e+02
4.815000152587890625e+01 4.815000152587890625e+01 4.815000152587890625e+01
8.590000152587890625e+00 8.590000152587890625e+00 8.590000152587890625e+00
3.702300071716308594e+00 3.702300071716308594e+00 3.716000080108642578e+00
3.950000047683715820e+00 3.950000047683715820e+00 3.950000047683715820e+00
1.045500030517578125e+02 1.045500030517578125e+02 1.045500030517578125e+02
1.769799957275390625e+02 1.769799957275390625e+02 1.769799957275390625e+02
6.701000213623046875e+01 6.701000213623046875e+01 6.701000213623046875e+01
7.869999885559082031e+00 7.869999885559082031e+00 7.869999885559082031e+00
3.920000076293945312e+00 3.920000076293945312e+00 3.920000076293945312e+00
1.173300018310546875e+02 1.173300018310546875e+02 1.173300018310546875e+02
1.789514007568359375e+02 1.790399932861328125e+02 1.789514007568359375e+02
6.637999725341796875e+01 6.637999725341796875e+01 6.637999725341796875e+01
7.610000133514404297e+00 7.610000133514404297e+00 7.610000133514404297e+00
3.480000019073486328e+00 3.480000019073486328e+00 3.480000019073486328e+00
1.215299987792968750e+02 1.215299987792968750e+02 1.215299987792968750e+02
1.790099945068359375e+02 1.790099945068359375e+02 1.790099945068359375e+02
5.897980117797851562e+01 5.897779846191406250e+01 5.890679931640625000e+01
8.321599960327148438e+00 8.346300125122070312e+00 8.322799682617187500e+00
4.079999923706054688e+00 4.079999923706054688e+00 4.079999923706054688e+00
1.176600036621093750e+02 1.176600036621093750e+02 1.176600036621093750e+02
1.810700073242187500e+02 1.810700073242187500e+02 1.810700073242187500e+02
5.915000152587890625e+01 5.915000152587890625e+01 5.915000152587890625e+01
8.439999580383300781e+00 8.439999580383300781e+00 8.439999580383300781e+00
4.780000209808349609e+00 4.780000209808349609e+00 4.780000209808349609e+00
1.183000030517578125e+02 1.183000030517578125e+02 1.183000030517578125e+02
1.746300048828125000e+02 1.746300048828125000e+02 1.746300048828125000e+02
6.165000152587890625e+01 6.165000152587890625e+01 6.165000152587890625e+01
7.889999866485595703e+00 7.889999866485595703e+00 7.889999866485595703e+00
4.380000114440917969e+00 4.380000114440917969e+00 4.380000114440917969e+00
1.176798019409179688e+02 1.176912994384765625e+02 1.176763992309570312e+02
1.773800048828125000e+02 1.773800048828125000e+02 1.773800048828125000e+02
5.459999847412109375e+01 5.459999847412109375e+01 5.459999847412109375e+01
7.349999904632568359e+00 7.349999904632568359e+00 7.349999904632568359e+00
4.469999790191650391e+00 4.469999790191650391e+00 4.469999790191650391e+00
1.198199996948242188e+02 1.198199996948242188e+02 1.198199996948242188e+02
1.743099975585937500e+02 1.743099975585937500e+02 1.743099975585937500e+02
4.547999954223632812e+01 4.547999954223632812e+01 4.547999954223632812e+01
7.829999923706054688e+00 7.829999923706054688e+00 7.829999923706054688e+00
3.957499980926513672e+00 3.966200113296508789e+00 3.957499980926513672e+00
4.183000087738037109e+00 4.180099964141845703e+00 4.178800106048583984e+00
1.060100021362304688e+02 1.060100021362304688e+02 1.060100021362304688e+02
1.740599975585937500e+02 1.740599975585937500e+02 1.740599975585937500e+02
5.461000061035156250e+01 5.461000061035156250e+01 5.461000061035156250e+01
7.789999961853027344e+00 7.789999961853027344e+00 7.789999961853027344e+00
4.460000038146972656e+00 4.460000038146972656e+00 4.460000038146972656e+00
1.178300018310546875e+02 1.178300018310546875e+02 1.178300018310546875e+02
1.725576934814453125e+02 1.725695953369140625e+02 1.725574951171875000e+02
5.131000137329101562e+01 5.131000137329101562e+01 5.131000137329101562e+01
8.640000343322753906e+00 8.640000343322753906e+00 8.640000343322753906e+00
5.159999847412109375e+00 5.159999847412109375e+00 5.159999847412109375e+00
1.206822967529296875e+02 1.207940979003906250e+02 1.205768966674804688e+02
1.776600036621093750e+02 1.776600036621093750e+02 1.776600036621093750e+02
6.249000167846679688e+01 6.249000167846679688e+01 6.249000167846679688e+01
4.730000019073486328e+00 4.730000019073486328e+00 4.730000019073486328e+00
1.751300048828125000e+02 1.751300048828125000e+02 1.751300048828125000e+02
6.059999847412109375e+01 6.059999847412109375e+01 6.059999847412109375e+01
8.630000114440917969e+00 8.631600379943847656e+00 8.637900352478027344e+00
4.429999828338623047e+00 4.429999828338623047e+00 4.429999828338623047e+00
1.122699966430664062e+02 1.122699966430664062e+02 1.122699966430664062e+02
1.788800048828125000e+02 1.788800048828125000e+02 1.788800048828125000e+02
6.011999893188476562e+01 6.011999893188476562e+01 6.011999893188476562e+01
8.760000228881835938e+00 8.760000228881835938e+00 8.760000228881835938e+00
3.960000038146972656e+00 3.960000038146972656e+00 3.960000038146972656e+00
1.200100021362304688e+02 1.200100021362304688e+02 1.200100021362304688e+02
1.801399993896484375e+02 1.801399993896484375e+02 1.801399993896484375e+02
5.504000091552734375e+01 5.504000091552734375e+01 5.504000091552734375e+01
8.199999809265136719e+00 8.199999809265136719e+00 8.199999809265136719e+00
4.079999923706054688e+00 4.079999923706054688e+00 4.079999923706054688e+00
1.199700012207031250e+02 1.199700012207031250e+02 1.199700012207031250e+02
1.800000000000000000e+02 1.800000000000000000e+02 1.800000000000000000e+02
5.911999893188476562e+01 5.911999893188476562e+01 5.911999893188476562e+01
7.650000095367431641e+00 7.650000095367431641e+00 7.650000095367431641e+00
4.010000228881835938e+00 4.010000228881835938e+00 4.010000228881835938e+00
1.181699981689453125e+02 1.181699981689453125e+02 1.181699981689453125e+02
1.784199981689453125e+02 1.786851043701171875e+02 1.784199981689453125e+02
5.793000030517578125e+01 5.793000030517578125e+01 5.793000030517578125e+01
8.109999656677246094e+00 8.109999656677246094e+00 8.109999656677246094e+00
4.059999942779541016e+00 4.059999942779541016e+00 4.059999942779541016e+00
1.197200012207031250e+02 1.197200012207031250e+02 1.197200012207031250e+02
1.784100036621093750e+02 1.784100036621093750e+02 1.784100036621093750e+02
5.863999938964843750e+01 5.863999938964843750e+01 5.863999938964843750e+01
8.149999618530273438e+00 8.187199592590332031e+00 8.186100006103515625e+00
3.819999933242797852e+00 3.819999933242797852e+00 3.819999933242797852e+00
1.175599975585937500e+02 1.175599975585937500e+02 1.175599975585937500e+02
1.784900054931640625e+02 1.784900054931640625e+02 1.784900054931640625e+02
5.761999893188476562e+01 5.761999893188476562e+01 5.761999893188476562e+01
8.039999961853027344e+00 8.039999961853027344e+00 8.039999961853027344e+00
4.400000095367431641e+00 4.400000095367431641e+00 4.400000095367431641e+00
1.193300018310546875e+02 1.193300018310546875e+02 1.193300018310546875e+02
1.787799987792968750e+02 1.787799987792968750e+02 1.787799987792968750e+02
5.941999816894531250e+01 5.941999816894531250e+01 5.941999816894531250e+01
7.829999923706054688e+00 7.829999923706054688e+00 7.829999923706054688e+00
4.019999980926513672e+00 4.019999980926513672e+00 4.019999980926513672e+00
1.186100006103515625e+02 1.186100006103515625e+02 1.186100006103515625e+02
1.776600036621093750e+02 1.776600036621093750e+02 1.776600036621093750e+02
6.371220016479492188e+01 6.366970062255859375e+01 6.381650161743164062e+01
7.679999828338623047e+00 7.679999828338623047e+00 7.679999828338623047e+00
3.490000009536743164e+00 3.490000009536743164e+00 3.490000009536743164e+00
1.175100021362304688e+02 1.175100021362304688e+02 1.175100021362304688e+02
1.773200073242187500e+02 1.773200073242187500e+02 1.773200073242187500e+02
5.600999832153320312e+01 5.600999832153320312e+01 5.600999832153320312e+01
8.520000457763671875e+00 8.520000457763671875e+00 8.520000457763671875e+00
4.369999885559082031e+00 4.369999885559082031e+00 4.369999885559082031e+00
1.170699996948242188e+02 1.170699996948242188e+02 1.170699996948242188e+02
1.774900054931640625e+02 1.774900054931640625e+02 1.774900054931640625e+02
5.891999816894531250e+01 5.891999816894531250e+01 5.891999816894531250e+01
7.559999942779541016e+00 7.559999942779541016e+00 7.559999942779541016e+00
4.019999980926513672e+00 4.019999980926513672e+00 4.019999980926513672e+00
1.157399978637695312e+02 1.157399978637695312e+02 1.157399978637695312e+02
1.756900024414062500e+02 1.756900024414062500e+02 1.756900024414062500e+02
6.102619934082031250e+01 6.098609924316406250e+01 6.100730133056640625e+01
7.190000057220458984e+00 7.190000057220458984e+00 7.190000057220458984e+00
4.377600193023681641e+00 4.370600223541259766e+00 4.375500202178955078e+00
1.102213973999023438e+02 1.103067016601562500e+02 1.102696990966796875e+02
1.761600036621093750e+02 1.761600036621093750e+02 1.761600036621093750e+02
5.386999893188476562e+01 5.386999893188476562e+01 5.386999893188476562e+01
7.794899940490722656e+00 7.793000221252441406e+00 7.777500152587890625e+00
4.619999885559082031e+00 4.619999885559082031e+00 4.619999885559082031e+00
1.211600036621093750e+02 1.211600036621093750e+02 1.211600036621093750e+02
1.785399932861328125e+02 1.785399932861328125e+02 1.785399932861328125e+02
5.427999877929687500e+01 5.427999877929687500e+01 5.427999877929687500e+01
8.449999809265136719e+00 8.449999809265136719e+00 8.449999809265136719e+00
4.179999828338623047e+00 4.179999828338623047e+00 4.179999828338623047e+00
1.310899963378906250e+02 1.308990020751953125e+02 1.310899963378906250e+02
1.777500000000000000e+02 1.777500000000000000e+02 1.777500000000000000e+02
5.272999954223632812e+01 5.272999954223632812e+01 5.272999954223632812e+01
8.119999885559082031e+00 8.119999885559082031e+00 8.119999885559082031e+00
4.619999885559082031e+00 4.619999885559082031e+00 4.619999885559082031e+00
1.131500015258789062e+02 1.131500015258789062e+02 1.131500015258789062e+02
1.748500061035156250e+02 1.748500061035156250e+02 1.748500061035156250e+02
4.711999893188476562e+01 4.711999893188476562e+01 4.711999893188476562e+01
7.530000209808349609e+00 7.530000209808349609e+00 7.530000209808349609e+00
3.905800104141235352e+00 3.895200014114379883e+00 3.895200014114379883e+00
3.869999885559082031e+00 3.869999885559082031e+00 3.869999885559082031e+00
1.076100006103515625e+02 1.076100006103515625e+02 1.076100006103515625e+02
1.767599945068359375e+02 1.767599945068359375e+02 1.767599945068359375e+02
5.265999984741210938e+01 5.265999984741210938e+01 5.265999984741210938e+01
8.039999961853027344e+00 8.039999961853027344e+00 8.039999961853027344e+00
4.619999885559082031e+00 4.619999885559082031e+00 4.619999885559082031e+00
1.177399978637695312e+02 1.177399978637695312e+02 1.177399978637695312e+02
1.731699981689453125e+02 1.731699981689453125e+02 1.731699981689453125e+02
4.559999847412109375e+01 4.559999847412109375e+01 4.559999847412109375e+01
1.031760025024414062e+01 1.029580020904541016e+01 1.028940010070800781e+01
4.004499912261962891e+00 3.912499904632568359e+00 3.980099916458129883e+00
4.145899772644042969e+00 4.142000198364257812e+00 4.170000076293945312e+00
1.118576965332031250e+02 1.117802963256835938e+02 1.118768005371093750e+02
1.731199951171875000e+02 1.731199951171875000e+02 1.731199951171875000e+02
5.961000061035156250e+01 5.961000061035156250e+01 5.961000061035156250e+01
7.650000095367431641e+00 7.650000095367431641e+00 7.650000095367431641e+00
4.739999771118164062e+00 4.739999771118164062e+00 4.739999771118164062e+00
1.084400024414062500e+02 1.084400024414062500e+02 1.084400024414062500e+02
1.754499969482421875e+02 1.754499969482421875e+02 1.754499969482421875e+02
6.009999847412109375e+01 6.009999847412109375e+01 6.009999847412109375e+01
8.890000343322753906e+00 8.890000343322753906e+00 8.890000343322753906e+00
5.159999847412109375e+00 5.159999847412109375e+00 5.159999847412109375e+00
1.232699966430664062e+02 1.232699966430664062e+02 1.232699966430664062e+02
1.762700042724609375e+02 1.762700042724609375e+02 1.762700042724609375e+02
5.225000000000000000e+01 5.225000000000000000e+01 5.225000000000000000e+01
8.789999961853027344e+00 8.789999961853027344e+00 8.789999961853027344e+00
5.340000152587890625e+00 5.340000152587890625e+00 5.340000152587890625e+00
1.275500030517578125e+02 1.275500030517578125e+02 1.275500030517578125e+02
1.740648956298828125e+02 1.739512023925781250e+02 1.740709991455078125e+02
6.365999984741210938e+01 6.365999984741210938e+01 6.365999984741210938e+01
8.880000114440917969e+00 8.880000114440917969e+00 8.880000114440917969e+00
3.965800046920776367e+00 3.951499938964843750e+00 3.966000080108642578e+00
1.180699996948242188e+02 1.180699996948242188e+02 1.180699996948242188e+02
1.799499969482421875e+02 1.799499969482421875e+02 1.799499969482421875e+02
6.669999694824218750e+01 6.669999694824218750e+01 6.669999694824218750e+01
3.849999904632568359e+00 3.849999904632568359e+00 3.849999904632568359e+00
1.786999969482421875e+02 1.786999969482421875e+02 1.786999969482421875e+02
5.879999923706054688e+01 5.879999923706054688e+01 5.879999923706054688e+01
8.505499839782714844e+00 8.417300224304199219e+00 8.490599632263183594e+00
4.090000152587890625e+00 4.090000152587890625e+00 4.090000152587890625e+00
1.169499969482421875e+02 1.169499969482421875e+02 1.169499969482421875e+02
1.769600067138671875e+02 1.769600067138671875e+02 1.769600067138671875e+02
6.129000091552734375e+01 6.129000091552734375e+01 6.129000091552734375e+01
8.604499816894531250e+00 8.501399993896484375e+00 8.590800285339355469e+00
3.940000057220458984e+00 3.940000057220458984e+00 3.940000057220458984e+00
1.229100036621093750e+02 1.229100036621093750e+02 1.229100036621093750e+02
1.789400024414062500e+02 1.789400024414062500e+02 1.789400024414062500e+02
5.800999832153320312e+01 5.800999832153320312e+01 5.800999832153320312e+01
8.329999923706054688e+00 8.329999923706054688e+00 8.329999923706054688e+00
3.408400058746337891e+00 3.329999923706054688e+00 3.453999996185302734e+00
1.182600021362304688e+02 1.184447021484375000e+02 1.182600021362304688e+02
1.758399963378906250e+02 1.758399963378906250e+02 1.758399963378906250e+02
6.662999725341796875e+01 6.662999725341796875e+01 6.662999725341796875e+01
7.500400066375732422e+00 7.460000038146972656e+00 7.515299797058105469e+00
3.730000019073486328e+00 3.730000019073486328e+00 3.730000019073486328e+00
1.145000000000000000e+02 1.145000000000000000e+02 1.145000000000000000e+02
1.780299987792968750e+02 1.780299987792968750e+02 1.780299987792968750e+02
5.880479812622070312e+01 5.879589843750000000e+01 5.880239868164062500e+01
7.750000000000000000e+00 7.750000000000000000e+00 7.750000000000000000e+00
3.803699970245361328e+00 3.780800104141235352e+00 3.797100067138671875e+00
1.209499969482421875e+02 1.209499969482421875e+02 1.209499969482421875e+02
1.784100036621093750e+02 1.784100036621093750e+02 1.784100036621093750e+02
5.811500167846679688e+01 5.627059936523437500e+01 5.830179977416992188e+01
8.010000228881835938e+00 8.010000228881835938e+00 8.010000228881835938e+00
3.894999980926513672e+00 3.913599967956542969e+00 3.866300106048583984e+00
1.163455963134765625e+02 1.164421005249023438e+02 1.162506027221679688e+02
1.795000000000000000e+02 1.795000000000000000e+02 1.795000000000000000e+02
5.450999832153320312e+01 5.450999832153320312e+01 5.450999832153320312e+01
8.170000076293945312e+00 8.170000076293945312e+00 8.170000076293945312e+00
4.059999942779541016e+00 4.059999942779541016e+00 4.059999942779541016e+00
1.215699996948242188e+02 1.215699996948242188e+02 1.215699996948242188e+02
1.776199951171875000e+02 1.776199951171875000e+02 1.776199951171875000e+02
5.818000030517578125e+01 5.818000030517578125e+01 5.818000030517578125e+01
7.559999942779541016e+00 7.559999942779541016e+00 7.559999942779541016e+00
4.059999942779541016e+00 4.059999942779541016e+00 4.059999942779541016e+00
1.161853027343750000e+02 1.158199996948242188e+02 1.158199996948242188e+02
1.776168060302734375e+02 1.776278991699218750e+02 1.775000000000000000e+02
5.757820129394531250e+01 5.749589920043945312e+01 5.755920028686523438e+01
7.875299930572509766e+00 7.867000102996826172e+00 8.052000045776367188e+00
4.199999809265136719e+00 4.199999809265136719e+00 4.199999809265136719e+00
1.179199981689453125e+02 1.179199981689453125e+02 1.179199981689453125e+02
1.772760925292968750e+02 1.763300018310546875e+02 1.763300018310546875e+02
5.708689880371093750e+01 5.661000061035156250e+01 5.670790100097656250e+01
7.800000190734863281e+00 7.800000190734863281e+00 7.800000190734863281e+00
4.293099880218505859e+00 4.300099849700927734e+00 4.301700115203857422e+00
1.178499984741210938e+02 1.178499984741210938e+02 1.178499984741210938e+02
1.762899932861328125e+02 1.762899932861328125e+02 1.762899932861328125e+02
5.845890045166015625e+01 5.659999847412109375e+01 5.659999847412109375e+01
7.820000171661376953e+00 7.820000171661376953e+00 7.820000171661376953e+00
4.300000190734863281e+00 4.300000190734863281e+00 4.300000190734863281e+00
1.188143005371093750e+02 1.196999969482421875e+02 1.183116989135742188e+02
1.747236938476562500e+02 1.764799957275390625e+02 1.763392028808593750e+02
5.452600097656250000e+01 5.465000152587890625e+01 5.363600158691406250e+01
8.220000267028808594e+00 8.174400329589843750e+00 8.108799934387207031e+00
4.670000076293945312e+00 4.670000076293945312e+00 4.670000076293945312e+00
1.133911972045898438e+02 1.209100036621093750e+02 1.209100036621093750e+02
1.742702026367187500e+02 1.742978973388671875e+02 1.744299926757812500e+02
6.224000167846679688e+01 6.224000167846679688e+01 6.242630004882812500e+01
8.029999732971191406e+00 8.029999732971191406e+00 8.029999732971191406e+00
4.309999942779541016e+00 4.309999942779541016e+00 4.309999942779541016e+00
1.137600021362304688e+02 1.137600021362304688e+02 1.144960021972656250e+02
1.765299987792968750e+02 1.765299987792968750e+02 1.765299987792968750e+02
5.468999862670898438e+01 5.468999862670898438e+01 5.485329818725585938e+01
8.418100357055664062e+00 8.380000114440917969e+00 8.435899734497070312e+00
4.622300148010253906e+00 4.690000057220458984e+00 4.668000221252441406e+00
1.223899993896484375e+02 1.221651000976562500e+02 1.245422973632812500e+02
1.753000030517578125e+02 1.753000030517578125e+02 1.753000030517578125e+02
5.909999847412109375e+01 5.909999847412109375e+01 5.909999847412109375e+01
8.319999694824218750e+00 8.365099906921386719e+00 8.357099533081054688e+00
4.482600212097167969e+00 4.460000038146972656e+00 4.392000198364257812e+00
1.115699996948242188e+02 1.193901977539062500e+02 1.161399993896484375e+02
1.778099975585937500e+02 1.779145965576171875e+02 1.778099975585937500e+02
5.909830093383789062e+01 5.916490173339843750e+01 5.909420013427734375e+01
8.702599525451660156e+00 8.557399749755859375e+00 8.452300071716308594e+00
4.130000114440917969e+00 4.130000114440917969e+00 4.130000114440917969e+00
1.220500030517578125e+02 1.220500030517578125e+02 1.220500030517578125e+02
1.785500030517578125e+02 1.785500030517578125e+02 1.785500030517578125e+02
5.954999923706054688e+01 5.954999923706054688e+01 5.954999923706054688e+01
8.619500160217285156e+00 8.310000419616699219e+00 8.310000419616699219e+00
4.039999961853027344e+00 4.039999961853027344e+00 4.039999961853027344e+00
1.188099975585937500e+02 1.188099975585937500e+02 1.188099975585937500e+02
1.794799957275390625e+02 1.794799957275390625e+02 1.794799957275390625e+02
5.938000106811523438e+01 5.938000106811523438e+01 5.938000106811523438e+01
8.020299911499023438e+00 8.023200035095214844e+00 8.042900085449218750e+00
4.139999866485595703e+00 4.139999866485595703e+00 4.139999866485595703e+00
1.186415023803710938e+02 1.181699981689453125e+02 1.185233001708984375e+02
1.778000030517578125e+02 1.778000030517578125e+02 1.778000030517578125e+02
6.477999877929687500e+01 6.477999877929687500e+01 6.477999877929687500e+01
8.162799835205078125e+00 8.135499954223632812e+00 8.156499862670898438e+00
4.000000000000000000e+00 4.000000000000000000e+00 4.000000000000000000e+00
1.213499984741210938e+02 1.213499984741210938e+02 1.213499984741210938e+02
1.792200012207031250e+02 1.792200012207031250e+02 1.792200012207031250e+02
6.011999893188476562e+01 6.011999893188476562e+01 6.011999893188476562e+01
8.369999885559082031e+00 8.369999885559082031e+00 8.400500297546386719e+00
4.150000095367431641e+00 4.150000095367431641e+00 4.150000095367431641e+00
1.210000000000000000e+02 1.210000000000000000e+02 1.210000000000000000e+02
1.784600067138671875e+02 1.784600067138671875e+02 1.784600067138671875e+02
5.904999923706054688e+01 5.904999923706054688e+01 5.904999923706054688e+01
8.050000190734863281e+00 8.050000190734863281e+00 8.050000190734863281e+00
4.119999885559082031e+00 4.119999885559082031e+00 4.119999885559082031e+00
1.181611022949218750e+02 1.179700012207031250e+02 1.182567977905273438e+02
1.791100006103515625e+02 1.791100006103515625e+02 1.791100006103515625e+02
5.509999847412109375e+01 5.509999847412109375e+01 5.509999847412109375e+01
7.929999828338623047e+00 7.929999828338623047e+00 7.929999828338623047e+00
4.179999828338623047e+00 4.179999828338623047e+00 4.179999828338623047e+00
1.212399978637695312e+02 1.212399978637695312e+02 1.212399978637695312e+02
1.763699951171875000e+02 1.763699951171875000e+02 1.763699951171875000e+02
6.216999816894531250e+01 6.216999816894531250e+01 6.216999816894531250e+01
8.520000457763671875e+00 8.520000457763671875e+00 8.478099822998046875e+00
3.537899971008300781e+00 3.603199958801269531e+00 3.482599973678588867e+00
1.181800003051757812e+02 1.181800003051757812e+02 1.181800003051757812e+02
1.781000061035156250e+02 1.781000061035156250e+02 1.781000061035156250e+02
5.886000061035156250e+01 5.886000061035156250e+01 5.886000061035156250e+01
7.630000114440917969e+00 7.630000114440917969e+00 7.630000114440917969e+00
3.869999885559082031e+00 3.869999885559082031e+00 3.869999885559082031e+00
1.163707962036132812e+02 1.158423004150390625e+02 1.165982971191406250e+02
1.772799987792968750e+02 1.772799987792968750e+02 1.772799987792968750e+02
6.566999816894531250e+01 6.566999816894531250e+01 6.566999816894531250e+01
7.510000228881835938e+00 7.510000228881835938e+00 7.510000228881835938e+00
3.500000000000000000e+00 3.500000000000000000e+00 3.500000000000000000e+00
1.176900024414062500e+02 1.176900024414062500e+02 1.176900024414062500e+02
1.768899993896484375e+02 1.768899993896484375e+02 1.768899993896484375e+02
5.999000167846679688e+01 5.999000167846679688e+01 5.999000167846679688e+01
7.500000000000000000e+00 7.500000000000000000e+00 7.500000000000000000e+00
4.219999790191650391e+00 4.219999790191650391e+00 4.241700172424316406e+00
1.158300018310546875e+02 1.160608978271484375e+02 1.158300018310546875e+02
1.773800048828125000e+02 1.773800048828125000e+02 1.773800048828125000e+02
5.236000061035156250e+01 5.236000061035156250e+01 5.236000061035156250e+01
7.789999961853027344e+00 7.789999961853027344e+00 7.789999961853027344e+00
4.519999980926513672e+00 4.519999980926513672e+00 4.519999980926513672e+00
1.163499984741210938e+02 1.163499984741210938e+02 1.163499984741210938e+02
1.781799926757812500e+02 1.781799926757812500e+02 1.780966033935546875e+02
5.900000000000000000e+01 5.900000000000000000e+01 5.900000000000000000e+01
7.679999828338623047e+00 7.679999828338623047e+00 7.679999828338623047e+00
3.890000104904174805e+00 3.890000104904174805e+00 3.890000104904174805e+00
1.252300033569335938e+02 1.252300033569335938e+02 1.252300033569335938e+02
1.775041961669921875e+02 1.775054931640625000e+02 1.774962005615234375e+02
5.308000183105468750e+01 5.308000183105468750e+01 5.308000183105468750e+01
8.180000305175781250e+00 8.180000305175781250e+00 8.180000305175781250e+00
4.539999961853027344e+00 4.539999961853027344e+00 4.539999961853027344e+00
1.137453994750976562e+02 1.137738037109375000e+02 1.137800979614257812e+02
1.750000000000000000e+02 1.750000000000000000e+02 1.750000000000000000e+02
4.704000091552734375e+01 4.704000091552734375e+01 4.704000091552734375e+01
7.739999771118164062e+00 7.739999771118164062e+00 7.739999771118164062e+00
3.923000097274780273e+00 3.923000097274780273e+00 3.923000097274780273e+00
3.829999923706054688e+00 3.829999923706054688e+00 3.829999923706054688e+00
1.085400009155273438e+02 1.085400009155273438e+02 1.085400009155273438e+02
1.759799957275390625e+02 1.759799957275390625e+02 1.759799957275390625e+02
5.275000000000000000e+01 5.275000000000000000e+01 5.275000000000000000e+01
8.289999961853027344e+00 8.289999961853027344e+00 8.289999961853027344e+00
4.630000114440917969e+00 4.630000114440917969e+00 4.630000114440917969e+00
1.188300018310546875e+02 1.188300018310546875e+02 1.188300018310546875e+02
1.724096984863281250e+02 1.724053955078125000e+02 1.724035034179687500e+02
4.500000000000000000e+01 4.500000000000000000e+01 4.500000000000000000e+01
9.498700141906738281e+00 9.298399925231933594e+00 9.319700241088867188e+00
4.131400108337402344e+00 4.131400108337402344e+00 4.131400108337402344e+00
4.019999980926513672e+00 4.019999980926513672e+00 4.019999980926513672e+00
1.116867980957031250e+02 1.116138992309570312e+02 1.116490020751953125e+02
1.754600067138671875e+02 1.754600067138671875e+02 1.754600067138671875e+02
6.034999847412109375e+01 6.034999847412109375e+01 6.034999847412109375e+01
1.009000015258789062e+01 1.009000015258789062e+01 1.009000015258789062e+01
4.820000171661376953e+00 4.820000171661376953e+00 4.820000171661376953e+00
1.267099990844726562e+02 1.267099990844726562e+02 1.267099990844726562e+02
1.751600036621093750e+02 1.751600036621093750e+02 1.751600036621093750e+02
5.590999984741210938e+01 5.590999984741210938e+01 5.590999984741210938e+01
8.986499786376953125e+00 8.949999809265136719e+00 8.949999809265136719e+00
4.829999923706054688e+00 4.829999923706054688e+00 4.829999923706054688e+00
1.231100006103515625e+02 1.231100006103515625e+02 1.231100006103515625e+02
1.792400054931640625e+02 1.792400054931640625e+02 1.792400054931640625e+02
5.600000000000000000e+01 5.600000000000000000e+01 5.600000000000000000e+01
9.159999847412109375e+00 9.159999847412109375e+00 9.159999847412109375e+00
3.900000095367431641e+00 3.900000095367431641e+00 3.900000095367431641e+00
1.222799987792968750e+02 1.222799987792968750e+02 1.222799987792968750e+02
1.812299957275390625e+02 1.812299957275390625e+02 1.812299957275390625e+02
5.515999984741210938e+01 5.515999984741210938e+01 5.515999984741210938e+01
8.180000305175781250e+00 8.180000305175781250e+00 8.180000305175781250e+00
4.019999980926513672e+00 4.019999980926513672e+00 4.019999980926513672e+00
1.175999984741210938e+02 1.175999984741210938e+02 1.175999984741210938e+02
1.791699981689453125e+02 1.791699981689453125e+02 1.791699981689453125e+02
5.934000015258789062e+01 5.934000015258789062e+01 5.934000015258789062e+01
7.800000190734863281e+00 7.800000190734863281e+00 7.800000190734863281e+00
4.039999961853027344e+00 4.039999961853027344e+00 4.039999961853027344e+00
1.190199966430664062e+02 1.190199966430664062e+02 1.190199966430664062e+02
1.784199981689453125e+02 1.784199981689453125e+02 1.784199981689453125e+02
5.831000137329101562e+01 5.831000137329101562e+01 5.831000137329101562e+01
8.550000190734863281e+00 8.550000190734863281e+00 8.550000190734863281e+00
4.090000152587890625e+00 4.090000152587890625e+00 4.090000152587890625e+00
1.203799972534179688e+02 1.203799972534179688e+02 1.203799972534179688e+02
1.785500030517578125e+02 1.785500030517578125e+02 1.785500030517578125e+02
5.988999938964843750e+01 5.988999938964843750e+01 5.988999938964843750e+01
8.489999771118164062e+00 8.489999771118164062e+00 8.489999771118164062e+00
3.789999961853027344e+00 3.789999961853027344e+00 3.789999961853027344e+00
1.167699966430664062e+02 1.167699966430664062e+02 1.167699966430664062e+02
1.772899932861328125e+02 1.772899932861328125e+02 1.772899932861328125e+02
5.954000091552734375e+01 5.954000091552734375e+01 5.954000091552734375e+01
7.869999885559082031e+00 7.869999885559082031e+00 7.869999885559082031e+00
4.309999942779541016e+00 4.309999942779541016e+00 4.309999942779541016e+00
1.180199966430664062e+02 1.180199966430664062e+02 1.180199966430664062e+02
1.778999938964843750e+02 1.778999938964843750e+02 1.778999938964843750e+02
6.604000091552734375e+01 6.604000091552734375e+01 6.604000091552734375e+01
7.889999866485595703e+00 7.889999866485595703e+00 7.889999866485595703e+00
3.490000009536743164e+00 3.490000009536743164e+00 3.490000009536743164e+00
1.180999984741210938e+02 1.180999984741210938e+02 1.180999984741210938e+02
1.784799957275390625e+02 1.784799957275390625e+02 1.784799957275390625e+02
5.761999893188476562e+01 5.761999893188476562e+01 5.761999893188476562e+01
8.199999809265136719e+00 8.199999809265136719e+00 8.199999809265136719e+00
4.329999923706054688e+00 4.329999923706054688e+00 4.329999923706054688e+00
1.159000015258789062e+02 1.159000015258789062e+02 1.159000015258789062e+02
1.773399963378906250e+02 1.773399963378906250e+02 1.773399963378906250e+02
6.569000244140625000e+01 6.569000244140625000e+01 6.569000244140625000e+01
8.090000152587890625e+00 8.090000152587890625e+00 8.090000152587890625e+00
4.179999828338623047e+00 4.179999828338623047e+00 4.179999828338623047e+00
1.141908035278320312e+02 1.141912994384765625e+02 1.141656036376953125e+02
1.761199951171875000e+02 1.761199951171875000e+02 1.761199951171875000e+02
5.565000152587890625e+01 5.565000152587890625e+01 5.565000152587890625e+01
7.869999885559082031e+00 7.869999885559082031e+00 7.869999885559082031e+00
4.500000000000000000e+00 4.500000000000000000e+00 4.500000000000000000e+00
1.213499984741210938e+02 1.213499984741210938e+02 1.213499984741210938e+02
1.772599945068359375e+02 1.772599945068359375e+02 1.772599945068359375e+02
5.543000030517578125e+01 5.543000030517578125e+01 5.543000030517578125e+01
7.820000171661376953e+00 7.820000171661376953e+00 7.820000171661376953e+00
4.300000190734863281e+00 4.300000190734863281e+00 4.300000190734863281e+00
1.182500000000000000e+02 1.182500000000000000e+02 1.182500000000000000e+02
1.742700042724609375e+02 1.742700042724609375e+02 1.742700042724609375e+02
4.536000061035156250e+01 4.536000061035156250e+01 4.536000061035156250e+01
7.820000171661376953e+00 7.820000171661376953e+00 7.820000171661376953e+00
4.019599914550781250e+00 4.006299972534179688e+00 3.988899946212768555e+00
4.060200214385986328e+00 4.056499958038330078e+00 4.060200214385986328e+00
1.059700012207031250e+02 1.059700012207031250e+02 1.059700012207031250e+02
1.754600067138671875e+02 1.754600067138671875e+02 1.754600067138671875e+02
5.547999954223632812e+01 5.547999954223632812e+01 5.547999954223632812e+01
7.880000114440917969e+00 7.880000114440917969e+00 7.880000114440917969e+00
4.389999866485595703e+00 4.389999866485595703e+00 4.389999866485595703e+00
1.198300018310546875e+02 1.198300018310546875e+02 1.198300018310546875e+02
1.755500030517578125e+02 1.755500030517578125e+02 1.755500030517578125e+02
5.577999877929687500e+01 5.577999877929687500e+01 5.577999877929687500e+01
8.460000038146972656e+00 8.460000038146972656e+00 8.460000038146972656e+00
4.349999904632568359e+00 4.349999904632568359e+00 4.349999904632568359e+00
1.230299987792968750e+02 1.230299987792968750e+02 1.230299987792968750e+02
1.778500061035156250e+02 1.778500061035156250e+02 1.778500061035156250e+02
5.422999954223632812e+01 5.422999954223632812e+01 5.422999954223632812e+01
8.000000000000000000e+00 8.000000000000000000e+00 8.000000000000000000e+00
4.730000019073486328e+00 4.730000019073486328e+00 4.730000019073486328e+00
1.239300003051757812e+02 1.239300003051757812e+02 1.239300003051757812e+02
1.754199981689453125e+02 1.754199981689453125e+02 1.754199981689453125e+02
6.081000137329101562e+01 6.081000137329101562e+01 6.081000137329101562e+01
9.029999732971191406e+00 9.029999732971191406e+00 9.029999732971191406e+00
4.460000038146972656e+00 4.460000038146972656e+00 4.460000038146972656e+00
1.137500000000000000e+02 1.137500000000000000e+02 1.137500000000000000e+02
1.784799957275390625e+02 1.784799957275390625e+02 1.784799957275390625e+02
5.809000015258789062e+01 5.809000015258789062e+01 5.809000015258789062e+01
8.810000419616699219e+00 8.810000419616699219e+00 8.810000419616699219e+00
4.199999809265136719e+00 4.199999809265136719e+00 4.199999809265136719e+00
1.203099975585937500e+02 1.203099975585937500e+02 1.203099975585937500e+02
1.790700073242187500e+02 1.790700073242187500e+02 1.790700073242187500e+02
5.995000076293945312e+01 5.995000076293945312e+01 5.995000076293945312e+01
8.630000114440917969e+00 8.630000114440917969e+00 8.630000114440917969e+00
4.079999923706054688e+00 4.079999923706054688e+00 4.079999923706054688e+00
1.183399963378906250e+02 1.183399963378906250e+02 1.183399963378906250e+02
1.798500061035156250e+02 1.798500061035156250e+02 1.798500061035156250e+02
5.927999877929687500e+01 5.927999877929687500e+01 5.927999877929687500e+01
7.699999809265136719e+00 7.699999809265136719e+00 7.699999809265136719e+00
4.000000000000000000e+00 4.000000000000000000e+00 4.000000000000000000e+00
1.197799987792968750e+02 1.197799987792968750e+02 1.197799987792968750e+02
1.771499938964843750e+02 1.771499938964843750e+02 1.771499938964843750e+02
6.695999908447265625e+01 6.695999908447265625e+01 6.695999908447265625e+01
8.039999961853027344e+00 8.039999961853027344e+00 8.039999961853027344e+00
3.599999904632568359e+00 3.599999904632568359e+00 3.599999904632568359e+00
1.204400024414062500e+02 1.204400024414062500e+02 1.204400024414062500e+02
1.790599975585937500e+02 1.790599975585937500e+02 1.790599975585937500e+02
5.772000122070312500e+01 5.772000122070312500e+01 5.772000122070312500e+01
8.206000328063964844e+00 8.137800216674804688e+00 8.125599861145019531e+00
4.320000171661376953e+00 4.320000171661376953e+00 4.320000171661376953e+00
1.190299987792968750e+02 1.190299987792968750e+02 1.190299987792968750e+02
1.780596923828125000e+02 1.780431976318359375e+02 1.780747070312500000e+02
5.927999877929687500e+01 5.927999877929687500e+01 5.927999877929687500e+01
7.920000076293945312e+00 7.920000076293945312e+00 7.920000076293945312e+00
3.980000019073486328e+00 3.980000019073486328e+00 3.980000019073486328e+00
1.187600021362304688e+02 1.187600021362304688e+02 1.187600021362304688e+02
1.791600036621093750e+02 1.791600036621093750e+02 1.791600036621093750e+02
5.947999954223632812e+01 5.947999954223632812e+01 5.947999954223632812e+01
7.789999961853027344e+00 7.789999961853027344e+00 7.789999961853027344e+00
4.010000228881835938e+00 4.010000228881835938e+00 4.010000228881835938e+00
1.188199996948242188e+02 1.188199996948242188e+02 1.188199996948242188e+02
1.770299987792968750e+02 1.770299987792968750e+02 1.770299987792968750e+02
6.405000305175781250e+01 6.395869827270507812e+01 6.394079971313476562e+01
7.920000076293945312e+00 7.920000076293945312e+00 7.920000076293945312e+00
3.490000009536743164e+00 3.490000009536743164e+00 3.490000009536743164e+00
1.177699966430664062e+02 1.177699966430664062e+02 1.177699966430664062e+02
1.792899932861328125e+02 1.792899932861328125e+02 1.792899932861328125e+02
5.975000000000000000e+01 5.975000000000000000e+01 5.975000000000000000e+01
8.130000114440917969e+00 8.130000114440917969e+00 8.130000114440917969e+00
4.000000000000000000e+00 4.000000000000000000e+00 4.000000000000000000e+00
1.177799987792968750e+02 1.177799987792968750e+02 1.177799987792968750e+02
1.771900024414062500e+02 1.771900024414062500e+02 1.771900024414062500e+02
5.847000122070312500e+01 5.847000122070312500e+01 5.847000122070312500e+01
7.909999847412109375e+00 7.909999847412109375e+00 7.909999847412109375e+00
3.980000019073486328e+00 3.980000019073486328e+00 3.980000019073486328e+00
1.154000015258789062e+02 1.154000015258789062e+02 1.154000015258789062e+02
1.776600036621093750e+02 1.776600036621093750e+02 1.776600036621093750e+02
5.211000061035156250e+01 5.211000061035156250e+01 5.211000061035156250e+01
7.349999904632568359e+00 7.349999904632568359e+00 7.349999904632568359e+00
4.389999866485595703e+00 4.389999866485595703e+00 4.389999866485595703e+00
1.184599990844726562e+02 1.184599990844726562e+02 1.184599990844726562e+02
1.777700042724609375e+02 1.777700042724609375e+02 1.777700042724609375e+02
6.338999938964843750e+01 6.338999938964843750e+01 6.338999938964843750e+01
8.422599792480468750e+00 8.422400474548339844e+00 8.415200233459472656e+00
3.910000085830688477e+00 3.910000085830688477e+00 3.910000085830688477e+00
1.272300033569335938e+02 1.272300033569335938e+02 1.272300033569335938e+02
1.779620056152343750e+02 1.779550018310546875e+02 1.779817047119140625e+02
5.384999847412109375e+01 5.384999847412109375e+01 5.384999847412109375e+01
8.260000228881835938e+00 8.260000228881835938e+00 8.260000228881835938e+00
4.539999961853027344e+00 4.539999961853027344e+00 4.539999961853027344e+00
1.160899963378906250e+02 1.160899963378906250e+02 1.160899963378906250e+02
1.751799926757812500e+02 1.751799926757812500e+02 1.751799926757812500e+02
4.738000106811523438e+01 4.738000106811523438e+01 4.738000106811523438e+01
7.550000190734863281e+00 7.550000190734863281e+00 7.550000190734863281e+00
3.899899959564208984e+00 3.899899959564208984e+00 3.891900062561035156e+00
3.950000047683715820e+00 3.950000047683715820e+00 3.950000047683715820e+00
1.077799987792968750e+02 1.077799987792968750e+02 1.077799987792968750e+02
1.775299987792968750e+02 1.775299987792968750e+02 1.775299987792968750e+02
5.370999908447265625e+01 5.370999908447265625e+01 5.370999908447265625e+01
8.310000419616699219e+00 8.310000419616699219e+00 8.310000419616699219e+00
4.460000038146972656e+00 4.460000038146972656e+00 4.460000038146972656e+00
1.201399993896484375e+02 1.201399993896484375e+02 1.201399993896484375e+02
1.727899932861328125e+02 1.727899932861328125e+02 1.727899932861328125e+02
4.563000106811523438e+01 4.563000106811523438e+01 4.563000106811523438e+01
9.907699584960937500e+00 9.380299568176269531e+00 9.791199684143066406e+00
3.996700048446655273e+00 3.973700046539306641e+00 3.973700046539306641e+00
4.010000228881835938e+00 4.010000228881835938e+00 4.010000228881835938e+00
1.118069992065429688e+02 1.118666000366210938e+02 1.118656997680664062e+02
1.746399993896484375e+02 1.746399993896484375e+02 1.746399993896484375e+02
5.320000076293945312e+01 5.320000076293945312e+01 5.320000076293945312e+01
7.844799995422363281e+00 7.844799995422363281e+00 7.853600025177001953e+00
4.829999923706054688e+00 4.829999923706054688e+00 4.829999923706054688e+00
1.148300018310546875e+02 1.148300018310546875e+02 1.148300018310546875e+02
1.757599945068359375e+02 1.757599945068359375e+02 1.757599945068359375e+02
6.175999832153320312e+01 6.175999832153320312e+01 6.175999832153320312e+01
9.109999656677246094e+00 9.109999656677246094e+00 9.109999656677246094e+00
5.179999828338623047e+00 5.179999828338623047e+00 5.179999828338623047e+00
1.240799026489257812e+02 1.240770034790039062e+02 1.240677032470703125e+02
1.748099975585937500e+02 1.748099975585937500e+02 1.748099975585937500e+02
5.122000122070312500e+01 5.122000122070312500e+01 5.122000122070312500e+01
9.450900077819824219e+00 9.439800262451171875e+00 9.453100204467773438e+00
5.199999809265136719e+00 5.199999809265136719e+00 5.199999809265136719e+00
1.282799987792968750e+02 1.282799987792968750e+02 1.282799987792968750e+02
1.759900054931640625e+02 1.759900054931640625e+02 1.759900054931640625e+02
6.286999893188476562e+01 6.286999893188476562e+01 6.286999893188476562e+01
8.429800033569335938e+00 8.432600021362304688e+00 8.431900024414062500e+00
3.420000076293945312e+00 3.420000076293945312e+00 3.420000076293945312e+00
1.176699981689453125e+02 1.176699981689453125e+02 1.176699981689453125e+02
1.803934936523437500e+02 1.803959045410156250e+02 1.799792022705078125e+02
6.043000030517578125e+01 6.043000030517578125e+01 6.043000030517578125e+01
8.153300285339355469e+00 8.160300254821777344e+00 8.165900230407714844e+00
3.640000104904174805e+00 3.640000104904174805e+00 3.640000104904174805e+00
1.176600036621093750e+02 1.176600036621093750e+02 1.176600036621093750e+02
1.792500000000000000e+02 1.792500000000000000e+02 1.792500000000000000e+02
5.852000045776367188e+01 5.852000045776367188e+01 5.852000045776367188e+01
8.710000038146972656e+00 8.710000038146972656e+00 8.710000038146972656e+00
4.010000228881835938e+00 4.010000228881835938e+00 4.010000228881835938e+00
1.191299972534179688e+02 1.191299972534179688e+02 1.191299972534179688e+02
1.767100067138671875e+02 1.767100067138671875e+02 1.767100067138671875e+02
6.163000106811523438e+01 6.163000106811523438e+01 6.163000106811523438e+01
8.638600349426269531e+00 8.635399818420410156e+00 8.631600379943847656e+00
3.980000019073486328e+00 3.980000019073486328e+00 3.980000019073486328e+00
1.236560974121093750e+02 1.236690979003906250e+02 1.236484985351562500e+02
1.788453063964843750e+02 1.792015991210937500e+02 1.788903045654296875e+02
6.708999633789062500e+01 6.708999633789062500e+01 6.708999633789062500e+01
8.489999771118164062e+00 8.489999771118164062e+00 8.489999771118164062e+00
3.119999885559082031e+00 3.119999885559082031e+00 3.119999885559082031e+00
1.188099975585937500e+02 1.188099975585937500e+02 1.188099975585937500e+02
1.778399963378906250e+02 1.778399963378906250e+02 1.778399963378906250e+02
5.841999816894531250e+01 5.841999816894531250e+01 5.841999816894531250e+01
7.909999847412109375e+00 7.909999847412109375e+00 7.909999847412109375e+00
4.079999923706054688e+00 4.079999923706054688e+00 4.079999923706054688e+00
1.189300003051757812e+02 1.189300003051757812e+02 1.189300003051757812e+02
1.773899993896484375e+02 1.773899993896484375e+02 1.773899993896484375e+02
5.554719924926757812e+01 5.554050064086914062e+01 5.556689834594726562e+01
7.820000171661376953e+00 7.820000171661376953e+00 7.820000171661376953e+00
4.251900196075439453e+00 4.280000209808349609e+00 4.256599903106689453e+00
1.158816986083984375e+02 1.158277969360351562e+02 1.159520034790039062e+02
1.741600036621093750e+02 1.741600036621093750e+02 1.741600036621093750e+02
6.350139999389648438e+01 6.427999877929687500e+01 6.446189880371093750e+01
7.635499954223632812e+00 7.640399932861328125e+00 7.972099781036376953e+00
4.250999927520751953e+00 4.237199783325195312e+00 4.207799911499023438e+00
1.116539993286132812e+02 1.115776977539062500e+02 1.119763031005859375e+02
1.784221038818359375e+02 1.767490997314453125e+02 1.767494964599609375e+02
5.756000137329101562e+01 5.756000137329101562e+01 5.756000137329101562e+01
8.018699645996093750e+00 7.659999847412109375e+00 7.659999847412109375e+00
4.110000133514404297e+00 4.110000133514404297e+00 4.110000133514404297e+00
1.248399963378906250e+02 1.248399963378906250e+02 1.248399963378906250e+02
