2.652530410009148673e-02
2.646691859371005234e-02
2.640810945198397014e-02
2.635576166292681946e-02
2.630499587168716458e-02
2.623957224524696430e-02
2.616366746303829330e-02
2.608248114332473860e-02
2.600083794360943598e-02
2.591184631347180287e-02
2.581877266470213039e-02
2.572224825431958239e-02
2.562196292482129753e-02
2.551477337101633325e-02
2.540029077985174813e-02
2.528277542811815590e-02
2.516434894756120963e-02
2.503922121740181916e-02
2.491236475385356572e-02
2.478017247576509013e-02
2.464398394033310083e-02
2.450737094871638724e-02
2.435700492589859545e-02
2.420868194227731793e-02
2.405934617368695252e-02
2.390644232936808486e-02
2.374685034246661053e-02
2.358514968084506752e-02
2.341828455123688008e-02
2.324732079137950200e-02
2.307453557178924114e-02
2.289240385656888394e-02
2.271566632019654183e-02
2.253662604482852341e-02
2.235254120934612732e-02
2.216790391351430162e-02
2.197818077264091993e-02
2.178554382983756074e-02
2.159082752010016773e-02
2.139487591801169514e-02
2.119708120269568966e-02
2.099762550805690450e-02
2.079581728193429305e-02
2.059196345602760242e-02
2.038770676268076079e-02
2.017975058625731330e-02
1.997191513334345414e-02
1.976412353514141185e-02
1.955554737999063569e-02
1.934197353856942705e-02
1.912892305007104013e-02
1.891569238513831144e-02
1.870189262810921169e-02
1.848742723561923318e-02
1.827227049711987322e-02
1.805698333260563615e-02
1.784145554124431932e-02
1.762584268349664390e-02
1.741184571901538067e-02
1.719282468523008686e-02
1.697531660200191778e-02
1.676103333211265145e-02
1.654896281103444486e-02
1.633190750448382245e-02
1.611755707724800771e-02
1.590307238231283490e-02
1.568713426561900090e-02
1.547871212684183255e-02
1.526760008633050621e-02
1.505436853114378373e-02
1.484088040821887784e-02
1.463021912856950907e-02
1.442564503719142958e-02
1.421788622761782986e-02
1.401263209574338080e-02
1.381233816207133244e-02
1.360815359516491865e-02
1.340738827170630601e-02
1.320845420923928877e-02
1.301140551545574946e-02
1.281671711074459930e-02
1.262076352143933454e-02
1.242803089136665547e-02
1.223741118912463101e-02
1.204841091331280110e-02
1.186257948285907027e-02
1.167923466678687412e-02
1.149698611533870804e-02
1.131625902679389561e-02
1.113786320907571466e-02
1.096170039451815209e-02
1.078705564179445638e-02
1.061602748578450994e-02
1.044855684023567217e-02
1.028067392573424853e-02
1.011672024792636786e-02
9.953749111457067117e-03
9.792898767919420294e-03
9.635756570255150921e-03
9.479860399643333727e-03
9.324811215664141617e-03
9.174406968525400038e-03
9.028066502401656257e-03
8.878718248436584526e-03
8.736765014058418127e-03
8.595163880816256152e-03
8.455390417246584633e-03
8.319499472544098634e-03
8.184476626195823917e-03
8.053923633513801472e-03
7.924654592758697755e-03
7.796252477303825847e-03
7.670916045711781428e-03
7.548229036468800252e-03
7.427522988997663049e-03
7.309188195169526690e-03
7.193593798559108458e-03
7.081497712371643410e-03
6.970608064472623953e-03
6.861910226461889750e-03
6.755471486040214024e-03
6.650226762731256160e-03
6.548108261390462627e-03
6.447052063154232703e-03
6.348144154512693448e-03
6.251787214796122698e-03
6.157836292504375621e-03
6.065185202614177887e-03
5.975072590960431307e-03
5.887026966102244276e-03
5.800128561103140394e-03
5.715087755186071435e-03
5.632178631744748365e-03
5.551634530861785689e-03
5.472950557039708494e-03
5.395037776989738271e-03
5.318766873802638698e-03
5.243966311254922089e-03
5.170775789461661692e-03
5.099550478207799317e-03
5.029269826448055231e-03
4.961087826647904084e-03
4.894429871310819122e-03
4.828900053206274141e-03
4.765763519417591521e-03
4.702841248972864166e-03
4.641353675378549065e-03
4.581138736820528426e-03
4.521733330213216148e-03
4.464164986387285719e-03
4.407238718825284840e-03
4.351716729095901105e-03
4.297618868991471240e-03
4.244402966355657371e-03
4.191736001103198855e-03
4.140096967364375463e-03
4.089704966483379001e-03
4.040380908071596749e-03
3.990772780984061345e-03
3.942560117037833753e-03
3.895625241247150511e-03
3.849793360393235012e-03
3.805155646381855328e-03
3.760179910538054889e-03
3.716141535344752098e-03
3.672698282557953445e-03
3.629439241951381602e-03
3.588007861549771457e-03
3.546334392405988724e-03
3.504377379588489473e-03
3.462861164421842265e-03
3.423717043782108747e-03
3.385195908233574850e-03
3.346056762606421618e-03
3.307132906619794383e-03
3.269235661256114211e-03
3.231644978162609601e-03
3.193933431843462827e-03
3.156895821688158327e-03
3.120595891395431306e-03
3.084011767011055581e-03
3.048177881061466411e-03
3.012943781763619249e-03
2.977886883328115849e-03
2.942719119731432124e-03
2.907337502144424421e-03
2.872741855359375179e-03
2.838784332844310285e-03
2.805111863944111019e-03
2.770936951266995615e-03
2.737340049786732895e-03
2.703962308341008834e-03
2.670865591368443495e-03
2.638091499311999259e-03
2.605740759918623306e-03
2.573511407691330462e-03
2.541236830090931424e-03
2.508966387099827514e-03
2.476669083993390287e-03
2.444690832420300455e-03
2.413450358492275506e-03
2.382572054570182910e-03
2.351651653264608382e-03
2.320269453047558474e-03
2.289604798830632056e-03
2.259442682181357805e-03
2.229300827993310665e-03
2.198365485638766482e-03
2.168218725256457289e-03
2.138546878326080120e-03
2.109064373704784470e-03
2.079541641306575841e-03
2.049914235399291542e-03
2.021100991713363406e-03
1.992452801188427693e-03
1.963953530901592706e-03
1.935845005887864689e-03
1.907129091954059847e-03
1.878966555493733403e-03
1.851082574216651429e-03
1.823424273104471034e-03
1.796663656196722386e-03
1.769355721812565681e-03
1.742394178371221630e-03
1.715767930935558011e-03
1.689127355468766304e-03
1.662790239973509091e-03
1.636949532420541422e-03
1.611364967282479053e-03
1.585939609454636683e-03
1.560899475273808731e-03
1.536119426544593335e-03
1.511303453756406880e-03
1.486810170405939444e-03
1.463184894484267440e-03
1.439526272276244519e-03
1.416001470483561897e-03
1.392850904777232900e-03
1.370130949017717712e-03
1.347438435186247563e-03
1.325092789596365008e-03
1.303531634545820102e-03
1.282196307882157906e-03
1.260279571087142420e-03
1.239765439065227629e-03
1.219007005711214521e-03
1.198633717849592216e-03
1.178818169616045047e-03
1.159120092995445574e-03
1.139648432563130113e-03
1.120802405925683210e-03
1.102307144576917565e-03
1.083789279968654096e-03
1.065873589146264493e-03
1.048300348874658169e-03
1.031005344237995299e-03
1.013983487892824000e-03
9.971487321123210720e-04
9.808070660433489477e-04
9.649710067333474011e-04
9.494397731400872715e-04
9.340328417412876788e-04
9.189207621033455365e-04
9.042105053573083187e-04
8.899489056063055467e-04
8.760884181948948562e-04
8.623802958685652638e-04
8.491471481586255251e-04
8.360722401670205896e-04
8.231810295047212352e-04
8.106234211478043549e-04
7.987205738863083172e-04
7.870639871614089952e-04
7.755584251471182248e-04
7.642329157164620733e-04
7.534142851471425451e-04
7.429949318983157525e-04
7.326779251757920344e-04
7.225883380645125014e-04
7.129193004240028499e-04
7.035120810134761968e-04
6.943391918676194291e-04
6.854067096190613780e-04
6.767783074012667177e-04
6.685406905696909688e-04
6.603895648709834799e-04
6.526788431420556995e-04
6.451319826374947702e-04
6.374582925087122738e-04
6.306373247842762689e-04
6.238395537222199329e-04
6.171922721181929104e-04
6.107239803667014215e-04
6.044125612246119489e-04
5.984892078119742349e-04
5.927570489381789928e-04
5.871778765027137583e-04
5.817200233002140604e-04
5.765061257114656099e-04
5.715790171957339967e-04
5.667932395892176121e-04
5.621525815132319978e-04
5.577727276009764295e-04
5.534864360477091769e-04
5.494021900777581622e-04
5.454815222362156477e-04
5.416709976848669682e-04
5.380586462040224793e-04
5.345775465716077991e-04
5.312578669849122876e-04
5.280575272243412952e-04
5.248464979064633830e-04
5.220459034325368496e-04
5.192496143604130761e-04
5.164834445478903423e-04
5.138258908854711690e-04
5.115637415442255819e-04
5.091945435653851167e-04
5.068809184915396872e-04
5.047134754910408052e-04
5.027741073967244290e-04
5.008232212238321801e-04
4.990352601714619519e-04
4.973088481474326195e-04
4.955877202677033602e-04
4.940383925349058677e-04
4.925457132996789202e-04
4.911351065984342554e-04
4.897940068340880847e-04
4.884934858116655272e-04
4.872985205604246769e-04
4.861704733989729785e-04
4.851488523529161908e-04
4.842239704169167881e-04
4.831053960635507748e-04
4.822127407678798001e-04
4.813844807427962772e-04
4.805834192476579961e-04
4.798249607803674343e-04
4.791353908110608669e-04
4.784972014645250040e-04
4.778839541135412308e-04
4.772827117758337363e-04
4.768193802493125768e-04
4.763944145571592098e-04
4.759137282952720805e-04
4.754442664736785147e-04
4.751374863291750526e-04
4.748019487206468119e-04
4.744767574748628243e-04
4.741962119821129321e-04
4.739752051709824861e-04
4.737895977757221647e-04
4.736122028365140151e-04
4.734684241528892986e-04
4.733232913395173927e-04
4.730989375930978085e-04
4.731019347727413856e-04
4.731088062653669951e-04
4.730982264132166555e-04
4.730730204242604973e-04
4.730407099181197167e-04
4.730563099564996676e-04
4.731262332835291956e-04
4.732274728931949270e-04
4.732909232685159106e-04
4.734034434080905255e-04
4.735379834745152621e-04
4.736880448883403817e-04
4.738451883382701377e-04
4.740065950136918699e-04
4.741802231859655213e-04
4.743774527386502280e-04
4.746128877992493878e-04
4.749045977250072447e-04
4.751571270187922172e-04
4.754688159847851071e-04
4.757540048500132936e-04
4.759739293335782774e-04
4.762979233560734964e-04
4.766112615412779955e-04
4.769113119638255962e-04
4.772355696698405499e-04
4.776446269588940853e-04
4.780071269973769355e-04
4.783511903068380115e-04
4.787016938267402524e-04
4.790790185979890191e-04
4.794973995654871492e-04
4.798757663138454913e-04
4.802637567838744783e-04
4.802637567838744783e-04
