8.381412178277969360e-02 6.217112019658088684e-02 6.382915377616882324e-02
8.360017091035842896e-02 6.205695122480392456e-02 6.370288133621215820e-02
8.337341248989105225e-02 6.193653494119644165e-02 6.357131898403167725e-02
8.314212411642074585e-02 6.181629002094268799e-02 6.344010680913925171e-02
8.287730813026428223e-02 6.169183179736137390e-02 6.329648196697235107e-02
8.257720619440078735e-02 6.155163794755935669e-02 6.313066184520721436e-02
8.225561678409576416e-02 6.139319017529487610e-02 6.294971704483032227e-02
8.192269504070281982e-02 6.121723726391792297e-02 6.275970488786697388e-02
8.156339079141616821e-02 6.103504076600074768e-02 6.255479902029037476e-02
8.119151741266250610e-02 6.084863469004631042e-02 6.234267726540565491e-02
8.079807460308074951e-02 6.065292656421661377e-02 6.212321668863296509e-02
8.038294315338134766e-02 6.044548004865646362e-02 6.189147382974624634e-02
7.995133101940155029e-02 6.022474542260169983e-02 6.163891777396202087e-02
7.949335873126983643e-02 5.999623611569404602e-02 6.137808412313461304e-02
7.902055978775024414e-02 5.975603312253952026e-02 6.110888347029685974e-02
7.853060960769653320e-02 5.950455367565155029e-02 6.083057075738906860e-02
7.802271842956542969e-02 5.924357846379280090e-02 6.054222956299781799e-02
7.749877125024795532e-02 5.897912010550498962e-02 6.023995578289031982e-02
7.695573568344116211e-02 5.869698897004127502e-02 5.992293357849121094e-02
7.639921456575393677e-02 5.841049924492835999e-02 5.959874019026756287e-02
7.582689076662063599e-02 5.811648443341255188e-02 5.926634743809700012e-02
7.523421943187713623e-02 5.780588090419769287e-02 5.892229825258255005e-02
7.462663203477859497e-02 5.749728903174400330e-02 5.857757478952407837e-02
7.400827109813690186e-02 5.717402696609497070e-02 5.821651965379714966e-02
7.337675988674163818e-02 5.684391409158706665e-02 5.784685909748077393e-02
7.273168116807937622e-02 5.650990456342697144e-02 5.747203901410102844e-02
7.207507640123367310e-02 5.616252869367599487e-02 5.708479508757591248e-02
7.139720022678375244e-02 5.580578744411468506e-02 5.668884888291358948e-02
7.071053981781005859e-02 5.544241145253181458e-02 5.628750473260879517e-02
7.001682370901107788e-02 5.507346615195274353e-02 5.587750300765037537e-02
6.931572407484054565e-02 5.470001697540283203e-02 5.545426160097122192e-02
6.859862059354782104e-02 5.431780591607093811e-02 5.502735078334808350e-02
6.787376850843429565e-02 5.392538011074066162e-02 5.459384992718696594e-02
6.713875383138656616e-02 5.352917686104774475e-02 5.415456369519233704e-02
6.639409065246582031e-02 5.313052609562873840e-02 5.370933189988136292e-02
6.564500182867050171e-02 5.272144451737403870e-02 5.325556173920631409e-02
6.488122045993804932e-02 5.230369418859481812e-02 5.279534310102462769e-02
6.411752849817276001e-02 5.188197270035743713e-02 5.232999101281166077e-02
6.335014104843139648e-02 5.145534127950668335e-02 5.185984075069427490e-02
6.257285177707672119e-02 5.102243646979331970e-02 5.138542130589485168e-02
6.179133430123329163e-02 5.058578029274940491e-02 5.090297013521194458e-02
6.100083515048027039e-02 5.014226958155632019e-02 5.041766539216041565e-02
6.020798534154891968e-02 4.969944059848785400e-02 4.992866516113281250e-02
5.941544100642204285e-02 4.925622418522834778e-02 4.943570867180824280e-02
5.862166732549667358e-02 4.879872128367424011e-02 4.893867298960685730e-02
5.781717970967292786e-02 4.833894595503807068e-02 4.843552410602569580e-02
5.701792240142822266e-02 4.787783697247505188e-02 4.792873188853263855e-02
5.621897056698799133e-02 4.741493612527847290e-02 4.741946607828140259e-02
5.541420355439186096e-02 4.694949463009834290e-02 4.690909758210182190e-02
5.461371317505836487e-02 4.647817090153694153e-02 4.640072211623191833e-02
5.381134897470474243e-02 4.600270837545394897e-02 4.588486254215240479e-02
5.300954729318618774e-02 4.552465304732322693e-02 4.536581411957740784e-02
5.220955982804298401e-02 4.504451900720596313e-02 4.484535008668899536e-02
5.141310021281242371e-02 4.456271231174468994e-02 4.432447627186775208e-02
5.061932653188705444e-02 4.408194497227668762e-02 4.380324482917785645e-02
4.982566833496093750e-02 4.359965398907661438e-02 4.328409954905509949e-02
4.903578385710716248e-02 4.311513528227806091e-02 4.276401922106742859e-02
4.825241863727569580e-02 4.262817278504371643e-02 4.224038869142532349e-02
4.746642336249351501e-02 4.213825613260269165e-02 4.171328246593475342e-02
4.669330269098281860e-02 4.165211692452430725e-02 4.119065776467323303e-02
4.592725634574890137e-02 4.116505756974220276e-02 4.066870734095573425e-02
4.516557976603507996e-02 4.067627713084220886e-02 4.014572501182556152e-02
4.440563544631004333e-02 4.018677398562431335e-02 3.962025046348571777e-02
4.365226626396179199e-02 3.969964012503623962e-02 3.909930586814880371e-02
4.290754348039627075e-02 3.921129554510116577e-02 3.857629746198654175e-02
4.216964915394783020e-02 3.872106596827507019e-02 3.805662691593170166e-02
4.143732413649559021e-02 3.822969645261764526e-02 3.754378855228424072e-02
4.071565717458724976e-02 3.774464502930641174e-02 3.703147917985916138e-02
4.000123962759971619e-02 3.725930303335189819e-02 3.651662543416023254e-02
3.929451853036880493e-02 3.677645698189735413e-02 3.600460290908813477e-02
3.859632834792137146e-02 3.629397228360176086e-02 3.549624979496002197e-02
3.790698200464248657e-02 3.580628335475921631e-02 3.499022498726844788e-02
3.722975030541419983e-02 3.532776981592178345e-02 3.448781743645668030e-02
3.656228259205818176e-02 3.484756126999855042e-02 3.398814797401428223e-02
3.590312972664833069e-02 3.437057137489318848e-02 3.349154442548751831e-02
3.525189310312271118e-02 3.389929607510566711e-02 3.299834951758384705e-02
3.461520746350288391e-02 3.342840448021888733e-02 3.251021355390548706e-02
3.398682922124862671e-02 3.295959904789924622e-02 3.202437981963157654e-02
3.336877748370170593e-02 3.249306976795196533e-02 3.154166042804718018e-02
3.276169672608375549e-02 3.202898427844047546e-02 3.106237575411796570e-02
3.216521814465522766e-02 3.156743943691253662e-02 3.058659099042415619e-02
3.158309683203697205e-02 3.111311048269271851e-02 3.011802397668361664e-02
3.101054392755031586e-02 3.065965138375759125e-02 2.965574152767658234e-02
3.044820390641689301e-02 3.020880930125713348e-02 2.919707819819450378e-02
2.989568561315536499e-02 2.976135350763797760e-02 2.874103188514709473e-02
2.935167402029037476e-02 2.931733801960945129e-02 2.829203382134437561e-02
2.882570959627628326e-02 2.887826040387153625e-02 2.784524299204349518e-02
2.830959483981132507e-02 2.844385430216789246e-02 2.740543149411678314e-02
2.780226618051528931e-02 2.801218442618846893e-02 2.697245590388774872e-02
2.730397507548332214e-02 2.758075669407844543e-02 2.654441818594932556e-02
2.682328410446643829e-02 2.716109529137611389e-02 2.611813321709632874e-02
2.635255455970764160e-02 2.674445882439613342e-02 2.569923363626003265e-02
2.589329704642295837e-02 2.633024379611015320e-02 2.528534829616546631e-02
2.544481307268142700e-02 2.591919898986816406e-02 2.487616054713726044e-02
2.500335313379764557e-02 2.551566064357757568e-02 2.447623200714588165e-02
2.458002418279647827e-02 2.511095814406871796e-02 2.407862991094589233e-02
2.416749484837055206e-02 2.471431903541088104e-02 2.368541434407234192e-02
2.376439794898033142e-02 2.432445809245109558e-02 2.329807728528976440e-02
2.336977794766426086e-02 2.393764816224575043e-02 2.291752584278583527e-02
2.298903651535511017e-02 2.355580031871795654e-02 2.254519984126091003e-02
2.261859178543090820e-02 2.317658998072147369e-02 2.217822335660457611e-02
2.225768938660621643e-02 2.280348166823387146e-02 2.181707322597503662e-02
2.190643921494483948e-02 2.243690937757492065e-02 2.146119996905326843e-02
2.156713791191577911e-02 2.207372710108757019e-02 2.110844291746616364e-02
2.123782597482204437e-02 2.171710506081581116e-02 2.076429687440395355e-02
2.091895230114459991e-02 2.136575989425182343e-02 2.042475529015064240e-02
2.060877904295921326e-02 2.101836167275905609e-02 2.009113691747188568e-02
2.030537836253643036e-02 2.067374810576438904e-02 1.976485736668109894e-02
2.001719921827316284e-02 2.033753320574760437e-02 1.944234408438205719e-02
1.973710581660270691e-02 2.000657282769680023e-02 1.912668906152248383e-02
1.946580037474632263e-02 1.967924274504184723e-02 1.881702803075313568e-02
1.920308358967304230e-02 1.935593225061893463e-02 1.851286180317401886e-02
1.894747465848922729e-02 1.903949677944183350e-02 1.821351423859596252e-02
1.870233006775379181e-02 1.872761361300945282e-02 1.792299188673496246e-02
1.846516132354736328e-02 1.842054724693298340e-02 1.763669215142726898e-02
1.823515444993972778e-02 1.811887882649898529e-02 1.735473051667213440e-02
1.801161281764507294e-02 1.782275550067424774e-02 1.707761548459529877e-02
1.779758371412754059e-02 1.753181219100952148e-02 1.680745556950569153e-02
1.759012974798679352e-02 1.724665425717830658e-02 1.654314622282981873e-02
1.738905720412731171e-02 1.696517691016197205e-02 1.628401689231395721e-02
1.719475351274013519e-02 1.668784022331237793e-02 1.603016443550586700e-02
1.700761541724205017e-02 1.641623862087726593e-02 1.578132249414920807e-02
1.682730391621589661e-02 1.615064218640327454e-02 1.553883776068687439e-02
1.665298081934452057e-02 1.588976755738258362e-02 1.530126947909593582e-02
1.648394577205181122e-02 1.563320122659206390e-02 1.506818551570177078e-02
1.631913520395755768e-02 1.537970826029777527e-02 1.483843475580215454e-02
1.616333611309528351e-02 1.513314060866832733e-02 1.461628638207912445e-02
1.600932702422142029e-02 1.489119604229927063e-02 1.439804770052433014e-02
1.586027070879936218e-02 1.465392392128705978e-02 1.418556366115808487e-02
1.571602746844291687e-02 1.442054938524961472e-02 1.397703774273395538e-02
1.557581312954425812e-02 1.419138722121715546e-02 1.376963872462511063e-02
1.544217392802238464e-02 1.396786607801914215e-02 1.357200089842081070e-02
1.531041041016578674e-02 1.374855730682611465e-02 1.337764784693717957e-02
1.518236752599477768e-02 1.353348512202501297e-02 1.318665221333503723e-02
1.505846716463565826e-02 1.332172937691211700e-02 1.299865543842315674e-02
1.493694446980953217e-02 1.311474293470382690e-02 1.281658187508583069e-02
1.481847092509269714e-02 1.291300915181636810e-02 1.263839285820722580e-02
1.470251660794019699e-02 1.271493174135684967e-02 1.246356219053268433e-02
1.458866056054830551e-02 1.252036448568105698e-02 1.229252014309167862e-02
1.447656750679016113e-02 1.232998538762331009e-02 1.212641876190900803e-02
1.436738483607769012e-02 1.214362494647502899e-02 1.196288317441940308e-02
1.426153164356946945e-02 1.196104101836681366e-02 1.180323306471109390e-02
1.415718905627727509e-02 1.178264524787664413e-02 1.164710801094770432e-02
1.405284740030765533e-02 1.160795334726572037e-02 1.149398088455200195e-02
1.394892483949661255e-02 1.143597252666950226e-02 1.134569849818944931e-02
1.384771615266799927e-02 1.126885786652565002e-02 1.119916606694459915e-02
1.374701131135225296e-02 1.110537536442279816e-02 1.105575170367956161e-02
1.364728622138500214e-02 1.094467565417289734e-02 1.091550290584564209e-02
1.355021912604570389e-02 1.078637316823005676e-02 1.077853981405496597e-02
1.345091406255960464e-02 1.063252612948417664e-02 1.064423937350511551e-02
1.335309073328971863e-02 1.048175245523452759e-02 1.051300764083862305e-02
1.325563248246908188e-02 1.033400464802980423e-02 1.038451120257377625e-02
1.315739005804061890e-02 1.018875092267990112e-02 1.025788392871618271e-02
1.305828057229518890e-02 1.004712842404842377e-02 1.013365574181079865e-02
1.296076551079750061e-02 9.908290579915046692e-03 1.001194585114717484e-02
1.286277454346418381e-02 9.772381745278835297e-03 9.892873466014862061e-03
1.276397332549095154e-02 9.639668278396129608e-03 9.776247665286064148e-03
1.266402378678321838e-02 9.509569033980369568e-03 9.661084040999412537e-03
1.256278716027736664e-02 9.381261654198169708e-03 9.549566544592380524e-03
1.246191468089818954e-02 9.255980141460895538e-03 9.438216686248779297e-03
1.236104220151901245e-02 9.133168496191501617e-03 9.329120628535747528e-03
1.225938647985458374e-02 9.012511000037193298e-03 9.222663938999176025e-03
1.215546391904354095e-02 8.895169943571090698e-03 9.117500856518745422e-03
1.205078605562448502e-02 8.779039606451988220e-03 9.013753384351730347e-03
1.194610819220542908e-02 8.665402419865131378e-03 8.911252953112125397e-03
1.184045057743787766e-02 8.553896099328994751e-03 8.810407482087612152e-03
1.173308677971363068e-02 8.444157429039478302e-03 8.712007664144039154e-03
1.162401493638753891e-02 8.337685838341712952e-03 8.615815080702304840e-03
1.151463668793439865e-02 8.232860825955867767e-03 8.519549854099750519e-03
1.140329893678426743e-02 8.128399960696697235e-03 8.423668332397937775e-03
1.129014231264591217e-02 8.024978451430797577e-03 8.329082280397415161e-03
1.117707043886184692e-02 7.925649173557758331e-03 8.236726745963096619e-03
1.106181554496288300e-02 7.828474976122379303e-03 8.145018480718135834e-03
1.094661653041839600e-02 7.732050493359565735e-03 8.053933270275592804e-03
1.083074603229761124e-02 7.636691443622112274e-03 7.964095100760459900e-03
1.071263663470745087e-02 7.542591076344251633e-03 7.875720970332622528e-03
1.059301663190126419e-02 7.451153825968503952e-03 7.788736838847398758e-03
1.047230511903762817e-02 7.361048366874456406e-03 7.702064700424671173e-03
1.035044714808464050e-02 7.272007875144481659e-03 7.615824230015277863e-03
1.022763736546039581e-02 7.184250280261039734e-03 7.530567236244678497e-03
1.010353956371545792e-02 7.097799796611070633e-03 7.446701172739267349e-03
9.978435933589935303e-03 7.012753747403621674e-03 7.362139411270618439e-03
9.852464310824871063e-03 6.928724702447652817e-03 7.278705015778541565e-03
9.725540876388549805e-03 6.845663767307996750e-03 7.195846177637577057e-03
9.598141536116600037e-03 6.763813085854053497e-03 7.113275118172168732e-03
9.470239281654357910e-03 6.683778483420610428e-03 7.032094988971948624e-03
9.340462274849414825e-03 6.604009773582220078e-03 6.951250601559877396e-03
9.209985844790935516e-03 6.525330711156129837e-03 6.870741955935955048e-03
9.078781120479106903e-03 6.447668652981519699e-03 6.790617015212774277e-03
8.945674635469913483e-03 6.370127201080322266e-03 6.710971705615520477e-03
8.814274333417415619e-03 6.295127794146537781e-03 6.631710100919008255e-03
8.682565763592720032e-03 6.220249459147453308e-03 6.553024053573608398e-03
8.550102822482585907e-03 6.146073341369628906e-03 6.475105416029691696e-03
8.416604250669479370e-03 6.073083262890577316e-03 6.397906225174665451e-03
8.282490074634552002e-03 6.000674329698085785e-03 6.319963838905096054e-03
8.148794993758201599e-03 5.928313825279474258e-03 6.243028677999973297e-03
8.014904335141181946e-03 5.856751929968595505e-03 6.166621111333370209e-03
7.881098426878452301e-03 5.786424968391656876e-03 6.090548820793628693e-03
7.747291587293148041e-03 5.717041902244091034e-03 6.014093291014432907e-03
7.612645626068115234e-03 5.648070946335792542e-03 5.938453134149312973e-03
7.479230873286724091e-03 5.579704884439706802e-03 5.863196682184934616e-03
7.346431724727153778e-03 5.512040574103593826e-03 5.788228008896112442e-03
7.213716395199298859e-03 5.445102695375680923e-03 5.713522899895906448e-03
7.081336807459592819e-03 5.378383211791515350e-03 5.639513488858938217e-03
6.949461065232753754e-03 5.312437657266855240e-03 5.565384402871131897e-03
6.818228866904973984e-03 5.246807355433702469e-03 5.491590593010187149e-03
6.687668152153491974e-03 5.181491374969482422e-03 5.418324843049049377e-03
6.557667162269353867e-03 5.116732791066169739e-03 5.345730111002922058e-03
6.429009139537811279e-03 5.053305067121982574e-03 5.273231770843267441e-03
6.300798617303371429e-03 4.990434274077415466e-03 5.200949031859636307e-03
6.172868423163890839e-03 4.927515517920255661e-03 5.128810182213783264e-03
6.045581307262182236e-03 4.864305723458528519e-03 5.056863185018301010e-03
5.921456497162580490e-03 4.802548792213201523e-03 4.986019339412450790e-03
5.797443445771932602e-03 4.741420969367027283e-03 4.915319383144378662e-03
5.674997344613075256e-03 4.680511541664600372e-03 4.845099523663520813e-03
5.553866270929574966e-03 4.619989078491926193e-03 4.775382578372955322e-03
5.432903300970792770e-03 4.560193046927452087e-03 4.706001840531826019e-03
5.314318463206291199e-03 4.500590264797210693e-03 4.636645317077636719e-03
5.196936894208192825e-03 4.441012162715196609e-03 4.567863885313272476e-03
5.081010516732931137e-03 4.382184240967035294e-03 4.499753937125205994e-03
4.966706968843936920e-03 4.324397537857294083e-03 4.432315938174724579e-03
4.854082129895687103e-03 4.266465548425912857e-03 4.365429282188415527e-03
4.743556026369333267e-03 4.209114704281091690e-03 4.299046006053686142e-03
4.634596873074769974e-03 4.152562469244003296e-03 4.232950974255800247e-03
4.527092911303043365e-03 4.096542950719594955e-03 4.167191218584775925e-03
4.420987796038389206e-03 4.040450789034366608e-03 4.101959522813558578e-03
4.317764658480882645e-03 3.985133487731218338e-03 4.037398844957351685e-03
4.216164816170930862e-03 3.930324222892522812e-03 3.973629791289567947e-03
4.116047639399766922e-03 3.876047674566507339e-03 3.910412546247243881e-03
4.017525352537631989e-03 3.822134342044591904e-03 3.847650950774550438e-03
3.921661525964736938e-03 3.768075723201036453e-03 3.785632550716400146e-03
3.827700624242424965e-03 3.715590806677937508e-03 3.724070033058524132e-03
3.735474077984690666e-03 3.663129871711134911e-03 3.662915201857686043e-03
3.645374439656734467e-03 3.610669169574975967e-03 3.602479584515094757e-03
3.557597054168581963e-03 3.558523021638393402e-03 3.543099388480186462e-03
3.470911178737878799e-03 3.508023219183087349e-03 3.483959008008241653e-03
3.387358970940113068e-03 3.457644255831837654e-03 3.426209557801485062e-03
3.305569756776094437e-03 3.407435026019811630e-03 3.368891775608062744e-03
3.225207328796386719e-03 3.357588779181241989e-03 3.311766078695654869e-03
3.147699171677231789e-03 3.308202372863888741e-03 3.255791263654828072e-03
3.072401508688926697e-03 3.260002471506595612e-03 3.200512146577239037e-03
2.999006537720561028e-03 3.212044481188058853e-03 3.146024188026785851e-03
2.927402500063180923e-03 3.164377063512802124e-03 3.092064056545495987e-03
2.857589162886142731e-03 3.117217915132641792e-03 3.038247581571340561e-03
2.789846388623118401e-03 3.071075771003961563e-03 2.986493753269314766e-03
2.724566031247377396e-03 3.025127109140157700e-03 2.935003722086548805e-03
2.661244478076696396e-03 2.979541663080453873e-03 2.884065499529242516e-03
2.599601633846759796e-03 2.934416057541966438e-03 2.833822509273886681e-03
2.540337387472391129e-03 2.889895811676979065e-03 2.784442855045199394e-03
2.483143471181392670e-03 2.846513409167528152e-03 2.736094407737255096e-03
2.427656669169664383e-03 2.803155221045017242e-03 2.688465639948844910e-03
2.373904688283801079e-03 2.760353730991482735e-03 2.641556318849325180e-03
2.322111278772354126e-03 2.718786941841244698e-03 2.595486119389533997e-03
2.272360492497682571e-03 2.676784526556730270e-03 2.549895783886313438e-03
2.224316587671637535e-03 2.635822864249348640e-03 2.505912212654948235e-03
2.178035676479339600e-03 2.595418132841587067e-03 2.462360309436917305e-03
2.133489353582262993e-03 2.555473241955041885e-03 2.419048221781849861e-03
2.090510213747620583e-03 2.516303211450576782e-03 2.377103315666317940e-03
2.049517584964632988e-03 2.477665664628148079e-03 2.335973549634218216e-03
2.010231837630271912e-03 2.439706120640039444e-03 2.295611193403601646e-03
1.972485100850462914e-03 2.402109559625387192e-03 2.255896572023630142e-03
1.936221262440085411e-03 2.364852000027894974e-03 2.216949360445141792e-03
1.901832292787730694e-03 2.328829141333699226e-03 2.179201226681470871e-03
1.868842402473092079e-03 2.292951336130499840e-03 2.141836564987897873e-03
1.837111543864011765e-03 2.257557818666100502e-03 2.105359686538577080e-03
1.806723885238170624e-03 2.222842304036021233e-03 2.069889800623059273e-03
1.778127043507993221e-03 2.188925398513674736e-03 2.034947508946061134e-03
1.750593422912061214e-03 2.155371941626071930e-03 2.001180313527584076e-03
1.724291010759770870e-03 2.122375182807445526e-03 1.967749092727899551e-03
1.699247746728360653e-03 2.089910907670855522e-03 1.934989239089190960e-03
1.675575622357428074e-03 2.058148616924881935e-03 1.903572352603077888e-03
1.652882783673703671e-03 2.026870846748352051e-03 1.872683176770806313e-03
1.631253166124224663e-03 1.996125327423214912e-03 1.842273515649139881e-03
1.610966748557984829e-03 1.965912524610757828e-03 1.812679343856871128e-03
1.591799547895789146e-03 1.936208223924040794e-03 1.783852698281407356e-03
1.573108136653900146e-03 1.907278550788760185e-03 1.755721401423215866e-03
1.555787632241845131e-03 1.878905575722455978e-03 1.728477422147989273e-03
1.539390650577843189e-03 1.851113745942711830e-03 1.701833098195493221e-03
1.523777144029736519e-03 1.823685015551745892e-03 1.675764331594109535e-03
1.508891000412404537e-03 1.796619384549558163e-03 1.650367048569023609e-03
1.495096250437200069e-03 1.770328381098806858e-03 1.625977107323706150e-03
1.481917104683816433e-03 1.744691166095435619e-03 1.602042699232697487e-03
1.469325507059693336e-03 1.719416934065520763e-03 1.578707946464419365e-03
1.457377453334629536e-03 1.694554346613585949e-03 1.556044677272439003e-03
1.445961068384349346e-03 1.670442288741469383e-03 1.533788978122174740e-03
1.435328274965286255e-03 1.646790071390569210e-03 1.512564718723297119e-03
1.425338909029960632e-03 1.623501069843769073e-03 1.491819974035024643e-03
1.415797276422381401e-03 1.600696239620447159e-03 1.471507013775408268e-03
1.406591502018272877e-03 1.578375580720603466e-03 1.451553660444915295e-03
1.397861284203827381e-03 1.556466449983417988e-03 1.432703575119376183e-03
1.389746670611202717e-03 1.535235205665230751e-03 1.414069323800504208e-03
1.381967915222048759e-03 1.514463918283581734e-03 1.395914703607559204e-03
1.374412910081446171e-03 1.494055846706032753e-03 1.378335640765726566e-03
1.367081888020038605e-03 1.474083401262760162e-03 1.361212343908846378e-03
1.360534224659204483e-03 1.454716199077665806e-03 1.344760414212942123e-03
1.353790750727057457e-03 1.435566926375031471e-03 1.328692305833101273e-03
1.347271143458783627e-03 1.416901824995875359e-03 1.313079730607569218e-03
1.341283088549971581e-03 1.398914610035717487e-03 1.297898939810693264e-03
1.335211214609444141e-03 1.381096779368817806e-03 1.283317687921226025e-03
1.329474966041743755e-03 1.363787450827658176e-03 1.269096159376204014e-03
1.323822769336402416e-03 1.346792676486074924e-03 1.255234470590949059e-03
1.318282447755336761e-03 1.330112689174711704e-03 1.241780351847410202e-03
1.313105924054980278e-03 1.313892775215208530e-03 1.228829845786094666e-03
1.307789469137787819e-03 1.298253773711621761e-03 1.216215197928249836e-03
1.302529009990394115e-03 1.282929442822933197e-03 1.203888328745961189e-03
1.297240611165761948e-03 1.267895684577524662e-03 1.191921066492795944e-03
1.291980035603046417e-03 1.253152498975396156e-03 1.180337625555694103e-03
1.286971382796764374e-03 1.238917582668364048e-03 1.169089926406741142e-03
1.281906850636005402e-03 1.224924810230731964e-03 1.158106024377048016e-03
1.276870141737163067e-03 1.211246708407998085e-03 1.147481845691800117e-03
1.271805609576404095e-03 1.197907608002424240e-03 1.137169543653726578e-03
1.266517094336450100e-03 1.184858963824808598e-03 1.127024996094405651e-03
1.261424506083130836e-03 1.172173535451292992e-03 1.117432024329900742e-03
1.256275922060012817e-03 1.159802777692675591e-03 1.107983058318495750e-03
1.251127454452216625e-03 1.147746690548956394e-03 1.098677865229547024e-03
1.245922874659299850e-03 1.135932747274637222e-03 1.089612604118883610e-03
1.240690355189144611e-03 1.124360831454396248e-03 1.080906949937343597e-03
1.235345960594713688e-03 1.113248872570693493e-03 1.072489190846681595e-03
1.229889574460685253e-03 1.102403271943330765e-03 1.064191339537501335e-03
1.224377308972179890e-03 1.091727172024548054e-03 1.056061242707073689e-03
1.218780991621315479e-03 1.081075170077383518e-03 1.048243022523820400e-03
1.213184790685772896e-03 1.071028527803719044e-03 1.040496747009456158e-03
1.207616529427468777e-03 1.061175484210252762e-03 1.032966305501759052e-03
1.201964332722127438e-03 1.051467610523104668e-03 1.025651698000729084e-03
1.196200144477188587e-03 1.041880925185978413e-03 1.018480979837477207e-03
1.190352020785212517e-03 1.032802509143948555e-03 1.011430169455707073e-03
1.184503897093236446e-03 1.023845281451940536e-03 1.004475285299122334e-03
1.178683829493820667e-03 1.015057321637868881e-03 9.977123700082302094e-04
1.172863761894404888e-03 1.006463193334639072e-03 9.911651723086833954e-04
1.166819827631115913e-03 9.980868780985474586e-04 9.848577901721000671e-04
1.160943647846579552e-03 9.898558491840958595e-04 9.785983711481094360e-04
1.154899713583290577e-03 9.820121340453624725e-04 9.724109550006687641e-04
1.148883718997240067e-03 9.743621340021491051e-04 9.663674281910061836e-04
1.143035711720585823e-03 9.667362901382148266e-04 9.604917722754180431e-04
1.136851846240460873e-03 9.593525901436805725e-04 9.546400979161262512e-04
1.130863791331648827e-03 9.521867032162845135e-04 9.488843497820198536e-04
1.124903792515397072e-03 9.451661026105284691e-04 9.432724327780306339e-04
1.118943793699145317e-03 9.382665739394724369e-04 9.377805399708449841e-04
1.113179605454206467e-03 9.314880589954555035e-04 9.323605336248874664e-04
1.107107731513679028e-03 9.250484872609376907e-04 9.270124719478189945e-04
1.101231668144464493e-03 9.187299292534589767e-04 9.217843180522322655e-04
1.095495419576764107e-03 9.125324431806802750e-04 9.166041272692382336e-04
1.089759287424385548e-03 9.064076002687215805e-04 9.114718995988368988e-04
1.084107090719044209e-03 9.004521416500210762e-04 9.065555641427636147e-04
1.078538829460740089e-03 8.947630412876605988e-04 9.016391704790294170e-04
1.072998507879674435e-03 8.891465840861201286e-04 8.967467583715915680e-04
1.067542121745646000e-03 8.835785556584596634e-04 8.919503306970000267e-04
1.062141731381416321e-03 8.783009834587574005e-04 8.872977341525256634e-04
1.056937268003821373e-03 8.730476256459951401e-04 8.826451376080513000e-04
1.051928615197539330e-03 8.680363534949719906e-04 8.781364886090159416e-04
1.047031837515532970e-03 8.631219388917088509e-04 8.736758027225732803e-04
1.042191055603325367e-03 8.582559530623257160e-04 8.691910770721733570e-04
1.037378329783678055e-03 8.535351953469216824e-04 8.647783542983233929e-04
1.032873289659619331e-03 8.489355095662176609e-04 8.605094626545906067e-04
1.028452301397919655e-03 8.444810518994927406e-04 8.563365554437041283e-04
1.024171127937734127e-03 8.401476661674678326e-04 8.521876297891139984e-04
1.020197873003780842e-03 8.359110797755420208e-04 8.479667594656348228e-04
1.016308437101542950e-03 8.317471365444362164e-04 8.440096280537545681e-04
1.012530992738902569e-03 8.278010645881295204e-04 8.400285732932388783e-04
1.008893363177776337e-03 8.239034214057028294e-04 8.361434447579085827e-04
1.005479716695845127e-03 8.200542069971561432e-04 8.323302608914673328e-04
1.002289820462465286e-03 8.164955070242285728e-04 8.285410585813224316e-04
9.992958512157201767e-04 8.129125926643610001e-04 8.248238009400665760e-04
9.964976925402879715e-04 8.094264776445925236e-04 8.212264510802924633e-04
9.939234005287289619e-04 8.060614345595240593e-04 8.177010458894073963e-04
9.915729751810431480e-04 8.028174634091556072e-04 8.141516591422259808e-04
9.893064852803945541e-04 7.997187203727662563e-04 8.107461617328226566e-04
9.873477974906563759e-04 7.966441335156559944e-04 8.073886856436729431e-04
9.855569805949926376e-04 7.936664624139666557e-04 8.040551329031586647e-04
9.838500991463661194e-04 7.908340194262564182e-04 8.007455617189407349e-04
9.825070155784487724e-04 7.880500052124261856e-04 7.976758060976862907e-04
9.813038632273674011e-04 7.854838040657341480e-04 7.946540717966854572e-04
9.803244611248373985e-04 7.828934467397630215e-04 7.916562608443200588e-04
9.795690421015024185e-04 7.803515181876718998e-04 7.886824314482510090e-04
9.789813775569200516e-04 7.780032465234398842e-04 7.857806049287319183e-04
9.787295712158083916e-04 7.757760467939078808e-04 7.829986279830336571e-04
9.785057045519351959e-04 7.735972176305949688e-04 7.802886539138853550e-04
9.784497087821364403e-04 7.714910316281020641e-04 7.776505663059651852e-04
9.787295712158083916e-04 7.694817031733691692e-04 7.750605000182986259e-04
9.790653130039572716e-04 7.675933884456753731e-04 7.725663599558174610e-04
9.796809172257781029e-04 7.657293463125824928e-04 7.700721616856753826e-04
9.804643923416733742e-04 7.639620453119277954e-04 7.677698740735650063e-04
9.813877986744046211e-04 7.623158744536340237e-04 7.655395311303436756e-04
9.825070155784487724e-04 7.607422885484993458e-04 7.632132037542760372e-04
9.838781552389264107e-04 7.592897163704037666e-04 7.611267501488327980e-04
9.853611700236797333e-04 7.578856311738491058e-04 7.590882596559822559e-04
9.869560599327087402e-04 7.565783453173935413e-04 7.571217138320207596e-04
9.887188207358121872e-04 7.553437026217579842e-04 7.552510942332446575e-04
9.906775085255503654e-04 7.541574304923415184e-04 7.534524193033576012e-04
9.927481878548860550e-04 7.530922302976250648e-04 7.517496705986559391e-04
9.949586819857358932e-04 7.520996732637286186e-04 7.500709034502506256e-04
9.949586819857358932e-04 7.520996732637286186e-04 7.500709034502506256e-04
