2.643021250232248723e-02
2.637479613242053531e-02
2.631825697438373857e-02
2.626533262129303326e-02
2.621026548793429709e-02
2.614404664076249926e-02
2.607020504356047721e-02
2.599168928616301874e-02
2.590423155131561794e-02
2.581919467740158639e-02
2.572798864827905221e-02
2.563082775962522222e-02
2.553259429141284398e-02
2.542432808464711522e-02
2.531415158079503361e-02
2.519898418977839158e-02
2.507769578123482043e-02
2.495555428876052376e-02
2.482861438972494561e-02
2.469731462028774277e-02
2.456139471308831784e-02
2.442061658688811712e-02
2.427652012458832165e-02
2.412849041517263135e-02
2.397715867376337684e-02
2.382285163298133654e-02
2.366470315238486388e-02
2.350477055724233336e-02
2.333841464727420129e-02
2.316813601422665347e-02
2.299858246813123175e-02
2.282215903747622857e-02
2.264446616185377889e-02
2.246479512756988789e-02
2.228221887214052940e-02
2.209452276460240408e-02
2.190663583081817883e-02
2.171652222713081615e-02
2.152430956352091931e-02
2.133057399154683620e-02
2.113299428152903836e-02
2.093351764602576284e-02
2.073244161587640966e-02
2.052972462476541221e-02
2.032462560825256878e-02
2.012058235727623087e-02
1.991326646069361064e-02
1.970373303845299878e-02
1.949371104065240543e-02
1.928323669895574966e-02
1.907057669694572910e-02
1.885972408133180372e-02
1.864969161675023024e-02
1.843432015748767624e-02
1.821957751473896048e-02
1.800500820663532633e-02
1.779042435863750077e-02
1.757582148924278012e-02
1.736112288825318595e-02
1.714460538632488554e-02
1.692890412203293046e-02
1.671391900826458068e-02
1.649741989386676114e-02
1.628348638355867420e-02
1.607036109566687548e-02
1.585747100855180308e-02
1.564467687604304685e-02
1.543408976506265018e-02
1.522161389551398777e-02
1.501152311458548057e-02
1.480333709703627459e-02
1.459384690955634750e-02
1.438566214752712638e-02
1.418043438028687361e-02
1.397649245173962669e-02
1.377269962057856359e-02
1.356990300432627493e-02
1.336997854382891877e-02
1.317174607919946276e-02
1.297479480706102348e-02
1.277879571471726185e-02
1.258516681242046777e-02
1.239472779748391346e-02
1.220556134652155469e-02
1.201677903836565267e-02
1.183029889194036136e-02
1.164572867007561581e-02
1.146423405174229471e-02
1.128495961367483730e-02
1.110637694058177506e-02
1.093080445966802122e-02
1.075684801768440543e-02
1.058578365934901948e-02
1.041780538656875144e-02
1.025155511379882006e-02
1.008567728198657767e-02
9.923535702576386647e-03
9.763979526741154921e-03
9.604925701336287924e-03
9.450021101988382438e-03
9.297080924702402424e-03
9.146615574184028749e-03
8.998544629569664444e-03
8.852183327955329140e-03
8.708705296097225476e-03
8.567365014606856052e-03
8.427836322710321321e-03
8.289909292688531217e-03
8.156500346002435592e-03
8.025369361622229636e-03
7.896086278951063714e-03
7.768970469309872257e-03
7.645336765623244463e-03
7.521814482792827349e-03
7.401644172470617407e-03
7.284054735307559508e-03
7.168029721934850683e-03
7.054582394123626310e-03
6.944289871280647647e-03
6.835436439734893753e-03
6.728346136186025631e-03
6.624617670293217811e-03
6.521828657260425252e-03
6.421302766691733797e-03
6.323308728429891633e-03
6.227352471138338647e-03
6.133273405480887432e-03
6.040914744155573626e-03
5.950558199875080785e-03
5.862022401532366971e-03
5.775518193104076450e-03
5.691581116098331714e-03
5.608239946728308702e-03
5.526863375166301585e-03
5.447847706620489137e-03
5.369989546971264648e-03
5.294244990869114223e-03
5.220027158392920655e-03
5.147181937260566706e-03
5.075803652793510479e-03
5.007326176676254667e-03
4.939321333414269273e-03
4.872526914429240949e-03
4.807199706073617823e-03
4.743338179875057278e-03
4.681689921229802674e-03
4.620581137554236571e-03
4.560099048375862961e-03
4.501092472541398312e-03
4.443977491628084593e-03
4.387490254690723339e-03
4.332152485583919133e-03
4.277959942189452774e-03
4.224857666697564608e-03
4.172524404351205668e-03
4.121692091552150994e-03
4.072112690454595535e-03
4.022986997043798314e-03
3.974838342764635754e-03
3.927050958082899113e-03
3.880120281740749577e-03
3.834093459082358289e-03
3.788688385696102352e-03
3.744603598441267889e-03
3.701003301900031468e-03
3.657908605831451925e-03
3.615570037890560723e-03
3.573247567724873071e-03
3.532120795160747281e-03
3.491631726066423812e-03
3.451508275940397968e-03
3.411274696014759879e-03
3.373026067234293109e-03
3.334434299508670738e-03
3.295966876266711101e-03
3.258217620304495153e-03
3.221158774061978151e-03
3.183887698052661943e-03
3.147122357275474423e-03
3.111043103646675845e-03
3.075042493298832391e-03
3.039596769682907131e-03
3.004231000724649076e-03
2.969158734441767773e-03
2.934729056534361898e-03
2.900727939492724148e-03
2.866404227925152624e-03
2.832530288574727252e-03
2.799169607877488152e-03
2.765746971926242529e-03
2.732160742670156246e-03
2.698790261074686132e-03
2.665948919847953465e-03
2.633796834537163213e-03
2.601729492401690276e-03
2.569542547782233382e-03
2.537551702218237420e-03
2.505871934412027147e-03
2.474255762997218649e-03
2.442682905149293031e-03
2.411479207817421051e-03
2.380463906279452722e-03
2.349524540414069367e-03
2.318934942472680120e-03
2.288357316321945178e-03
2.257816258459853075e-03
2.227499790958709959e-03
2.197750971194879343e-03
2.167920909309600536e-03
2.138137870547251497e-03
2.108414175957226081e-03
2.078838445572319445e-03
2.050004358452369151e-03
2.021029481216563266e-03
1.992138544314266905e-03
1.963479924588704389e-03
1.935173495642544036e-03
1.906971166328099874e-03
1.879004269449234500e-03
1.851207316428900990e-03
1.823514445502488236e-03
1.795761867470200591e-03
1.768744374048935100e-03
1.741952805643630755e-03
1.715307354079949071e-03
1.688799534308021381e-03
1.662453647568017372e-03
1.636535143405569480e-03
1.610774187818369294e-03
1.585056096360561292e-03
1.559680613257752226e-03
1.534723840438698226e-03
1.509856135323050467e-03
1.485260540376752859e-03
1.461206064326159683e-03
1.437306760271451220e-03
1.413516405956295784e-03
1.390111737208859794e-03
1.367178886037832440e-03
1.344263829378959446e-03
1.321733580255665414e-03
1.299597324253722822e-03
1.277729230548704711e-03
1.255951524563921756e-03
1.234684586921309512e-03
1.213717639441093833e-03
1.193081968975701892e-03
1.172743766841435149e-03
1.152611070963353466e-03
1.133013672971114371e-03
1.113623685057643642e-03
1.094535141703968650e-03
1.075923382956421029e-03
1.057605332336083006e-03
1.039398973926572173e-03
1.021476796369858407e-03
1.003923290985725197e-03
9.866696908046636034e-04
9.700479707592551308e-04
9.537011889025818860e-04
9.376045996080899355e-04
9.218436695580838796e-04
9.062460357126610015e-04
8.909472889665892700e-04
8.761217865832330058e-04
8.617647158416301108e-04
8.474847105928774195e-04
8.337295111305622047e-04
8.201352996509799669e-04
8.067669669275558120e-04
7.937671815182529211e-04
7.810515927335486041e-04
7.688753699882160900e-04
7.569689588896001079e-04
7.452351511841948453e-04
7.338169004078013606e-04
7.227156920229020577e-04
7.118671703391602368e-04
7.012707652919124551e-04
6.909761396984373267e-04
6.810134563005879786e-04
6.712997857344350739e-04
6.618591576505024549e-04
6.527013643142999706e-04
6.437552869250339491e-04
6.351269813357107892e-04
6.267523449485175096e-04
6.186035634382656750e-04
6.106179951814230938e-04
6.030075014380930016e-04
5.956570503891384788e-04
5.884985904037914103e-04
5.815137262010928315e-04
5.746976532256293938e-04
5.681571606275705047e-04
5.618620268968439052e-04
5.558007246723988687e-04
5.499298891439510653e-04
5.442239742418670135e-04
5.387216164389225116e-04
5.334700764900258746e-04
5.284376229787225189e-04
5.235306419540722810e-04
5.186895981325451415e-04
5.141145079871491759e-04
5.097204490371837031e-04
5.054405863445469299e-04
5.013831523599007311e-04
4.974427642430982342e-04
4.936287928318643667e-04
4.899659116731686819e-04
4.864753413364451590e-04
4.831199591010837706e-04
4.799600397915701911e-04
4.768884135442277438e-04
4.738351969458784213e-04
4.710217835839159762e-04
4.682783559425016335e-04
4.656582765050188929e-04
4.631636306851053203e-04
4.607946310531892977e-04
4.584851822924584301e-04
4.563041560087793954e-04
4.542324814036129339e-04
4.522532494530390169e-04
4.502963827067350496e-04
4.485079264835907542e-04
4.468122365649166805e-04
4.451854606161701118e-04
4.435936054396856835e-04
4.421572342889786142e-04
4.407064479763522671e-04
4.393297501453858256e-04
4.380815778357687582e-04
4.368605489679180140e-04
4.357389411998265397e-04
4.346660174759943407e-04
4.336609128915188804e-04
4.327683317774816689e-04
4.318529871530742744e-04
4.309756634589362269e-04
4.301817566107883650e-04
4.294787598261481910e-04
4.287293522478564066e-04
4.280803163311171786e-04
4.274811104264438226e-04
4.269245902937015809e-04
4.264229060849757439e-04
4.259469560344624427e-04
4.255277538306437746e-04
4.251627012226208554e-04
4.248352763349065976e-04
4.245052806607325447e-04
4.242498730820367043e-04
4.240385741289681709e-04
4.238556935665271268e-04
4.237014989365270367e-04
4.235432606580267589e-04
4.234553941293074685e-04
4.234055444242570488e-04
4.233720008486974531e-04
4.234117014555918560e-04
4.234376797391097035e-04
4.234972797508931874e-04
4.235915433938796607e-04
4.237049040541874764e-04
4.238429787445135077e-04
4.240342784092424912e-04
4.242486800318861161e-04
4.244401019941837104e-04
4.246860610413099387e-04
4.249754318873659475e-04
4.252710748386517295e-04
4.255838594881811415e-04
4.259460180544443505e-04
4.263060235865047593e-04
4.266746976098985465e-04
4.270808987889147508e-04
4.275278475086187057e-04
4.279233291118157375e-04
4.284001068333068000e-04
4.289159272083751650e-04
4.294234873915286780e-04
4.299091633900364927e-04
4.304794879394421565e-04
4.310547211996544636e-04
4.316188944664440955e-04
4.321925520705865368e-04
4.327976447652202830e-04
4.334364975164782530e-04
4.340594915188379860e-04
4.340594915188379860e-04
