2.918919199146330357e-02
2.912798221223056316e-02
2.906553354114294052e-02
2.900712657719850540e-02
2.894647116772830486e-02
2.887348062358796597e-02
2.879198663868010044e-02
2.870524884201586246e-02
2.860886836424469948e-02
2.851503179408609867e-02
2.841450041159987450e-02
2.830740879289805889e-02
2.819883008487522602e-02
2.807946712709963322e-02
2.795805386267602444e-02
2.783103240653872490e-02
2.769710309803485870e-02
2.756237075664103031e-02
2.742223418317735195e-02
2.727736625820398331e-02
2.712746197357773781e-02
2.697216160595417023e-02
2.681321813724935055e-02
2.664990094490349293e-02
2.648292481899261475e-02
2.631266647949814796e-02
2.613818366080522537e-02
2.596164029091596603e-02
2.577810222283005714e-02
2.559029334224760532e-02
2.540324209257960320e-02
2.520852489396929741e-02
2.501247078180313110e-02
2.481422643177211285e-02
2.461273479275405407e-02
2.440558304078876972e-02
2.419837191700935364e-02
2.398863527923822403e-02
2.377650910057127476e-02
2.356266416609287262e-02
2.334456890821456909e-02
2.312446385622024536e-02
2.290260978043079376e-02
2.267892891541123390e-02
2.245260705240070820e-02
2.222733385860919952e-02
2.199852373450994492e-02
2.176731848157942295e-02
2.153557306155562401e-02
2.130318456329405308e-02
2.106847334653139114e-02
2.083569508977234364e-02
2.060378133319318295e-02
2.036613901145756245e-02
2.012909715995192528e-02
1.989224669523537159e-02
1.965534454211592674e-02
1.941836182959377766e-02
1.918130111880600452e-02
1.894237357191741467e-02
1.870432915166020393e-02
1.846700324676930904e-02
1.822792016901075840e-02
1.799172838218510151e-02
1.775639574043452740e-02
1.752129523083567619e-02
1.728629413992166519e-02
1.705379365012049675e-02
1.681917428504675627e-02
1.658715750090777874e-02
1.635723689105361700e-02
1.612591347657144070e-02
1.589600136503577232e-02
1.566934154834598303e-02
1.544411701615899801e-02
1.521907059941440821e-02
1.499502535443753004e-02
1.477428188081830740e-02
1.455531350802630186e-02
1.433769112918525934e-02
1.412117108702659607e-02
1.390732661820948124e-02
1.369689556304365396e-02
1.348787837196141481e-02
1.327935501467436552e-02
1.307338010519742966e-02
1.286944700405001640e-02
1.266889704857021570e-02
1.247081661131232977e-02
1.227354351431131363e-02
1.207954075653105974e-02
1.188736362382769585e-02
1.169834879692643881e-02
1.151269790716469288e-02
1.132900419179350138e-02
1.114570221398025751e-02
1.096649479586631060e-02
1.079013850539922714e-02
1.061436603777110577e-02
1.044318778440356255e-02
1.027412537951022387e-02
1.010779023636132479e-02
9.944112855009734631e-03
9.782331646420061588e-03
9.623787598684430122e-03
9.467534488067030907e-03
9.313276153989136219e-03
9.160855202935636044e-03
9.013346745632588863e-03
8.868345757946372032e-03
8.725425926968455315e-03
8.584920433349907398e-03
8.448178763501346111e-03
8.311651297844946384e-03
8.178810821846127510e-03
8.048800926189869642e-03
7.920505129732191563e-03
7.795050041750073433e-03
7.673045678529888391e-03
7.552683993708342314e-03
7.434307888615876436e-03
7.319582626223564148e-03
7.205926638562232256e-03
7.094767293892800808e-03
6.986379332374781370e-03
6.880217406433075666e-03
6.776234135031700134e-03
6.674155360087752342e-03
6.574229861143976450e-03
6.476285750977694988e-03
6.380652135703712702e-03
6.287822499871253967e-03
6.195682624820619822e-03
6.105704640503972769e-03
6.018301879521459341e-03
5.932182655669748783e-03
5.848462926223874092e-03
5.766416783444583416e-03
5.685866635758429766e-03
5.606934835668653250e-03
5.531187518499791622e-03
5.455994512885808945e-03
5.382147501222789288e-03
5.309916450642049313e-03
5.239316495135426521e-03
5.171166092623025179e-03
5.103600444272160530e-03
5.036734393797814846e-03
4.971538903191685677e-03
4.908406350295990705e-03
4.845973744522780180e-03
4.784807038959115744e-03
4.724904370959848166e-03
4.666242573875933886e-03
4.608417453709989786e-03
4.552235128358006477e-03
4.497440066188573837e-03
4.443173238541930914e-03
4.389961773995310068e-03
4.337174294050782919e-03
4.285333445295691490e-03
4.234487132634967566e-03
4.184353339951485395e-03
4.135655006393790245e-03
4.087490873644128442e-03
4.039893741719424725e-03
3.993147343862801790e-03
3.946395794628188014e-03
3.901001735357567668e-03
3.856311115669086576e-03
3.812013892456889153e-03
3.767605900065973401e-03
3.725371178006753325e-03
3.682764334371313453e-03
3.640303417341783643e-03
3.598641662392765284e-03
3.557735035428777337e-03
3.516601602314040065e-03
3.476031561149284244e-03
3.436218510614708066e-03
3.396477957721799612e-03
3.357376670464873314e-03
3.318347036838531494e-03
3.279639291577041149e-03
3.241654922021552920e-03
3.204132808605208993e-03
3.166281298035755754e-03
3.128909098450094461e-03
3.092082217335700989e-03
3.055193228647112846e-03
3.018149523995816708e-03
2.981345925945788622e-03
2.945114742033183575e-03
2.909626753535121679e-03
2.874254540074616671e-03
2.838736982084810734e-03
2.803427691105753183e-03
2.768462669337168336e-03
2.733584842644631863e-03
2.698733936995267868e-03
2.664293017005547881e-03
2.630069473525509238e-03
2.595937286969274282e-03
2.562155452324077487e-03
2.528416953282430768e-03
2.494717016816139221e-03
2.461254684021696448e-03
2.428409788990393281e-03
2.395476796664297581e-03
2.362599421758204699e-03
2.329785871552303433e-03
2.297131606610491872e-03
2.265295071993023157e-03
2.233298844657838345e-03
2.201395225711166859e-03
2.169745537685230374e-03
2.138476455002091825e-03
2.107326770783402026e-03
2.076432618196122348e-03
2.045725137577392161e-03
2.015135978581383824e-03
1.984495174838230014e-03
1.954628663952462375e-03
1.925012475112453103e-03
1.895566048915497959e-03
1.866280566900968552e-03
1.837161005823872983e-03
1.808514702133834362e-03
1.780038248398341238e-03
1.751603806042112410e-03
1.723550347378477454e-03
1.695955870673060417e-03
1.668460638029500842e-03
1.641263879719190300e-03
1.614656895981170237e-03
1.588229191838763654e-03
1.561919008963741362e-03
1.536030365969054401e-03
1.510659800260327756e-03
1.485313478042371571e-03
1.460397776099853218e-03
1.435908328858204186e-03
1.411708668456412852e-03
1.387608790537342429e-03
1.364074691082350910e-03
1.340868708211928606e-03
1.318033449933864176e-03
1.295532361837103963e-03
1.273249436053447425e-03
1.251554785994812846e-03
1.230094916536472738e-03
1.208967689308337867e-03
1.188358233775943518e-03
1.168081042123958468e-03
1.147928822319954634e-03
1.128091185819357634e-03
1.108661890611983836e-03
1.089568715542554855e-03
1.071153608791064471e-03
1.053049825713969767e-03
1.035229041008278728e-03
1.017781156406272203e-03
1.000517659122124314e-03
9.835805831244215369e-04
9.671627412899397314e-04
9.512612596154212952e-04
9.354509165859781206e-04
9.202221772284246981e-04
9.051722590811550617e-04
8.903763882699422538e-04
8.759954725974239409e-04
8.619225554866716266e-04
8.484340723953209817e-04
8.352478034794330597e-04
8.222612304962240160e-04
8.096297096926718950e-04
7.973492683959193528e-04
7.853474817238748074e-04
7.736224360996857285e-04
7.622291159350425005e-04
7.512162628700025380e-04
7.404794669128023088e-04
7.300404104171320796e-04
7.199108877102844417e-04
7.100185248418711126e-04
7.004882645560428500e-04
6.912385360919870436e-04
6.822361174272373319e-04
6.734114649589173496e-04
6.650114592048339546e-04
6.568944954778999090e-04
6.489943989436142147e-04
6.412919028662145138e-04
6.337782833725214005e-04
6.265654374146834016e-04
6.196255708346143365e-04
6.129450921434909105e-04
6.064758781576529145e-04
6.001946931064594537e-04
5.941392118984367698e-04
5.883610028831753880e-04
5.828248831676319242e-04
5.774285345978569239e-04
5.721141751564573497e-04
5.670932368957437575e-04
5.622716198558919132e-04
5.575753420998807997e-04
5.531232345674652606e-04
5.488080460054334253e-04
5.446329087135381997e-04
5.406244854384567589e-04
5.368083184293936938e-04
5.331451684469357133e-04
5.296939852996729314e-04
5.263427701720502228e-04
5.230185779510065913e-04
5.199555525905452669e-04
5.169688665773719549e-04
5.141198053024709225e-04
5.114113882882520556e-04
5.088420584797859192e-04
5.063420794613193721e-04
5.039808274887036532e-04
5.017403273086529225e-04
4.996035095246043056e-04
4.974903895345050842e-04
4.955652402713894844e-04
4.937426238029729575e-04
4.919953134958632290e-04
4.902847285848110914e-04
4.887455579591915011e-04
4.871931123489048332e-04
4.857228996115736663e-04
4.843939204874914140e-04
4.830937432416249067e-04
4.819008790946099907e-04
4.807632212759926915e-04
4.797008659807033837e-04
4.787585821759421378e-04
4.777944704983383417e-04
4.768696926475968212e-04
4.760364536195993423e-04
4.753046559926588088e-04
4.745224796351976693e-04
4.738460011139977723e-04
4.732245251943822950e-04
4.726502374978736043e-04
4.721340374089777470e-04
4.716468029073439538e-04
4.712200607173144817e-04
4.708508422481827438e-04
4.705227001977618784e-04
4.701903089880943298e-04
4.699415148934349418e-04
4.697385775216389447e-04
4.695645839092321694e-04
4.694222661782987416e-04
4.692723814514465630e-04
4.691996873589232564e-04
4.691688336606603116e-04
4.691546710091643035e-04
4.692182010330725461e-04
4.692661204899195582e-04
4.693493829108774662e-04
4.694695053331088275e-04
4.696096984844189137e-04
4.697764597949571908e-04
4.699994060501921922e-04
4.702464648289605975e-04
4.704685015894938260e-04
4.707491680164821446e-04
4.710741122835315764e-04
4.714042333944234997e-04
4.717517658718861639e-04
4.721549339592456818e-04
4.725535727629903704e-04
4.729604734166059643e-04
4.734079666377510875e-04
4.738999596156645566e-04
4.743305507872719318e-04
4.748517530970275402e-04
4.754139154101721942e-04
4.759659022965934128e-04
4.764944351336453110e-04
4.771130188601091504e-04
4.777374051627703011e-04
4.783486729138530791e-04
4.789686572621576488e-04
4.796229404746554792e-04
4.803122283192351460e-04
4.809849669982213527e-04
4.809849669982213527e-04
