1.775200042724609375e+02 1.772490997314453125e+02 1.775200042724609375e+02 1.775200042724609375e+02
5.291080093383789062e+01 5.294499969482421875e+01 5.329999923706054688e+01 5.291109848022460938e+01
4.139999866485595703e+00 4.139999866485595703e+00 4.139999866485595703e+00 4.139999866485595703e+00
1.761399993896484375e+02 1.761399993896484375e+02 1.757322998046875000e+02 1.761399993896484375e+02
5.489490127563476562e+01 5.500000000000000000e+01 5.374150085449218750e+01 5.500000000000000000e+01
4.500000000000000000e+00 4.500000000000000000e+00 4.500000000000000000e+00 4.500000000000000000e+00
1.251522979736328125e+02 1.180425033569335938e+02 1.166600036621093750e+02 1.169086990356445312e+02
1.756000061035156250e+02 1.756000061035156250e+02 1.756000061035156250e+02 1.756000061035156250e+02
5.554999923706054688e+01 5.554999923706054688e+01 5.529499816894531250e+01 5.554999923706054688e+01
7.982900142669677734e+00 7.900000095367431641e+00 7.900000095367431641e+00 8.026000022888183594e+00
4.303100109100341797e+00 4.349999904632568359e+00 4.383399963378906250e+00 4.349999904632568359e+00
1.216512985229492188e+02 1.240286026000976562e+02 1.174199981689453125e+02 1.174199981689453125e+02
1.774199981689453125e+02 1.774199981689453125e+02 1.774199981689453125e+02 1.774199981689453125e+02
5.440000152587890625e+01 5.440000152587890625e+01 5.453659820556640625e+01 5.450709915161132812e+01
8.033399581909179688e+00 8.027799606323242188e+00 8.013099670410156250e+00 7.809999942779541016e+00
4.032899856567382812e+00 3.953799962997436523e+00 4.053899765014648438e+00 4.218599796295166016e+00
1.200690002441406250e+02 1.205406036376953125e+02 1.210699996948242188e+02 1.207574996948242188e+02
1.754499969482421875e+02 1.754499969482421875e+02 1.754499969482421875e+02 1.754499969482421875e+02
6.649960327148437500e+01 6.679319763183593750e+01 6.663110351562500000e+01 6.676909637451171875e+01
8.069100379943847656e+00 8.576600074768066406e+00 8.640000343322753906e+00 8.607799530029296875e+00
4.223000049591064453e+00 4.106900215148925781e+00 4.300300121307373047e+00 4.237899780273437500e+00
1.120999984741210938e+02 1.120999984741210938e+02 1.120999984741210938e+02 1.120999984741210938e+02
1.793300018310546875e+02 1.793300018310546875e+02 1.793300018310546875e+02 1.793300018310546875e+02
6.011000061035156250e+01 6.011000061035156250e+01 6.011000061035156250e+01 6.011000061035156250e+01
8.960000038146972656e+00 8.960000038146972656e+00 8.960000038146972656e+00 8.960000038146972656e+00
3.960000038146972656e+00 3.960000038146972656e+00 3.960000038146972656e+00 3.960000038146972656e+00
1.198499984741210938e+02 1.198499984741210938e+02 1.198499984741210938e+02 1.198499984741210938e+02
1.790000000000000000e+02 1.790000000000000000e+02 1.790000000000000000e+02 1.790000000000000000e+02
5.982500076293945312e+01 5.983319854736328125e+01 5.984569931030273438e+01 5.980089950561523438e+01
8.246800422668457031e+00 8.236499786376953125e+00 8.334699630737304688e+00 8.250300407409667969e+00
4.050000190734863281e+00 4.050000190734863281e+00 4.050000190734863281e+00 4.050000190734863281e+00
1.187099990844726562e+02 1.187099990844726562e+02 1.187099990844726562e+02 1.187099990844726562e+02
1.782299957275390625e+02 1.782299957275390625e+02 1.782299957275390625e+02 1.782299957275390625e+02
5.863000106811523438e+01 5.863000106811523438e+01 5.863000106811523438e+01 5.863000106811523438e+01
7.679999828338623047e+00 7.679999828338623047e+00 7.679999828338623047e+00 7.679999828338623047e+00
3.849999904632568359e+00 3.849999904632568359e+00 3.849999904632568359e+00 3.849999904632568359e+00
1.194199981689453125e+02 1.194199981689453125e+02 1.194199981689453125e+02 1.194199981689453125e+02
1.776600036621093750e+02 1.776600036621093750e+02 1.776600036621093750e+02 1.776600036621093750e+02
6.619000244140625000e+01 6.619000244140625000e+01 6.619000244140625000e+01 6.619000244140625000e+01
8.359999656677246094e+00 8.359999656677246094e+00 8.359999656677246094e+00 8.359999656677246094e+00
3.700000047683715820e+00 3.700000047683715820e+00 3.788700103759765625e+00 3.700000047683715820e+00
1.189000015258789062e+02 1.189000015258789062e+02 1.189000015258789062e+02 1.189000015258789062e+02
1.808699951171875000e+02 1.808699951171875000e+02 1.808699951171875000e+02 1.808699951171875000e+02
5.547000122070312500e+01 5.547000122070312500e+01 5.547000122070312500e+01 5.547000122070312500e+01
7.960000038146972656e+00 7.960000038146972656e+00 7.960000038146972656e+00 7.960000038146972656e+00
4.099999904632568359e+00 4.099999904632568359e+00 4.099999904632568359e+00 4.099999904632568359e+00
1.205999984741210938e+02 1.205999984741210938e+02 1.205999984741210938e+02 1.205999984741210938e+02
1.803300018310546875e+02 1.803300018310546875e+02 1.803300018310546875e+02 1.803300018310546875e+02
5.934999847412109375e+01 5.934999847412109375e+01 5.934999847412109375e+01 5.934999847412109375e+01
7.750000000000000000e+00 7.750000000000000000e+00 7.750000000000000000e+00 7.750000000000000000e+00
4.130000114440917969e+00 4.130000114440917969e+00 4.130000114440917969e+00 4.130000114440917969e+00
1.188499984741210938e+02 1.188499984741210938e+02 1.188499984741210938e+02 1.188499984741210938e+02
1.786300048828125000e+02 1.786300048828125000e+02 1.786300048828125000e+02 1.786300048828125000e+02
5.936999893188476562e+01 5.950780105590820312e+01 5.936999893188476562e+01 5.936999893188476562e+01
8.253100395202636719e+00 8.529999732971191406e+00 8.221099853515625000e+00 8.215600013732910156e+00
5.000000000000000000e+00 4.773099899291992188e+00 4.946800231933593750e+00 5.000000000000000000e+00
1.193799972534179688e+02 1.193799972534179688e+02 1.193799972534179688e+02 1.193799972534179688e+02
1.792400054931640625e+02 1.792400054931640625e+02 1.792400054931640625e+02 1.792400054931640625e+02
6.022999954223632812e+01 6.022999954223632812e+01 6.022999954223632812e+01 6.022999954223632812e+01
9.149999618530273438e+00 9.149999618530273438e+00 9.149999618530273438e+00 9.149999618530273438e+00
4.010000228881835938e+00 4.010000228881835938e+00 4.010000228881835938e+00 4.010000228881835938e+00
1.228300018310546875e+02 1.228300018310546875e+02 1.228300018310546875e+02 1.228300018310546875e+02
1.793399963378906250e+02 1.793399963378906250e+02 1.793399963378906250e+02 1.793399963378906250e+02
5.940999984741210938e+01 5.940999984741210938e+01 5.940999984741210938e+01 5.940999984741210938e+01
7.769999980926513672e+00 7.815000057220458984e+00 7.769999980926513672e+00 7.769999980926513672e+00
4.119999885559082031e+00 4.119999885559082031e+00 4.119999885559082031e+00 4.119999885559082031e+00
1.197399978637695312e+02 1.197399978637695312e+02 1.197399978637695312e+02 1.197399978637695312e+02
1.789299926757812500e+02 1.789299926757812500e+02 1.789299926757812500e+02 1.789299926757812500e+02
5.529000091552734375e+01 5.529000091552734375e+01 5.529000091552734375e+01 5.529000091552734375e+01
7.969999790191650391e+00 7.969999790191650391e+00 7.969999790191650391e+00 7.969999790191650391e+00
4.260000228881835938e+00 4.260000228881835938e+00 4.260000228881835938e+00 4.260000228881835938e+00
1.218099975585937500e+02 1.218099975585937500e+02 1.218099975585937500e+02 1.218099975585937500e+02
1.772400054931640625e+02 1.772400054931640625e+02 1.772400054931640625e+02 1.772400054931640625e+02
6.204000091552734375e+01 6.204000091552734375e+01 6.204000091552734375e+01 6.204000091552734375e+01
8.617799758911132812e+00 8.621399879455566406e+00 8.619299888610839844e+00 8.635800361633300781e+00
3.210000038146972656e+00 3.210000038146972656e+00 3.210000038146972656e+00 3.210000038146972656e+00
1.186900024414062500e+02 1.186900024414062500e+02 1.186900024414062500e+02 1.186900024414062500e+02
1.750200958251953125e+02 1.750218048095703125e+02 1.749989929199218750e+02 1.750258026123046875e+02
6.150000000000000000e+01 6.150000000000000000e+01 6.150000000000000000e+01 6.150000000000000000e+01
7.953999996185302734e+00 7.944499969482421875e+00 7.957799911499023438e+00 7.977300167083740234e+00
4.119999885559082031e+00 4.119999885559082031e+00 4.119999885559082031e+00 4.119999885559082031e+00
1.119700012207031250e+02 1.119700012207031250e+02 1.119700012207031250e+02 1.119700012207031250e+02
1.778500061035156250e+02 1.778500061035156250e+02 1.778500061035156250e+02 1.778500061035156250e+02
5.722000122070312500e+01 5.722000122070312500e+01 5.722000122070312500e+01 5.722000122070312500e+01
7.420000076293945312e+00 7.420000076293945312e+00 7.420000076293945312e+00 7.420000076293945312e+00
3.980000019073486328e+00 3.980000019073486328e+00 3.980000019073486328e+00 3.980000019073486328e+00
1.203099975585937500e+02 1.203099975585937500e+02 1.203099975585937500e+02 1.203099975585937500e+02
1.766000061035156250e+02 1.766000061035156250e+02 1.766000061035156250e+02 1.766000061035156250e+02
5.938999938964843750e+01 5.938999938964843750e+01 5.938999938964843750e+01 5.938999938964843750e+01
7.269999980926513672e+00 7.269999980926513672e+00 7.269999980926513672e+00 7.269999980926513672e+00
4.219999790191650391e+00 4.219999790191650391e+00 4.219999790191650391e+00 4.219999790191650391e+00
1.143399963378906250e+02 1.143399963378906250e+02 1.143399963378906250e+02 1.143399963378906250e+02
1.770700073242187500e+02 1.770700073242187500e+02 1.770700073242187500e+02 1.770700073242187500e+02
5.245000076293945312e+01 5.245000076293945312e+01 5.245000076293945312e+01 5.245000076293945312e+01
7.755300045013427734e+00 7.789999961853027344e+00 7.758200168609619141e+00 7.755000114440917969e+00
4.530000209808349609e+00 4.530000209808349609e+00 4.530000209808349609e+00 4.530000209808349609e+00
1.169300003051757812e+02 1.169300003051757812e+02 1.169300003051757812e+02 1.169300003051757812e+02
1.780500030517578125e+02 1.780500030517578125e+02 1.780500030517578125e+02 1.780500030517578125e+02
5.847999954223632812e+01 5.847999954223632812e+01 5.847999954223632812e+01 5.847999954223632812e+01
7.650000095367431641e+00 7.650000095367431641e+00 7.650000095367431641e+00 7.650000095367431641e+00
3.950000047683715820e+00 3.950000047683715820e+00 3.950000047683715820e+00 3.950000047683715820e+00
1.237699966430664062e+02 1.237699966430664062e+02 1.237699966430664062e+02 1.237699966430664062e+02
1.776000061035156250e+02 1.776000061035156250e+02 1.776000061035156250e+02 1.776000061035156250e+02
5.288999938964843750e+01 5.288999938964843750e+01 5.288999938964843750e+01 5.288999938964843750e+01
8.039999961853027344e+00 8.039999961853027344e+00 8.039999961853027344e+00 8.039999961853027344e+00
4.570000171661376953e+00 4.570000171661376953e+00 4.570000171661376953e+00 4.570000171661376953e+00
1.135389022827148438e+02 1.135558013916015625e+02 1.135296020507812500e+02 1.135258026123046875e+02
1.750399932861328125e+02 1.750399932861328125e+02 1.750399932861328125e+02 1.750399932861328125e+02
4.711999893188476562e+01 4.711999893188476562e+01 4.711999893188476562e+01 4.711999893188476562e+01
7.639999866485595703e+00 7.639999866485595703e+00 7.639999866485595703e+00 7.639999866485595703e+00
3.957600116729736328e+00 3.957600116729736328e+00 3.957600116729736328e+00 3.957600116729736328e+00
3.859999895095825195e+00 3.859999895095825195e+00 3.859999895095825195e+00 3.859999895095825195e+00
1.084800033569335938e+02 1.084800033569335938e+02 1.084800033569335938e+02 1.084800033569335938e+02
1.773800048828125000e+02 1.773800048828125000e+02 1.773800048828125000e+02 1.773800048828125000e+02
5.381999969482421875e+01 5.381999969482421875e+01 5.381999969482421875e+01 5.381999969482421875e+01
8.359999656677246094e+00 8.359999656677246094e+00 8.359999656677246094e+00 8.359999656677246094e+00
4.489999771118164062e+00 4.489999771118164062e+00 4.489999771118164062e+00 4.489999771118164062e+00
1.200100021362304688e+02 1.200100021362304688e+02 1.200100021362304688e+02 1.200100021362304688e+02
1.736000061035156250e+02 1.736000061035156250e+02 1.736000061035156250e+02 1.736000061035156250e+02
4.536999893188476562e+01 4.536999893188476562e+01 4.536999893188476562e+01 4.536999893188476562e+01
1.053289985656738281e+01 1.053839969635009766e+01 1.053779983520507812e+01 1.053820037841796875e+01
4.139200210571289062e+00 4.150100231170654297e+00 4.139200210571289062e+00 4.139200210571289062e+00
4.329999923706054688e+00 4.329999923706054688e+00 4.329999923706054688e+00 4.329999923706054688e+00
1.120292968750000000e+02 1.119795989990234375e+02 1.119793014526367188e+02 1.119812011718750000e+02
1.728399963378906250e+02 1.728399963378906250e+02 1.728399963378906250e+02 1.728399963378906250e+02
5.995999908447265625e+01 5.995999908447265625e+01 5.995999908447265625e+01 5.995999908447265625e+01
8.049400329589843750e+00 8.058099746704101562e+00 8.059000015258789062e+00 8.054100036621093750e+00
5.269999980926513672e+00 5.269999980926513672e+00 5.269999980926513672e+00 5.269999980926513672e+00
1.122699966430664062e+02 1.122699966430664062e+02 1.122699966430664062e+02 1.122699966430664062e+02
1.760000000000000000e+02 1.760000000000000000e+02 1.760000000000000000e+02 1.760000000000000000e+02
6.056999969482421875e+01 6.056999969482421875e+01 6.056999969482421875e+01 6.056999969482421875e+01
9.750000000000000000e+00 9.750000000000000000e+00 9.750000000000000000e+00 9.750000000000000000e+00
4.949999809265136719e+00 4.970499992370605469e+00 4.949999809265136719e+00 4.949999809265136719e+00
1.259895019531250000e+02 1.259664993286132812e+02 1.260262985229492188e+02 1.260203018188476562e+02
1.765200042724609375e+02 1.765200042724609375e+02 1.765200042724609375e+02 1.765200042724609375e+02
5.972999954223632812e+01 5.972999954223632812e+01 5.972999954223632812e+01 5.972999954223632812e+01
8.489700317382812500e+00 8.491800308227539062e+00 8.492300033569335938e+00 8.489700317382812500e+00
4.809999942779541016e+00 4.809999942779541016e+00 4.809999942779541016e+00 4.809999942779541016e+00
1.159400024414062500e+02 1.159400024414062500e+02 1.159400024414062500e+02 1.159400024414062500e+02
1.771100006103515625e+02 1.771100006103515625e+02 1.771100006103515625e+02 1.771100006103515625e+02
6.658999633789062500e+01 6.658999633789062500e+01 6.658999633789062500e+01 6.658999633789062500e+01
9.060000419616699219e+00 9.060000419616699219e+00 9.060000419616699219e+00 9.060000419616699219e+00
3.769999980926513672e+00 3.769999980926513672e+00 3.769999980926513672e+00 3.769999980926513672e+00
1.121999969482421875e+02 1.121999969482421875e+02 1.121999969482421875e+02 1.121999969482421875e+02
1.797799987792968750e+02 1.797799987792968750e+02 1.797799987792968750e+02 1.797799987792968750e+02
5.922000122070312500e+01 5.922000122070312500e+01 5.922000122070312500e+01 5.922000122070312500e+01
7.783299922943115234e+00 7.665999889373779297e+00 7.786600112915039062e+00 7.670899868011474609e+00
4.110000133514404297e+00 4.110000133514404297e+00 4.110000133514404297e+00 4.110000133514404297e+00
1.200699996948242188e+02 1.200699996948242188e+02 1.200699996948242188e+02 1.200699996948242188e+02
1.789900054931640625e+02 1.789900054931640625e+02 1.789900054931640625e+02 1.789900054931640625e+02
5.943000030517578125e+01 5.943000030517578125e+01 5.943000030517578125e+01 5.943000030517578125e+01
7.630000114440917969e+00 7.630000114440917969e+00 7.630000114440917969e+00 7.630000114440917969e+00
4.030000209808349609e+00 4.030000209808349609e+00 4.030000209808349609e+00 4.030000209808349609e+00
1.209000015258789062e+02 1.209000015258789062e+02 1.209000015258789062e+02 1.209000015258789062e+02
1.788800048828125000e+02 1.788800048828125000e+02 1.788800048828125000e+02 1.788800048828125000e+02
5.816999816894531250e+01 5.816999816894531250e+01 5.816999816894531250e+01 5.816999816894531250e+01
8.659999847412109375e+00 8.659999847412109375e+00 8.659999847412109375e+00 8.659999847412109375e+00
4.079999923706054688e+00 4.079999923706054688e+00 4.079999923706054688e+00 4.079999923706054688e+00
1.199300003051757812e+02 1.199300003051757812e+02 1.199300003051757812e+02 1.199300003051757812e+02
1.751399993896484375e+02 1.751399993896484375e+02 1.751399993896484375e+02 1.751399993896484375e+02
4.815000152587890625e+01 4.815000152587890625e+01 4.815000152587890625e+01 4.815000152587890625e+01
8.590000152587890625e+00 8.590000152587890625e+00 8.590000152587890625e+00 8.590000152587890625e+00
3.702300071716308594e+00 3.716000080108642578e+00 3.702300071716308594e+00 3.710099935531616211e+00
3.950000047683715820e+00 3.950000047683715820e+00 3.950000047683715820e+00 3.950000047683715820e+00
1.045500030517578125e+02 1.045500030517578125e+02 1.045500030517578125e+02 1.045500030517578125e+02
1.769799957275390625e+02 1.769799957275390625e+02 1.769799957275390625e+02 1.769799957275390625e+02
6.701000213623046875e+01 6.701000213623046875e+01 6.701000213623046875e+01 6.701000213623046875e+01
7.869999885559082031e+00 7.869999885559082031e+00 7.869999885559082031e+00 7.869999885559082031e+00
3.920000076293945312e+00 3.920000076293945312e+00 3.920000076293945312e+00 3.920000076293945312e+00
1.173300018310546875e+02 1.173300018310546875e+02 1.173300018310546875e+02 1.173300018310546875e+02
1.789517974853515625e+02 1.789407958984375000e+02 1.789519958496093750e+02 1.790399932861328125e+02
6.637999725341796875e+01 6.637999725341796875e+01 6.637999725341796875e+01 6.637999725341796875e+01
7.610000133514404297e+00 7.610000133514404297e+00 7.610000133514404297e+00 7.610000133514404297e+00
3.480000019073486328e+00 3.480000019073486328e+00 3.480000019073486328e+00 3.480000019073486328e+00
1.215299987792968750e+02 1.215299987792968750e+02 1.215299987792968750e+02 1.215299987792968750e+02
1.790099945068359375e+02 1.790099945068359375e+02 1.790099945068359375e+02 1.790099945068359375e+02
5.899860000610351562e+01 5.903929901123046875e+01 5.898469924926757812e+01 5.904619979858398438e+01
8.345600128173828125e+00 8.335399627685546875e+00 8.349100112915039062e+00 8.315799713134765625e+00
4.079999923706054688e+00 4.079999923706054688e+00 4.079999923706054688e+00 4.079999923706054688e+00
1.176600036621093750e+02 1.176600036621093750e+02 1.176600036621093750e+02 1.176600036621093750e+02
1.810700073242187500e+02 1.810700073242187500e+02 1.810700073242187500e+02 1.810700073242187500e+02
5.915000152587890625e+01 5.915000152587890625e+01 5.915000152587890625e+01 5.915000152587890625e+01
8.439999580383300781e+00 8.439999580383300781e+00 8.439999580383300781e+00 8.439999580383300781e+00
4.780000209808349609e+00 4.780000209808349609e+00 4.780000209808349609e+00 4.780000209808349609e+00
1.183000030517578125e+02 1.183000030517578125e+02 1.183000030517578125e+02 1.183000030517578125e+02
1.746300048828125000e+02 1.746300048828125000e+02 1.746300048828125000e+02 1.746300048828125000e+02
6.165000152587890625e+01 6.165000152587890625e+01 6.165000152587890625e+01 6.165000152587890625e+01
7.889999866485595703e+00 7.889999866485595703e+00 7.889999866485595703e+00 7.889999866485595703e+00
4.380000114440917969e+00 4.380000114440917969e+00 4.380000114440917969e+00 4.380000114440917969e+00
1.176808013916015625e+02 1.176531982421875000e+02 1.176806030273437500e+02 1.176807022094726562e+02
1.773800048828125000e+02 1.773800048828125000e+02 1.773800048828125000e+02 1.773800048828125000e+02
5.459999847412109375e+01 5.459999847412109375e+01 5.459999847412109375e+01 5.459999847412109375e+01
7.349999904632568359e+00 7.349999904632568359e+00 7.349999904632568359e+00 7.349999904632568359e+00
4.469999790191650391e+00 4.469999790191650391e+00 4.469999790191650391e+00 4.469999790191650391e+00
1.198199996948242188e+02 1.198199996948242188e+02 1.198199996948242188e+02 1.198199996948242188e+02
1.743099975585937500e+02 1.743099975585937500e+02 1.743099975585937500e+02 1.743099975585937500e+02
4.547999954223632812e+01 4.547999954223632812e+01 4.547999954223632812e+01 4.547999954223632812e+01
7.829999923706054688e+00 7.829999923706054688e+00 7.829999923706054688e+00 7.829999923706054688e+00
3.966200113296508789e+00 3.974900007247924805e+00 3.966200113296508789e+00 3.992399930953979492e+00
4.179999828338623047e+00 4.151299953460693359e+00 4.175499916076660156e+00 4.137499809265136719e+00
1.060100021362304688e+02 1.060100021362304688e+02 1.060100021362304688e+02 1.060100021362304688e+02
1.740599975585937500e+02 1.740599975585937500e+02 1.740599975585937500e+02 1.740599975585937500e+02
5.461000061035156250e+01 5.461000061035156250e+01 5.461000061035156250e+01 5.461000061035156250e+01
7.789999961853027344e+00 7.789999961853027344e+00 7.789999961853027344e+00 7.789999961853027344e+00
4.460000038146972656e+00 4.460000038146972656e+00 4.460000038146972656e+00 4.460000038146972656e+00
1.178300018310546875e+02 1.178300018310546875e+02 1.178300018310546875e+02 1.178300018310546875e+02
1.725218048095703125e+02 1.724178009033203125e+02 1.725583038330078125e+02 1.723782043457031250e+02
5.131000137329101562e+01 5.131000137329101562e+01 5.131000137329101562e+01 5.131000137329101562e+01
8.640000343322753906e+00 8.640000343322753906e+00 8.640000343322753906e+00 8.640000343322753906e+00
5.159999847412109375e+00 5.159999847412109375e+00 5.159999847412109375e+00 5.159999847412109375e+00
1.208524017333984375e+02 1.237938003540039062e+02 1.206511993408203125e+02 1.237871017456054688e+02
1.776600036621093750e+02 1.776600036621093750e+02 1.776600036621093750e+02 1.776600036621093750e+02
6.249000167846679688e+01 6.249000167846679688e+01 6.249000167846679688e+01 6.249000167846679688e+01
4.730000019073486328e+00 4.730000019073486328e+00 4.730000019073486328e+00 4.730000019073486328e+00
1.751300048828125000e+02 1.751300048828125000e+02 1.751300048828125000e+02 1.751300048828125000e+02
6.059999847412109375e+01 6.059999847412109375e+01 6.059999847412109375e+01 6.059999847412109375e+01
8.626600265502929688e+00 8.635499954223632812e+00 8.628999710083007812e+00 8.626700401306152344e+00
4.429999828338623047e+00 4.429999828338623047e+00 4.429999828338623047e+00 4.429999828338623047e+00
1.122699966430664062e+02 1.122699966430664062e+02 1.122699966430664062e+02 1.122699966430664062e+02
1.788800048828125000e+02 1.788800048828125000e+02 1.788800048828125000e+02 1.788800048828125000e+02
6.011999893188476562e+01 6.011999893188476562e+01 6.011999893188476562e+01 6.011999893188476562e+01
8.760000228881835938e+00 8.760000228881835938e+00 8.760000228881835938e+00 8.760000228881835938e+00
3.960000038146972656e+00 3.960000038146972656e+00 3.960000038146972656e+00 3.960000038146972656e+00
1.200100021362304688e+02 1.200100021362304688e+02 1.200100021362304688e+02 1.200100021362304688e+02
1.801399993896484375e+02 1.801399993896484375e+02 1.801399993896484375e+02 1.801399993896484375e+02
5.504000091552734375e+01 5.504000091552734375e+01 5.504000091552734375e+01 5.504000091552734375e+01
8.199999809265136719e+00 8.199999809265136719e+00 8.199999809265136719e+00 8.199999809265136719e+00
4.079999923706054688e+00 4.079999923706054688e+00 4.079999923706054688e+00 4.079999923706054688e+00
1.199700012207031250e+02 1.199700012207031250e+02 1.199700012207031250e+02 1.199700012207031250e+02
1.800000000000000000e+02 1.800000000000000000e+02 1.800000000000000000e+02 1.800000000000000000e+02
5.911999893188476562e+01 5.911999893188476562e+01 5.911999893188476562e+01 5.911999893188476562e+01
7.650000095367431641e+00 7.650000095367431641e+00 7.650000095367431641e+00 7.650000095367431641e+00
4.010000228881835938e+00 4.010000228881835938e+00 4.010000228881835938e+00 4.010000228881835938e+00
1.181699981689453125e+02 1.181699981689453125e+02 1.181699981689453125e+02 1.181699981689453125e+02
1.784199981689453125e+02 1.784199981689453125e+02 1.784199981689453125e+02 1.784199981689453125e+02
5.793000030517578125e+01 5.793000030517578125e+01 5.793000030517578125e+01 5.793000030517578125e+01
8.109999656677246094e+00 8.109999656677246094e+00 8.109999656677246094e+00 8.109999656677246094e+00
4.059999942779541016e+00 4.059999942779541016e+00 4.059999942779541016e+00 4.059999942779541016e+00
1.197200012207031250e+02 1.197200012207031250e+02 1.197200012207031250e+02 1.197200012207031250e+02
1.784100036621093750e+02 1.784100036621093750e+02 1.784100036621093750e+02 1.784100036621093750e+02
5.863999938964843750e+01 5.863999938964843750e+01 5.863999938964843750e+01 5.863999938964843750e+01
8.149999618530273438e+00 8.182900428771972656e+00 8.149999618530273438e+00 8.182399749755859375e+00
3.819999933242797852e+00 3.819999933242797852e+00 3.819999933242797852e+00 3.819999933242797852e+00
1.175599975585937500e+02 1.175599975585937500e+02 1.175599975585937500e+02 1.175599975585937500e+02
1.784900054931640625e+02 1.784900054931640625e+02 1.784900054931640625e+02 1.784900054931640625e+02
5.761999893188476562e+01 5.761999893188476562e+01 5.761999893188476562e+01 5.761999893188476562e+01
8.039999961853027344e+00 8.039999961853027344e+00 8.039999961853027344e+00 8.039999961853027344e+00
4.400000095367431641e+00 4.400000095367431641e+00 4.400000095367431641e+00 4.400000095367431641e+00
1.193300018310546875e+02 1.193300018310546875e+02 1.193300018310546875e+02 1.193300018310546875e+02
1.787799987792968750e+02 1.787799987792968750e+02 1.787799987792968750e+02 1.787799987792968750e+02
5.941999816894531250e+01 5.941999816894531250e+01 5.941999816894531250e+01 5.941999816894531250e+01
7.829999923706054688e+00 7.829999923706054688e+00 7.829999923706054688e+00 7.829999923706054688e+00
4.019999980926513672e+00 4.019999980926513672e+00 4.019999980926513672e+00 4.019999980926513672e+00
1.186100006103515625e+02 1.186100006103515625e+02 1.186100006103515625e+02 1.186100006103515625e+02
1.776600036621093750e+02 1.776600036621093750e+02 1.776600036621093750e+02 1.776600036621093750e+02
6.362319946289062500e+01 6.372940063476562500e+01 6.365940093994140625e+01 6.359999847412109375e+01
7.679999828338623047e+00 7.679999828338623047e+00 7.679999828338623047e+00 7.679999828338623047e+00
3.490000009536743164e+00 3.490000009536743164e+00 3.490000009536743164e+00 3.490000009536743164e+00
1.175100021362304688e+02 1.175100021362304688e+02 1.175100021362304688e+02 1.175100021362304688e+02
1.773200073242187500e+02 1.773200073242187500e+02 1.773200073242187500e+02 1.773200073242187500e+02
5.600999832153320312e+01 5.600999832153320312e+01 5.600999832153320312e+01 5.600999832153320312e+01
8.520000457763671875e+00 8.520000457763671875e+00 8.520000457763671875e+00 8.520000457763671875e+00
4.369999885559082031e+00 4.369999885559082031e+00 4.369999885559082031e+00 4.369999885559082031e+00
1.170699996948242188e+02 1.170699996948242188e+02 1.170699996948242188e+02 1.170699996948242188e+02
1.774900054931640625e+02 1.774900054931640625e+02 1.774900054931640625e+02 1.774900054931640625e+02
5.891999816894531250e+01 5.891999816894531250e+01 5.891999816894531250e+01 5.891999816894531250e+01
7.559999942779541016e+00 7.559999942779541016e+00 7.559999942779541016e+00 7.559999942779541016e+00
4.019999980926513672e+00 4.019999980926513672e+00 4.019999980926513672e+00 4.019999980926513672e+00
1.157399978637695312e+02 1.157399978637695312e+02 1.157399978637695312e+02 1.157399978637695312e+02
1.756900024414062500e+02 1.756900024414062500e+02 1.756900024414062500e+02 1.756900024414062500e+02
6.098149871826171875e+01 6.098089981079101562e+01 6.098400115966796875e+01 6.101340103149414062e+01
7.190000057220458984e+00 7.190000057220458984e+00 7.190000057220458984e+00 7.190000057220458984e+00
4.361800193786621094e+00 4.384200096130371094e+00 4.370399951934814453e+00 4.360499858856201172e+00
1.103033981323242188e+02 1.103126983642578125e+02 1.103733978271484375e+02 1.102226028442382812e+02
1.761600036621093750e+02 1.761600036621093750e+02 1.761600036621093750e+02 1.761600036621093750e+02
5.386999893188476562e+01 5.386999893188476562e+01 5.386999893188476562e+01 5.386999893188476562e+01
7.765600204467773438e+00 7.819300174713134766e+00 7.843299865722656250e+00 7.764400005340576172e+00
4.619999885559082031e+00 4.619999885559082031e+00 4.619999885559082031e+00 4.619999885559082031e+00
1.211600036621093750e+02 1.211600036621093750e+02 1.211600036621093750e+02 1.211600036621093750e+02
1.785399932861328125e+02 1.785399932861328125e+02 1.785399932861328125e+02 1.785399932861328125e+02
5.427999877929687500e+01 5.427999877929687500e+01 5.427999877929687500e+01 5.427999877929687500e+01
8.449999809265136719e+00 8.449999809265136719e+00 8.449999809265136719e+00 8.449999809265136719e+00
4.179999828338623047e+00 4.179999828338623047e+00 4.179999828338623047e+00 4.179999828338623047e+00
1.309006958007812500e+02 1.310899963378906250e+02 1.310899963378906250e+02 1.309020996093750000e+02
1.777500000000000000e+02 1.777500000000000000e+02 1.777500000000000000e+02 1.777500000000000000e+02
5.272999954223632812e+01 5.272999954223632812e+01 5.272999954223632812e+01 5.272999954223632812e+01
8.119999885559082031e+00 8.119999885559082031e+00 8.119999885559082031e+00 8.119999885559082031e+00
4.619999885559082031e+00 4.619999885559082031e+00 4.619999885559082031e+00 4.619999885559082031e+00
1.131500015258789062e+02 1.131500015258789062e+02 1.131500015258789062e+02 1.131500015258789062e+02
1.748500061035156250e+02 1.748500061035156250e+02 1.748500061035156250e+02 1.748500061035156250e+02
4.711999893188476562e+01 4.711999893188476562e+01 4.711999893188476562e+01 4.711999893188476562e+01
7.530000209808349609e+00 7.530000209808349609e+00 7.530000209808349609e+00 7.530000209808349609e+00
3.895200014114379883e+00 3.895200014114379883e+00 3.895200014114379883e+00 3.895200014114379883e+00
3.869999885559082031e+00 3.869999885559082031e+00 3.869999885559082031e+00 3.869999885559082031e+00
1.076100006103515625e+02 1.076100006103515625e+02 1.076100006103515625e+02 1.076100006103515625e+02
1.767599945068359375e+02 1.767599945068359375e+02 1.767599945068359375e+02 1.767599945068359375e+02
5.265999984741210938e+01 5.265999984741210938e+01 5.265999984741210938e+01 5.265999984741210938e+01
8.039999961853027344e+00 8.039999961853027344e+00 8.039999961853027344e+00 8.039999961853027344e+00
4.619999885559082031e+00 4.619999885559082031e+00 4.619999885559082031e+00 4.619999885559082031e+00
1.177399978637695312e+02 1.177399978637695312e+02 1.177399978637695312e+02 1.177399978637695312e+02
1.731699981689453125e+02 1.731699981689453125e+02 1.731699981689453125e+02 1.731699981689453125e+02
4.559999847412109375e+01 4.559999847412109375e+01 4.559999847412109375e+01 4.559999847412109375e+01
1.027960014343261719e+01 1.031589984893798828e+01 1.030150032043457031e+01 1.030790042877197266e+01
3.922100067138671875e+00 3.979099988937377930e+00 3.979099988937377930e+00 3.979099988937377930e+00
4.170000076293945312e+00 4.145899772644042969e+00 4.142000198364257812e+00 4.145899772644042969e+00
1.118639984130859375e+02 1.118881988525390625e+02 1.118570022583007812e+02 1.118132019042968750e+02
1.731199951171875000e+02 1.731199951171875000e+02 1.731199951171875000e+02 1.731199951171875000e+02
5.961000061035156250e+01 5.961000061035156250e+01 5.961000061035156250e+01 5.961000061035156250e+01
7.650000095367431641e+00 7.650000095367431641e+00 7.650000095367431641e+00 7.650000095367431641e+00
4.739999771118164062e+00 4.739999771118164062e+00 4.739999771118164062e+00 4.739999771118164062e+00
1.084400024414062500e+02 1.084400024414062500e+02 1.084400024414062500e+02 1.084400024414062500e+02
1.754499969482421875e+02 1.754499969482421875e+02 1.754499969482421875e+02 1.754499969482421875e+02
6.009999847412109375e+01 6.009999847412109375e+01 6.009999847412109375e+01 6.009999847412109375e+01
8.890000343322753906e+00 8.890000343322753906e+00 8.890000343322753906e+00 8.890000343322753906e+00
5.159999847412109375e+00 5.159999847412109375e+00 5.159999847412109375e+00 5.159999847412109375e+00
1.232699966430664062e+02 1.232699966430664062e+02 1.232699966430664062e+02 1.232699966430664062e+02
1.762700042724609375e+02 1.762700042724609375e+02 1.762700042724609375e+02 1.762700042724609375e+02
5.225000000000000000e+01 5.225000000000000000e+01 5.225000000000000000e+01 5.225000000000000000e+01
8.789999961853027344e+00 8.789999961853027344e+00 8.789999961853027344e+00 8.789999961853027344e+00
5.340000152587890625e+00 5.340000152587890625e+00 5.340000152587890625e+00 5.340000152587890625e+00
1.275500030517578125e+02 1.275500030517578125e+02 1.275500030517578125e+02 1.275500030517578125e+02
1.739319000244140625e+02 1.739978942871093750e+02 1.739055023193359375e+02 1.739508056640625000e+02
6.365999984741210938e+01 6.365999984741210938e+01 6.365999984741210938e+01 6.365999984741210938e+01
8.880000114440917969e+00 8.880000114440917969e+00 8.880000114440917969e+00 8.880000114440917969e+00
3.949800014495849609e+00 3.961299896240234375e+00 3.945499897003173828e+00 3.950200080871582031e+00
1.180699996948242188e+02 1.180699996948242188e+02 1.180699996948242188e+02 1.180699996948242188e+02
1.799499969482421875e+02 1.799499969482421875e+02 1.799499969482421875e+02 1.799499969482421875e+02
6.669999694824218750e+01 6.669999694824218750e+01 6.669999694824218750e+01 6.669999694824218750e+01
3.849999904632568359e+00 3.849999904632568359e+00 3.849999904632568359e+00 3.849999904632568359e+00
1.786999969482421875e+02 1.786999969482421875e+02 1.786999969482421875e+02 1.786999969482421875e+02
5.879999923706054688e+01 5.879999923706054688e+01 5.879999923706054688e+01 5.879999923706054688e+01
8.392299652099609375e+00 8.500200271606445312e+00 8.491399765014648438e+00 8.410499572753906250e+00
4.090000152587890625e+00 4.090000152587890625e+00 4.090000152587890625e+00 4.090000152587890625e+00
1.169499969482421875e+02 1.169499969482421875e+02 1.169499969482421875e+02 1.169499969482421875e+02
1.769600067138671875e+02 1.769600067138671875e+02 1.769600067138671875e+02 1.769600067138671875e+02
6.129000091552734375e+01 6.129000091552734375e+01 6.129000091552734375e+01 6.129000091552734375e+01
8.502200126647949219e+00 8.604599952697753906e+00 8.518699645996093750e+00 8.519000053405761719e+00
3.940000057220458984e+00 3.940000057220458984e+00 3.940000057220458984e+00 3.940000057220458984e+00
1.229100036621093750e+02 1.229100036621093750e+02 1.229100036621093750e+02 1.229100036621093750e+02
1.789400024414062500e+02 1.789400024414062500e+02 1.789400024414062500e+02 1.789400024414062500e+02
5.800999832153320312e+01 5.800999832153320312e+01 5.800999832153320312e+01 5.800999832153320312e+01
8.329999923706054688e+00 8.329999923706054688e+00 8.329999923706054688e+00 8.329999923706054688e+00
3.306200027465820312e+00 3.416800022125244141e+00 3.329999923706054688e+00 3.329999923706054688e+00
1.184468002319335938e+02 1.182600021362304688e+02 1.182600021362304688e+02 1.184462966918945312e+02
1.758399963378906250e+02 1.758399963378906250e+02 1.758399963378906250e+02 1.758399963378906250e+02
6.662999725341796875e+01 6.662999725341796875e+01 6.662999725341796875e+01 6.662999725341796875e+01
7.460000038146972656e+00 7.513100147247314453e+00 7.460000038146972656e+00 7.460000038146972656e+00
3.730000019073486328e+00 3.730000019073486328e+00 3.730000019073486328e+00 3.730000019073486328e+00
1.145000000000000000e+02 1.145000000000000000e+02 1.145000000000000000e+02 1.145000000000000000e+02
1.780299987792968750e+02 1.780299987792968750e+02 1.780299987792968750e+02 1.780299987792968750e+02
5.879150009155273438e+01 5.880739974975585938e+01 5.872790145874023438e+01 5.878969955444335938e+01
7.750000000000000000e+00 7.750000000000000000e+00 7.750000000000000000e+00 7.750000000000000000e+00
3.780900001525878906e+00 3.800400018692016602e+00 3.792299985885620117e+00 3.769799947738647461e+00
1.209499969482421875e+02 1.209499969482421875e+02 1.209499969482421875e+02 1.209499969482421875e+02
1.784100036621093750e+02 1.784100036621093750e+02 1.784100036621093750e+02 1.784100036621093750e+02
5.624079895019531250e+01 5.816439819335937500e+01 5.620669937133789062e+01 5.633399963378906250e+01
8.010000228881835938e+00 8.010000228881835938e+00 8.010000228881835938e+00 8.010000228881835938e+00
3.921099901199340820e+00 3.889899969100952148e+00 3.980000019073486328e+00 3.898699998855590820e+00
1.164357986450195312e+02 1.162370986938476562e+02 1.163337020874023438e+02 1.165167999267578125e+02
1.795000000000000000e+02 1.795000000000000000e+02 1.795000000000000000e+02 1.795000000000000000e+02
5.450999832153320312e+01 5.450999832153320312e+01 5.450999832153320312e+01 5.450999832153320312e+01
8.170000076293945312e+00 8.170000076293945312e+00 8.170000076293945312e+00 8.136300086975097656e+00
4.059999942779541016e+00 4.059999942779541016e+00 4.059999942779541016e+00 4.059999942779541016e+00
1.215699996948242188e+02 1.215699996948242188e+02 1.215699996948242188e+02 1.215699996948242188e+02
1.776199951171875000e+02 1.776199951171875000e+02 1.776199951171875000e+02 1.776199951171875000e+02
5.818000030517578125e+01 5.818000030517578125e+01 5.818000030517578125e+01 5.828599929809570312e+01
7.559999942779541016e+00 7.559999942779541016e+00 7.559999942779541016e+00 7.559999942779541016e+00
4.059999942779541016e+00 4.059999942779541016e+00 4.059999942779541016e+00 4.059999942779541016e+00
1.158199996948242188e+02 1.158199996948242188e+02 1.158199996948242188e+02 1.158199996948242188e+02
1.776602020263671875e+02 1.775000000000000000e+02 1.775000000000000000e+02 1.775000000000000000e+02
5.757279968261718750e+01 5.760060119628906250e+01 5.788359832763671875e+01 5.812860107421875000e+01
7.926300048828125000e+00 8.014200210571289062e+00 8.040499687194824219e+00 7.915400028228759766e+00
4.199999809265136719e+00 4.199999809265136719e+00 4.199999809265136719e+00 4.199999809265136719e+00
1.181381988525390625e+02 1.179199981689453125e+02 1.179199981689453125e+02 1.179199981689453125e+02
1.764933929443359375e+02 1.763300018310546875e+02 1.764338073730468750e+02 1.771029052734375000e+02
5.661000061035156250e+01 5.661000061035156250e+01 5.762459945678710938e+01 5.772959899902343750e+01
7.800000190734863281e+00 7.800000190734863281e+00 7.857800006866455078e+00 7.800000190734863281e+00
4.329999923706054688e+00 4.307000160217285156e+00 4.292399883270263672e+00 4.291399955749511719e+00
1.178499984741210938e+02 1.178499984741210938e+02 1.178499984741210938e+02 1.178499984741210938e+02
1.763717956542968750e+02 1.762899932861328125e+02 1.762899932861328125e+02 1.777816009521484375e+02
5.659999847412109375e+01 5.659999847412109375e+01 5.659999847412109375e+01 5.756940078735351562e+01
7.820000171661376953e+00 7.820000171661376953e+00 7.820000171661376953e+00 7.861499786376953125e+00
4.300000190734863281e+00 4.300000190734863281e+00 4.300000190734863281e+00 4.267799854278564453e+00
1.196999969482421875e+02 1.196999969482421875e+02 1.193168029785156250e+02 1.191326980590820312e+02
1.764799957275390625e+02 1.763527069091796875e+02 1.764799957275390625e+02 1.764799957275390625e+02
5.383459854125976562e+01 5.402149963378906250e+01 5.465000152587890625e+01 5.507949829101562500e+01
8.154999732971191406e+00 8.220000267028808594e+00 8.182000160217285156e+00 8.072699546813964844e+00
4.670000076293945312e+00 4.670000076293945312e+00 4.670000076293945312e+00 4.670000076293945312e+00
1.196100006103515625e+02 1.211735992431640625e+02 1.205775985717773438e+02 1.206828002929687500e+02
1.744299926757812500e+02 1.744299926757812500e+02 1.744299926757812500e+02 1.741999969482421875e+02
6.356309890747070312e+01 6.224000167846679688e+01 6.224000167846679688e+01 6.224000167846679688e+01
8.118100166320800781e+00 8.088500022888183594e+00 8.087100028991699219e+00 8.029999732971191406e+00
3.971499919891357422e+00 4.309999942779541016e+00 4.331699848175048828e+00 4.309999942779541016e+00
1.137600021362304688e+02 1.130856018066406250e+02 1.108638000488281250e+02 1.137600021362304688e+02
1.766638946533203125e+02 1.765299987792968750e+02 1.764225006103515625e+02 1.765299987792968750e+02
5.527339935302734375e+01 5.468999862670898438e+01 5.468999862670898438e+01 5.429809951782226562e+01
8.380000114440917969e+00 8.380000114440917969e+00 8.348999977111816406e+00 8.380000114440917969e+00
4.651199817657470703e+00 4.652200222015380859e+00 4.690000057220458984e+00 4.718299865722656250e+00
1.223899993896484375e+02 1.220706024169921875e+02 1.223899993896484375e+02 1.227590026855468750e+02
1.753000030517578125e+02 1.753000030517578125e+02 1.753000030517578125e+02 1.753000030517578125e+02
5.909999847412109375e+01 5.909999847412109375e+01 5.909999847412109375e+01 5.909999847412109375e+01
8.319999694824218750e+00 8.319999694824218750e+00 8.319999694824218750e+00 8.319999694824218750e+00
4.460000038146972656e+00 4.405099868774414062e+00 4.460000038146972656e+00 4.460000038146972656e+00
1.146690979003906250e+02 1.157606964111328125e+02 1.161399993896484375e+02 1.161399993896484375e+02
1.779138031005859375e+02 1.778099975585937500e+02 1.778099975585937500e+02 1.779976959228515625e+02
5.907550048828125000e+01 5.908520126342773438e+01 5.905690002441406250e+01 5.921989822387695312e+01
8.500000000000000000e+00 8.500000000000000000e+00 8.629500389099121094e+00 8.695899963378906250e+00
4.130000114440917969e+00 4.130000114440917969e+00 4.130000114440917969e+00 4.130000114440917969e+00
1.220500030517578125e+02 1.220500030517578125e+02 1.220500030517578125e+02 1.220500030517578125e+02
1.785500030517578125e+02 1.785500030517578125e+02 1.785500030517578125e+02 1.785500030517578125e+02
5.954999923706054688e+01 5.954999923706054688e+01 5.954999923706054688e+01 5.954999923706054688e+01
8.241900444030761719e+00 8.310000419616699219e+00 8.372699737548828125e+00 8.274900436401367188e+00
4.039999961853027344e+00 4.039999961853027344e+00 4.039999961853027344e+00 4.039999961853027344e+00
1.186131973266601562e+02 1.185796966552734375e+02 1.188099975585937500e+02 1.186260986328125000e+02
1.794799957275390625e+02 1.794799957275390625e+02 1.793605957031250000e+02 1.794799957275390625e+02
5.938000106811523438e+01 5.938000106811523438e+01 5.938000106811523438e+01 5.938000106811523438e+01
8.079999923706054688e+00 8.031399726867675781e+00 8.048000335693359375e+00 8.044899940490722656e+00
4.139999866485595703e+00 4.139999866485595703e+00 4.139999866485595703e+00 4.139999866485595703e+00
1.184679031372070312e+02 1.187826004028320312e+02 1.186007995605468750e+02 1.184981002807617188e+02
1.778000030517578125e+02 1.778000030517578125e+02 1.778000030517578125e+02 1.778000030517578125e+02
6.477999877929687500e+01 6.477999877929687500e+01 6.477999877929687500e+01 6.477999877929687500e+01
8.144300460815429688e+00 8.162699699401855469e+00 8.068200111389160156e+00 8.137499809265136719e+00
4.000000000000000000e+00 4.000000000000000000e+00 4.000000000000000000e+00 4.000000000000000000e+00
1.213499984741210938e+02 1.213499984741210938e+02 1.213499984741210938e+02 1.213499984741210938e+02
1.792200012207031250e+02 1.792200012207031250e+02 1.792200012207031250e+02 1.792200012207031250e+02
6.011999893188476562e+01 6.011999893188476562e+01 6.011999893188476562e+01 6.011999893188476562e+01
8.369999885559082031e+00 8.369999885559082031e+00 8.369999885559082031e+00 8.369999885559082031e+00
4.150000095367431641e+00 4.150000095367431641e+00 4.150000095367431641e+00 4.150000095367431641e+00
1.210000000000000000e+02 1.210000000000000000e+02 1.210000000000000000e+02 1.210000000000000000e+02
1.784600067138671875e+02 1.784600067138671875e+02 1.784600067138671875e+02 1.784600067138671875e+02
5.904999923706054688e+01 5.904999923706054688e+01 5.904999923706054688e+01 5.904999923706054688e+01
8.050000190734863281e+00 8.050000190734863281e+00 8.013400077819824219e+00 8.050000190734863281e+00
4.119999885559082031e+00 4.119999885559082031e+00 4.119999885559082031e+00 4.119999885559082031e+00
1.179700012207031250e+02 1.181872024536132812e+02 1.182502975463867188e+02 1.181726989746093750e+02
1.791100006103515625e+02 1.791100006103515625e+02 1.791100006103515625e+02 1.791100006103515625e+02
5.509999847412109375e+01 5.509999847412109375e+01 5.509999847412109375e+01 5.509999847412109375e+01
7.929999828338623047e+00 7.929999828338623047e+00 7.929999828338623047e+00 7.929999828338623047e+00
4.179999828338623047e+00 4.179999828338623047e+00 4.156499862670898438e+00 4.179999828338623047e+00
1.212399978637695312e+02 1.212399978637695312e+02 1.212399978637695312e+02 1.212399978637695312e+02
1.763699951171875000e+02 1.763699951171875000e+02 1.763699951171875000e+02 1.763699951171875000e+02
6.216999816894531250e+01 6.216999816894531250e+01 6.216999816894531250e+01 6.216999816894531250e+01
8.463199615478515625e+00 8.520000457763671875e+00 8.520000457763671875e+00 8.520000457763671875e+00
3.506900072097778320e+00 3.521100044250488281e+00 3.513700008392333984e+00 3.540100097656250000e+00
1.181800003051757812e+02 1.181800003051757812e+02 1.181800003051757812e+02 1.181800003051757812e+02
1.781000061035156250e+02 1.781000061035156250e+02 1.781000061035156250e+02 1.781000061035156250e+02
5.886000061035156250e+01 5.886000061035156250e+01 5.886000061035156250e+01 5.886000061035156250e+01
7.630000114440917969e+00 7.630000114440917969e+00 7.630000114440917969e+00 7.630000114440917969e+00
3.869999885559082031e+00 3.869999885559082031e+00 3.869999885559082031e+00 3.869999885559082031e+00
1.158024978637695312e+02 1.165935974121093750e+02 1.165796966552734375e+02 1.163900985717773438e+02
1.772799987792968750e+02 1.772799987792968750e+02 1.772799987792968750e+02 1.772799987792968750e+02
6.566999816894531250e+01 6.566999816894531250e+01 6.566999816894531250e+01 6.566999816894531250e+01
7.510000228881835938e+00 7.510000228881835938e+00 7.510000228881835938e+00 7.510000228881835938e+00
3.500000000000000000e+00 3.500000000000000000e+00 3.500000000000000000e+00 3.500000000000000000e+00
1.176900024414062500e+02 1.176900024414062500e+02 1.176900024414062500e+02 1.176900024414062500e+02
1.768899993896484375e+02 1.768899993896484375e+02 1.768899993896484375e+02 1.768899993896484375e+02
5.999000167846679688e+01 5.999000167846679688e+01 5.999000167846679688e+01 5.999000167846679688e+01
7.500000000000000000e+00 7.500000000000000000e+00 7.500000000000000000e+00 7.500000000000000000e+00
4.219999790191650391e+00 4.219999790191650391e+00 4.219999790191650391e+00 4.240499973297119141e+00
1.160695037841796875e+02 1.158300018310546875e+02 1.158300018310546875e+02 1.158300018310546875e+02
1.773800048828125000e+02 1.773800048828125000e+02 1.773800048828125000e+02 1.773800048828125000e+02
5.236000061035156250e+01 5.236000061035156250e+01 5.236000061035156250e+01 5.236000061035156250e+01
7.789999961853027344e+00 7.789999961853027344e+00 7.967800140380859375e+00 7.789999961853027344e+00
4.519999980926513672e+00 4.519999980926513672e+00 4.519999980926513672e+00 4.519999980926513672e+00
1.163499984741210938e+02 1.163499984741210938e+02 1.163499984741210938e+02 1.163499984741210938e+02
1.781799926757812500e+02 1.780962066650390625e+02 1.780653991699218750e+02 1.781799926757812500e+02
5.900000000000000000e+01 5.900000000000000000e+01 5.900000000000000000e+01 5.900000000000000000e+01
7.679999828338623047e+00 7.679999828338623047e+00 7.679999828338623047e+00 7.679999828338623047e+00
3.890000104904174805e+00 3.890000104904174805e+00 3.890000104904174805e+00 3.890000104904174805e+00
1.252300033569335938e+02 1.252300033569335938e+02 1.252300033569335938e+02 1.252300033569335938e+02
1.776199951171875000e+02 1.775001983642578125e+02 1.775099945068359375e+02 1.776199951171875000e+02
5.308000183105468750e+01 5.308000183105468750e+01 5.308000183105468750e+01 5.308000183105468750e+01
8.180000305175781250e+00 8.180000305175781250e+00 8.180000305175781250e+00 8.180000305175781250e+00
4.539999961853027344e+00 4.539999961853027344e+00 4.539999961853027344e+00 4.539999961853027344e+00
1.137621002197265625e+02 1.137664031982421875e+02 1.137483978271484375e+02 1.137873001098632812e+02
1.750000000000000000e+02 1.750000000000000000e+02 1.750000000000000000e+02 1.750000000000000000e+02
4.704000091552734375e+01 4.704000091552734375e+01 4.704000091552734375e+01 4.704000091552734375e+01
7.739999771118164062e+00 7.739999771118164062e+00 7.739999771118164062e+00 7.739999771118164062e+00
3.929100036621093750e+00 3.923000097274780273e+00 3.923000097274780273e+00 3.932100057601928711e+00
3.829999923706054688e+00 3.829999923706054688e+00 3.829999923706054688e+00 3.829999923706054688e+00
1.085400009155273438e+02 1.085400009155273438e+02 1.085400009155273438e+02 1.085400009155273438e+02
1.759799957275390625e+02 1.759799957275390625e+02 1.759799957275390625e+02 1.759799957275390625e+02
5.275000000000000000e+01 5.275000000000000000e+01 5.275000000000000000e+01 5.275000000000000000e+01
8.289999961853027344e+00 8.289999961853027344e+00 8.289999961853027344e+00 8.289999961853027344e+00
4.630000114440917969e+00 4.630000114440917969e+00 4.630000114440917969e+00 4.630000114440917969e+00
1.188300018310546875e+02 1.188300018310546875e+02 1.188300018310546875e+02 1.188300018310546875e+02
1.724441070556640625e+02 1.723099975585937500e+02 1.724815063476562500e+02 1.723099975585937500e+02
4.500000000000000000e+01 4.500000000000000000e+01 4.500000000000000000e+01 4.500000000000000000e+01
9.311800003051757812e+00 9.698599815368652344e+00 9.440699577331542969e+00 1.025739955902099609e+01
4.131400108337402344e+00 4.130400180816650391e+00 4.131400108337402344e+00 4.054699897766113281e+00
4.019999980926513672e+00 4.019999980926513672e+00 4.019999980926513672e+00 4.019999980926513672e+00
1.116499023437500000e+02 1.116094970703125000e+02 1.116548995971679688e+02 1.116474990844726562e+02
1.754600067138671875e+02 1.754600067138671875e+02 1.754600067138671875e+02 1.754600067138671875e+02
6.034999847412109375e+01 6.034999847412109375e+01 6.034999847412109375e+01 6.034999847412109375e+01
1.009000015258789062e+01 1.009000015258789062e+01 1.009000015258789062e+01 1.009000015258789062e+01
4.820000171661376953e+00 4.820000171661376953e+00 4.820000171661376953e+00 4.820000171661376953e+00
1.267099990844726562e+02 1.267099990844726562e+02 1.267099990844726562e+02 1.267099990844726562e+02
1.751600036621093750e+02 1.751600036621093750e+02 1.751600036621093750e+02 1.751600036621093750e+02
5.590999984741210938e+01 5.590999984741210938e+01 5.590999984741210938e+01 5.590999984741210938e+01
8.949999809265136719e+00 9.011400222778320312e+00 8.949999809265136719e+00 9.102399826049804688e+00
4.829999923706054688e+00 4.829999923706054688e+00 4.829999923706054688e+00 4.829999923706054688e+00
1.231100006103515625e+02 1.231100006103515625e+02 1.231100006103515625e+02 1.231100006103515625e+02
1.792400054931640625e+02 1.792400054931640625e+02 1.792400054931640625e+02 1.792400054931640625e+02
5.600000000000000000e+01 5.600000000000000000e+01 5.600000000000000000e+01 5.600000000000000000e+01
9.159999847412109375e+00 9.159999847412109375e+00 9.159999847412109375e+00 9.159999847412109375e+00
3.900000095367431641e+00 3.900000095367431641e+00 3.900000095367431641e+00 3.900000095367431641e+00
1.222799987792968750e+02 1.222799987792968750e+02 1.222799987792968750e+02 1.222799987792968750e+02
1.812299957275390625e+02 1.812299957275390625e+02 1.812299957275390625e+02 1.812299957275390625e+02
5.515999984741210938e+01 5.515999984741210938e+01 5.515999984741210938e+01 5.515999984741210938e+01
8.180000305175781250e+00 8.180000305175781250e+00 8.180000305175781250e+00 8.180000305175781250e+00
4.019999980926513672e+00 4.019999980926513672e+00 4.019999980926513672e+00 4.019999980926513672e+00
1.175999984741210938e+02 1.175999984741210938e+02 1.175999984741210938e+02 1.175999984741210938e+02
1.791699981689453125e+02 1.791699981689453125e+02 1.791699981689453125e+02 1.791699981689453125e+02
5.934000015258789062e+01 5.934000015258789062e+01 5.934000015258789062e+01 5.934000015258789062e+01
7.800000190734863281e+00 7.800000190734863281e+00 7.800000190734863281e+00 7.800000190734863281e+00
4.039999961853027344e+00 4.039999961853027344e+00 4.039999961853027344e+00 4.039999961853027344e+00
1.190199966430664062e+02 1.190199966430664062e+02 1.190199966430664062e+02 1.190199966430664062e+02
1.784199981689453125e+02 1.784199981689453125e+02 1.784199981689453125e+02 1.784199981689453125e+02
5.831000137329101562e+01 5.831000137329101562e+01 5.831000137329101562e+01 5.831000137329101562e+01
8.550000190734863281e+00 8.550000190734863281e+00 8.550000190734863281e+00 8.550000190734863281e+00
4.090000152587890625e+00 4.090000152587890625e+00 4.090000152587890625e+00 4.090000152587890625e+00
1.203799972534179688e+02 1.203799972534179688e+02 1.203799972534179688e+02 1.203799972534179688e+02
1.785500030517578125e+02 1.785500030517578125e+02 1.785500030517578125e+02 1.785500030517578125e+02
5.988999938964843750e+01 5.988999938964843750e+01 5.988999938964843750e+01 5.988999938964843750e+01
8.489999771118164062e+00 8.489999771118164062e+00 8.489999771118164062e+00 8.489999771118164062e+00
3.789999961853027344e+00 3.789999961853027344e+00 3.789999961853027344e+00 3.789999961853027344e+00
1.167699966430664062e+02 1.167699966430664062e+02 1.167699966430664062e+02 1.167699966430664062e+02
1.772899932861328125e+02 1.772899932861328125e+02 1.772899932861328125e+02 1.772899932861328125e+02
5.954000091552734375e+01 5.954000091552734375e+01 5.954000091552734375e+01 5.954000091552734375e+01
7.869999885559082031e+00 7.869999885559082031e+00 7.869999885559082031e+00 7.869999885559082031e+00
4.309999942779541016e+00 4.309999942779541016e+00 4.309999942779541016e+00 4.309999942779541016e+00
1.180199966430664062e+02 1.180199966430664062e+02 1.180199966430664062e+02 1.180199966430664062e+02
1.778999938964843750e+02 1.778999938964843750e+02 1.778999938964843750e+02 1.778999938964843750e+02
6.604000091552734375e+01 6.604000091552734375e+01 6.604000091552734375e+01 6.604000091552734375e+01
7.889999866485595703e+00 7.928400039672851562e+00 7.889999866485595703e+00 7.889999866485595703e+00
3.512300014495849609e+00 3.490000009536743164e+00 3.490000009536743164e+00 3.490000009536743164e+00
1.180999984741210938e+02 1.180999984741210938e+02 1.180999984741210938e+02 1.180999984741210938e+02
1.784799957275390625e+02 1.784799957275390625e+02 1.784799957275390625e+02 1.784799957275390625e+02
5.761999893188476562e+01 5.761999893188476562e+01 5.761999893188476562e+01 5.761999893188476562e+01
8.199999809265136719e+00 8.199999809265136719e+00 8.199999809265136719e+00 8.199999809265136719e+00
4.329999923706054688e+00 4.329999923706054688e+00 4.329999923706054688e+00 4.329999923706054688e+00
1.159000015258789062e+02 1.159000015258789062e+02 1.159000015258789062e+02 1.159000015258789062e+02
1.773399963378906250e+02 1.773399963378906250e+02 1.773399963378906250e+02 1.773399963378906250e+02
6.569000244140625000e+01 6.569000244140625000e+01 6.569000244140625000e+01 6.569000244140625000e+01
8.090000152587890625e+00 8.090000152587890625e+00 8.090000152587890625e+00 8.090000152587890625e+00
4.179999828338623047e+00 4.179999828338623047e+00 4.179999828338623047e+00 4.179999828338623047e+00
1.139599990844726562e+02 1.141760025024414062e+02 1.141932983398437500e+02 1.141586990356445312e+02
1.761199951171875000e+02 1.761199951171875000e+02 1.761199951171875000e+02 1.761199951171875000e+02
5.565000152587890625e+01 5.565000152587890625e+01 5.565000152587890625e+01 5.565000152587890625e+01
7.869999885559082031e+00 7.869999885559082031e+00 7.869999885559082031e+00 7.869999885559082031e+00
4.500000000000000000e+00 4.500000000000000000e+00 4.500000000000000000e+00 4.500000000000000000e+00
1.213499984741210938e+02 1.213499984741210938e+02 1.213499984741210938e+02 1.213499984741210938e+02
1.772599945068359375e+02 1.772599945068359375e+02 1.772599945068359375e+02 1.772599945068359375e+02
5.543000030517578125e+01 5.543000030517578125e+01 5.543000030517578125e+01 5.543000030517578125e+01
7.820000171661376953e+00 7.820000171661376953e+00 7.820000171661376953e+00 7.820000171661376953e+00
4.300000190734863281e+00 4.300000190734863281e+00 4.300000190734863281e+00 4.300000190734863281e+00
1.182500000000000000e+02 1.182500000000000000e+02 1.182500000000000000e+02 1.182500000000000000e+02
1.742700042724609375e+02 1.742700042724609375e+02 1.742700042724609375e+02 1.742700042724609375e+02
4.536000061035156250e+01 4.536000061035156250e+01 4.536000061035156250e+01 4.536000061035156250e+01
7.820000171661376953e+00 7.820000171661376953e+00 7.820000171661376953e+00 7.820000171661376953e+00
3.999399900436401367e+00 3.997600078582763672e+00 3.987200021743774414e+00 4.004700183868408203e+00
4.045100212097167969e+00 4.055399894714355469e+00 4.060200214385986328e+00 4.060200214385986328e+00
1.059700012207031250e+02 1.059700012207031250e+02 1.059700012207031250e+02 1.059700012207031250e+02
1.754600067138671875e+02 1.754600067138671875e+02 1.754600067138671875e+02 1.754600067138671875e+02
5.547999954223632812e+01 5.547999954223632812e+01 5.547999954223632812e+01 5.547999954223632812e+01
7.880000114440917969e+00 7.880000114440917969e+00 7.880000114440917969e+00 7.880000114440917969e+00
4.389999866485595703e+00 4.389999866485595703e+00 4.389999866485595703e+00 4.389999866485595703e+00
1.198300018310546875e+02 1.198300018310546875e+02 1.198300018310546875e+02 1.198300018310546875e+02
1.755500030517578125e+02 1.755500030517578125e+02 1.755500030517578125e+02 1.755500030517578125e+02
5.577999877929687500e+01 5.577999877929687500e+01 5.577999877929687500e+01 5.577999877929687500e+01
8.460000038146972656e+00 8.460000038146972656e+00 8.460000038146972656e+00 8.460000038146972656e+00
4.349999904632568359e+00 4.349999904632568359e+00 4.349999904632568359e+00 4.349999904632568359e+00
1.230299987792968750e+02 1.230299987792968750e+02 1.230299987792968750e+02 1.230299987792968750e+02
1.778500061035156250e+02 1.778500061035156250e+02 1.778500061035156250e+02 1.778500061035156250e+02
5.422999954223632812e+01 5.422999954223632812e+01 5.422999954223632812e+01 5.422999954223632812e+01
8.000000000000000000e+00 8.000000000000000000e+00 8.000000000000000000e+00 8.000000000000000000e+00
4.730000019073486328e+00 4.730000019073486328e+00 4.730000019073486328e+00 4.730000019073486328e+00
1.239300003051757812e+02 1.239300003051757812e+02 1.239300003051757812e+02 1.239300003051757812e+02
1.754199981689453125e+02 1.754199981689453125e+02 1.754199981689453125e+02 1.754199981689453125e+02
6.081000137329101562e+01 6.081000137329101562e+01 6.081000137329101562e+01 6.081000137329101562e+01
9.029999732971191406e+00 9.029999732971191406e+00 9.029999732971191406e+00 9.029999732971191406e+00
4.460000038146972656e+00 4.460000038146972656e+00 4.460000038146972656e+00 4.460000038146972656e+00
1.137500000000000000e+02 1.137500000000000000e+02 1.137500000000000000e+02 1.137500000000000000e+02
1.784799957275390625e+02 1.784799957275390625e+02 1.784799957275390625e+02 1.784799957275390625e+02
5.809000015258789062e+01 5.809000015258789062e+01 5.809000015258789062e+01 5.809000015258789062e+01
8.810000419616699219e+00 8.810000419616699219e+00 8.810000419616699219e+00 8.810000419616699219e+00
4.199999809265136719e+00 4.199999809265136719e+00 4.199999809265136719e+00 4.199999809265136719e+00
1.203099975585937500e+02 1.203099975585937500e+02 1.203099975585937500e+02 1.203099975585937500e+02
1.790700073242187500e+02 1.790700073242187500e+02 1.790700073242187500e+02 1.790700073242187500e+02
5.995000076293945312e+01 5.995000076293945312e+01 5.995000076293945312e+01 5.995000076293945312e+01
8.630000114440917969e+00 8.630000114440917969e+00 8.630000114440917969e+00 8.630000114440917969e+00
4.079999923706054688e+00 4.079999923706054688e+00 4.079999923706054688e+00 4.079999923706054688e+00
1.183399963378906250e+02 1.183399963378906250e+02 1.183399963378906250e+02 1.183399963378906250e+02
1.798500061035156250e+02 1.798500061035156250e+02 1.798500061035156250e+02 1.798500061035156250e+02
5.927999877929687500e+01 5.927999877929687500e+01 5.927999877929687500e+01 5.927999877929687500e+01
7.699999809265136719e+00 7.699999809265136719e+00 7.699999809265136719e+00 7.699999809265136719e+00
4.000000000000000000e+00 4.000000000000000000e+00 4.000000000000000000e+00 4.000000000000000000e+00
1.197799987792968750e+02 1.197799987792968750e+02 1.197799987792968750e+02 1.197799987792968750e+02
1.771499938964843750e+02 1.771499938964843750e+02 1.771499938964843750e+02 1.771499938964843750e+02
6.695999908447265625e+01 6.695999908447265625e+01 6.695999908447265625e+01 6.695999908447265625e+01
8.039999961853027344e+00 8.039999961853027344e+00 8.039999961853027344e+00 8.039999961853027344e+00
3.599999904632568359e+00 3.599999904632568359e+00 3.599999904632568359e+00 3.599999904632568359e+00
1.204400024414062500e+02 1.204400024414062500e+02 1.204400024414062500e+02 1.204400024414062500e+02
1.790599975585937500e+02 1.790599975585937500e+02 1.790599975585937500e+02 1.790599975585937500e+02
5.772000122070312500e+01 5.772000122070312500e+01 5.772000122070312500e+01 5.772000122070312500e+01
8.118300437927246094e+00 8.105699539184570312e+00 8.140399932861328125e+00 8.155599594116210938e+00
4.320000171661376953e+00 4.320000171661376953e+00 4.320000171661376953e+00 4.320000171661376953e+00
1.190299987792968750e+02 1.190299987792968750e+02 1.190299987792968750e+02 1.190299987792968750e+02
1.781548004150390625e+02 1.780498046875000000e+02 1.780823059082031250e+02 1.781192932128906250e+02
5.927999877929687500e+01 5.927999877929687500e+01 5.927999877929687500e+01 5.927999877929687500e+01
7.920000076293945312e+00 7.920000076293945312e+00 7.920000076293945312e+00 7.920000076293945312e+00
3.980000019073486328e+00 3.980000019073486328e+00 3.980000019073486328e+00 3.980000019073486328e+00
1.187600021362304688e+02 1.187600021362304688e+02 1.187600021362304688e+02 1.187600021362304688e+02
1.791600036621093750e+02 1.791600036621093750e+02 1.791600036621093750e+02 1.791600036621093750e+02
5.947999954223632812e+01 5.947999954223632812e+01 5.947999954223632812e+01 5.947999954223632812e+01
7.789999961853027344e+00 7.789999961853027344e+00 7.789999961853027344e+00 7.789999961853027344e+00
4.010000228881835938e+00 4.010000228881835938e+00 4.010000228881835938e+00 4.010000228881835938e+00
1.188199996948242188e+02 1.188199996948242188e+02 1.188199996948242188e+02 1.188199996948242188e+02
1.770299987792968750e+02 1.770299987792968750e+02 1.770299987792968750e+02 1.770299987792968750e+02
6.393099975585937500e+01 6.405000305175781250e+01 6.395009994506835938e+01 6.394100189208984375e+01
7.920000076293945312e+00 7.920000076293945312e+00 7.920000076293945312e+00 7.920000076293945312e+00
3.490000009536743164e+00 3.490000009536743164e+00 3.490000009536743164e+00 3.490000009536743164e+00
1.177699966430664062e+02 1.177699966430664062e+02 1.177699966430664062e+02 1.177699966430664062e+02
1.792899932861328125e+02 1.792899932861328125e+02 1.792899932861328125e+02 1.792899932861328125e+02
5.975000000000000000e+01 5.975000000000000000e+01 5.975000000000000000e+01 5.975000000000000000e+01
8.130000114440917969e+00 8.130000114440917969e+00 8.130000114440917969e+00 8.130000114440917969e+00
4.000000000000000000e+00 4.000000000000000000e+00 4.000000000000000000e+00 4.000000000000000000e+00
1.177799987792968750e+02 1.177799987792968750e+02 1.177799987792968750e+02 1.177799987792968750e+02
1.771900024414062500e+02 1.771900024414062500e+02 1.771900024414062500e+02 1.771900024414062500e+02
5.847000122070312500e+01 5.847000122070312500e+01 5.847000122070312500e+01 5.847000122070312500e+01
7.909999847412109375e+00 7.909999847412109375e+00 7.909999847412109375e+00 7.909999847412109375e+00
3.980000019073486328e+00 3.980000019073486328e+00 3.980000019073486328e+00 3.980000019073486328e+00
1.154000015258789062e+02 1.154000015258789062e+02 1.154000015258789062e+02 1.154000015258789062e+02
1.776600036621093750e+02 1.776600036621093750e+02 1.776600036621093750e+02 1.776600036621093750e+02
5.211000061035156250e+01 5.211000061035156250e+01 5.211000061035156250e+01 5.211000061035156250e+01
7.349999904632568359e+00 7.349999904632568359e+00 7.349999904632568359e+00 7.349999904632568359e+00
4.389999866485595703e+00 4.389999866485595703e+00 4.389999866485595703e+00 4.389999866485595703e+00
1.184599990844726562e+02 1.184599990844726562e+02 1.184599990844726562e+02 1.184599990844726562e+02
1.777700042724609375e+02 1.777700042724609375e+02 1.777700042724609375e+02 1.777700042724609375e+02
6.338999938964843750e+01 6.338999938964843750e+01 6.338999938964843750e+01 6.338999938964843750e+01
8.420599937438964844e+00 8.418999671936035156e+00 8.422599792480468750e+00 8.422699928283691406e+00
3.910000085830688477e+00 3.910000085830688477e+00 3.910000085830688477e+00 3.910000085830688477e+00
1.272300033569335938e+02 1.272300033569335938e+02 1.272300033569335938e+02 1.272300033569335938e+02
1.779412994384765625e+02 1.779815063476562500e+02 1.779998931884765625e+02 1.780381011962890625e+02
5.384999847412109375e+01 5.384999847412109375e+01 5.384999847412109375e+01 5.384999847412109375e+01
8.260000228881835938e+00 8.260000228881835938e+00 8.260000228881835938e+00 8.260000228881835938e+00
4.539999961853027344e+00 4.539999961853027344e+00 4.539999961853027344e+00 4.539999961853027344e+00
1.160899963378906250e+02 1.160899963378906250e+02 1.160899963378906250e+02 1.160899963378906250e+02
1.751799926757812500e+02 1.751799926757812500e+02 1.751799926757812500e+02 1.751799926757812500e+02
4.738000106811523438e+01 4.738000106811523438e+01 4.738000106811523438e+01 4.738000106811523438e+01
7.550000190734863281e+00 7.550000190734863281e+00 7.550000190734863281e+00 7.550000190734863281e+00
3.899899959564208984e+00 3.891900062561035156e+00 3.891900062561035156e+00 3.966399908065795898e+00
3.950000047683715820e+00 3.950000047683715820e+00 3.950000047683715820e+00 3.950000047683715820e+00
1.077799987792968750e+02 1.077799987792968750e+02 1.077799987792968750e+02 1.077799987792968750e+02
1.775299987792968750e+02 1.775299987792968750e+02 1.775299987792968750e+02 1.775299987792968750e+02
5.370999908447265625e+01 5.370999908447265625e+01 5.370999908447265625e+01 5.370999908447265625e+01
8.310000419616699219e+00 8.310000419616699219e+00 8.310000419616699219e+00 8.310000419616699219e+00
4.460000038146972656e+00 4.460000038146972656e+00 4.460000038146972656e+00 4.480700016021728516e+00
1.201399993896484375e+02 1.201399993896484375e+02 1.201399993896484375e+02 1.201399993896484375e+02
1.727899932861328125e+02 1.727899932861328125e+02 1.727899932861328125e+02 1.727899932861328125e+02
4.563000106811523438e+01 4.563000106811523438e+01 4.563000106811523438e+01 4.563000106811523438e+01
9.878399848937988281e+00 9.791899681091308594e+00 9.703399658203125000e+00 1.004269981384277344e+01
3.990799903869628906e+00 3.973700046539306641e+00 3.980099916458129883e+00 4.006000041961669922e+00
4.010000228881835938e+00 4.010000228881835938e+00 4.010000228881835938e+00 4.010000228881835938e+00
1.118943023681640625e+02 1.118996963500976562e+02 1.118516006469726562e+02 1.122200012207031250e+02
1.746399993896484375e+02 1.746399993896484375e+02 1.746399993896484375e+02 1.746399993896484375e+02
5.320000076293945312e+01 5.320000076293945312e+01 5.320000076293945312e+01 5.320000076293945312e+01
7.838699817657470703e+00 7.874000072479248047e+00 7.846300125122070312e+00 8.174500465393066406e+00
4.829999923706054688e+00 4.829999923706054688e+00 4.829999923706054688e+00 4.829999923706054688e+00
1.148300018310546875e+02 1.148300018310546875e+02 1.148300018310546875e+02 1.148300018310546875e+02
1.757599945068359375e+02 1.757599945068359375e+02 1.757599945068359375e+02 1.757599945068359375e+02
6.175999832153320312e+01 6.175999832153320312e+01 6.175999832153320312e+01 6.175999832153320312e+01
9.109999656677246094e+00 9.109999656677246094e+00 9.109999656677246094e+00 9.109999656677246094e+00
5.179999828338623047e+00 5.179999828338623047e+00 5.179999828338623047e+00 5.179999828338623047e+00
1.240764007568359375e+02 1.240624008178710938e+02 1.240565032958984375e+02 1.240240020751953125e+02
1.748099975585937500e+02 1.748099975585937500e+02 1.748099975585937500e+02 1.748099975585937500e+02
5.122000122070312500e+01 5.122000122070312500e+01 5.122000122070312500e+01 5.122000122070312500e+01
9.461400032043457031e+00 9.493100166320800781e+00 9.464900016784667969e+00 9.486000061035156250e+00
5.199999809265136719e+00 5.199999809265136719e+00 5.199999809265136719e+00 5.144499778747558594e+00
1.282799987792968750e+02 1.282799987792968750e+02 1.282799987792968750e+02 1.282799987792968750e+02
1.759900054931640625e+02 1.759900054931640625e+02 1.759900054931640625e+02 1.759900054931640625e+02
6.286999893188476562e+01 6.286999893188476562e+01 6.286999893188476562e+01 6.286999893188476562e+01
8.430299758911132812e+00 8.436900138854980469e+00 8.434200286865234375e+00 8.399999618530273438e+00
3.420000076293945312e+00 3.420000076293945312e+00 3.420000076293945312e+00 3.420000076293945312e+00
1.176699981689453125e+02 1.176699981689453125e+02 1.176699981689453125e+02 1.176699981689453125e+02
1.803621063232421875e+02 1.804006042480468750e+02 1.804799957275390625e+02 1.803549041748046875e+02
6.043000030517578125e+01 6.043000030517578125e+01 6.043000030517578125e+01 6.043000030517578125e+01
8.161700248718261719e+00 8.169699668884277344e+00 8.179599761962890625e+00 8.097499847412109375e+00
3.640000104904174805e+00 3.640000104904174805e+00 3.671900033950805664e+00 3.640000104904174805e+00
1.176600036621093750e+02 1.176600036621093750e+02 1.176600036621093750e+02 1.176600036621093750e+02
1.792500000000000000e+02 1.792500000000000000e+02 1.792500000000000000e+02 1.792500000000000000e+02
5.852000045776367188e+01 5.852000045776367188e+01 5.852000045776367188e+01 5.852000045776367188e+01
8.710000038146972656e+00 8.710000038146972656e+00 8.710000038146972656e+00 8.710000038146972656e+00
4.010000228881835938e+00 4.010000228881835938e+00 4.010000228881835938e+00 4.010000228881835938e+00
1.191299972534179688e+02 1.191299972534179688e+02 1.191299972534179688e+02 1.191299972534179688e+02
1.767100067138671875e+02 1.767100067138671875e+02 1.767100067138671875e+02 1.767100067138671875e+02
6.163000106811523438e+01 6.163000106811523438e+01 6.163000106811523438e+01 6.163000106811523438e+01
8.643300056457519531e+00 8.645700454711914062e+00 8.652199745178222656e+00 8.520999908447265625e+00
3.980000019073486328e+00 3.980000019073486328e+00 3.980000019073486328e+00 3.980000019073486328e+00
1.236720962524414062e+02 1.236331024169921875e+02 1.236578979492187500e+02 1.234578018188476562e+02
1.788283996582031250e+02 1.791463928222656250e+02 1.791587066650390625e+02 1.791544036865234375e+02
6.708999633789062500e+01 6.708999633789062500e+01 6.708999633789062500e+01 6.708999633789062500e+01
8.489999771118164062e+00 8.489999771118164062e+00 8.489999771118164062e+00 8.489999771118164062e+00
3.119999885559082031e+00 3.119999885559082031e+00 3.119999885559082031e+00 3.119999885559082031e+00
1.188099975585937500e+02 1.188099975585937500e+02 1.188099975585937500e+02 1.188099975585937500e+02
1.778399963378906250e+02 1.778399963378906250e+02 1.778399963378906250e+02 1.778399963378906250e+02
5.841999816894531250e+01 5.841999816894531250e+01 5.841999816894531250e+01 5.841999816894531250e+01
7.909999847412109375e+00 7.909999847412109375e+00 7.909999847412109375e+00 7.909999847412109375e+00
4.079999923706054688e+00 4.079999923706054688e+00 4.079999923706054688e+00 4.079999923706054688e+00
1.189300003051757812e+02 1.189300003051757812e+02 1.189300003051757812e+02 1.189300003051757812e+02
1.773899993896484375e+02 1.773899993896484375e+02 1.773899993896484375e+02 1.773899993896484375e+02
5.553860092163085938e+01 5.554719924926757812e+01 5.554700088500976562e+01 5.557160186767578125e+01
7.820000171661376953e+00 7.820000171661376953e+00 7.820000171661376953e+00 7.820000171661376953e+00
4.250599861145019531e+00 4.280000209808349609e+00 4.280000209808349609e+00 4.280000209808349609e+00
1.157240982055664062e+02 1.160329971313476562e+02 1.159111022949218750e+02 1.160649032592773438e+02
1.741600036621093750e+02 1.741600036621093750e+02 1.741600036621093750e+02 1.741600036621093750e+02
6.445549774169921875e+01 6.368899917602539062e+01 6.276250076293945312e+01 6.274520111083984375e+01
7.770599842071533203e+00 7.754600048065185547e+00 7.604800224304199219e+00 7.607999801635742188e+00
4.207799911499023438e+00 4.216300010681152344e+00 4.289999961853027344e+00 4.289999961853027344e+00
1.120258026123046875e+02 1.119938964843750000e+02 1.114064025878906250e+02 1.113183975219726562e+02
1.763292999267578125e+02 1.764951934814453125e+02 1.784225006103515625e+02 1.782789001464843750e+02
5.756000137329101562e+01 5.756000137329101562e+01 5.756000137329101562e+01 5.756000137329101562e+01
7.659999847412109375e+00 7.659999847412109375e+00 7.955900192260742188e+00 7.818299770355224609e+00
4.110000133514404297e+00 4.110000133514404297e+00 4.110000133514404297e+00 4.110000133514404297e+00
1.248399963378906250e+02 1.248399963378906250e+02 1.248399963378906250e+02 1.250404968261718750e+02
