2.718294039368629456e-02 3.050832264125347137e-02 2.462958358228206635e-02 3.097673878073692322e-02
2.712213806807994843e-02 3.044166788458824158e-02 2.457871660590171814e-02 3.091770224273204803e-02
2.706418186426162720e-02 3.037583269178867340e-02 2.452391572296619415e-02 3.085360489785671234e-02
2.701578289270401001e-02 3.031617216765880585e-02 2.447149902582168579e-02 3.078834153711795807e-02
2.696474455296993256e-02 3.024981357157230377e-02 2.442359924316406250e-02 3.072450496256351471e-02
2.689341269433498383e-02 3.016589954495429993e-02 2.436962351202964783e-02 3.065707907080650330e-02
2.681253477931022644e-02 3.007439710199832916e-02 2.430425398051738739e-02 3.058174997568130493e-02
2.673146873712539673e-02 2.998234890401363373e-02 2.422625012695789337e-02 3.049519285559654236e-02
2.664669044315814972e-02 2.987691573798656464e-02 2.415095828473567963e-02 3.039495833218097687e-02
2.656068094074726105e-02 2.977628819644451141e-02 2.407343126833438873e-02 3.029810823500156403e-02
2.646992169320583344e-02 2.966354228556156158e-02 2.399180270731449127e-02 3.020133264362812042e-02
2.637238986790180206e-02 2.954238653182983398e-02 2.390468493103981018e-02 3.010055050253868103e-02
2.626634389162063599e-02 2.942844294011592865e-02 2.381062693893909454e-02 2.998992800712585449e-02
2.615979127585887909e-02 2.929829992353916168e-02 2.371519245207309723e-02 2.986712753772735596e-02
2.605270035564899445e-02 2.916263043880462646e-02 2.361630089581012726e-02 2.974840067327022552e-02
2.593611367046833038e-02 2.902173250913619995e-02 2.351041696965694427e-02 2.962602674961090088e-02
2.580758929252624512e-02 2.887651883065700531e-02 2.339685522019863129e-02 2.949503809213638306e-02
2.568648196756839752e-02 2.873031236231327057e-02 2.328377217054367065e-02 2.935891412198543549e-02
2.555255964398384094e-02 2.857946977019309998e-02 2.316955290734767914e-02 2.921686135232448578e-02
2.541610226035118103e-02 2.842070907354354858e-02 2.305210381746292114e-02 2.907356247305870056e-02
2.527891099452972412e-02 2.825575135648250580e-02 2.292939089238643646e-02 2.892529405653476715e-02
2.514032274484634399e-02 2.808886766433715820e-02 2.279924973845481873e-02 2.876496501266956329e-02
2.499526925384998322e-02 2.791461534798145294e-02 2.266719564795494080e-02 2.860763110220432281e-02
2.484353445470333099e-02 2.773609943687915802e-02 2.253313362598419189e-02 2.844531647861003876e-02
2.468761987984180450e-02 2.755421400070190430e-02 2.239677123725414276e-02 2.827821485698223114e-02
2.452962659299373627e-02 2.736912667751312256e-02 2.225679345428943634e-02 2.810729667544364929e-02
2.437110617756843567e-02 2.717852592468261719e-02 2.210765518248081207e-02 2.793563157320022583e-02
2.420502342283725739e-02 2.698814123868942261e-02 2.196043170988559723e-02 2.775809541344642639e-02
2.403379045426845551e-02 2.678800374269485474e-02 2.181154675781726837e-02 2.757409587502479553e-02
2.386143989861011505e-02 2.658250182867050171e-02 2.165939472615718842e-02 2.738556638360023499e-02
2.369263768196105957e-02 2.638017758727073669e-02 2.150269225239753723e-02 2.719558961689472198e-02
2.351189777255058289e-02 2.616899088025093079e-02 2.133739925920963287e-02 2.700249850749969482e-02
2.333064004778862000e-02 2.595579996705055237e-02 2.117585018277168274e-02 2.680569887161254883e-02
2.314630150794982910e-02 2.574004419147968292e-02 2.101291343569755554e-02 2.660724893212318420e-02
2.295834198594093323e-02 2.552153170108795166e-02 2.084530144929885864e-02 2.640573121607303619e-02
2.276955358684062958e-02 2.530037797987461090e-02 2.067057415843009949e-02 2.619191631674766541e-02
2.257953584194183350e-02 2.507280930876731873e-02 2.050306648015975952e-02 2.598506398499011993e-02
2.238555625081062317e-02 2.484512701630592346e-02 2.033340930938720703e-02 2.577194944024085999e-02
2.218863926827907562e-02 2.461727336049079895e-02 2.015915140509605408e-02 2.555421181023120880e-02
2.199072763323783875e-02 2.438805252313613892e-02 1.997905410826206207e-02 2.533632144331932068e-02
2.179072797298431396e-02 2.415347844362258911e-02 1.979027502238750458e-02 2.511775121092796326e-02
2.158861793577671051e-02 2.391599863767623901e-02 1.960803940892219543e-02 2.489347942173480988e-02
2.138586528599262238e-02 2.367700263857841492e-02 1.942501403391361237e-02 2.466592565178871155e-02
2.118191495537757874e-02 2.343633398413658142e-02 1.923859119415283203e-02 2.443693578243255615e-02
2.097283303737640381e-02 2.319143712520599365e-02 1.905058324337005615e-02 2.420852705836296082e-02
2.076226100325584412e-02 2.295120060443878174e-02 1.886109076440334320e-02 2.397770620882511139e-02
2.054994180798530579e-02 2.270582690834999084e-02 1.867185160517692566e-02 2.374289371073246002e-02
2.033699117600917816e-02 2.245660126209259033e-02 1.848159730434417725e-02 2.350649982690811157e-02
2.012442238628864288e-02 2.220646478235721588e-02 1.828864216804504395e-02 2.327109128236770630e-02
1.990886591374874115e-02 2.195925638079643250e-02 1.808972470462322235e-02 2.303324826061725616e-02
1.969237625598907471e-02 2.170909754931926727e-02 1.789592392742633820e-02 2.278891578316688538e-02
1.947573386132717133e-02 2.146237902343273163e-02 1.770252734422683716e-02 2.254585549235343933e-02
1.925882138311862946e-02 2.121648006141185760e-02 1.750699803233146667e-02 2.230612188577651978e-02
1.904087513685226440e-02 2.095879055559635162e-02 1.730764098465442657e-02 2.206767350435256958e-02
1.882359012961387634e-02 2.070807293057441711e-02 1.710952259600162506e-02 2.181843295693397522e-02
1.860618032515048981e-02 2.045718580484390259e-02 1.691131852567195892e-02 2.157032303512096405e-02
1.838676445186138153e-02 2.020641043782234192e-02 1.671286113560199738e-02 2.132292464375495911e-02
1.816456764936447144e-02 1.995643414556980133e-02 1.651375740766525269e-02 2.107553929090499878e-02
1.794588565826416016e-02 1.970524899661540985e-02 1.630978100001811981e-02 2.083129063248634338e-02
1.772811450064182281e-02 1.945026032626628876e-02 1.611198112368583679e-02 2.058224007487297058e-02
1.751060225069522858e-02 1.919680833816528320e-02 1.591498777270317078e-02 2.033329755067825317e-02
1.729184947907924652e-02 1.894563622772693634e-02 1.571644656360149384e-02 2.008469961583614349e-02
1.706881262362003326e-02 1.869440451264381409e-02 1.551482640206813812e-02 1.983340457081794739e-02
1.685309968888759613e-02 1.844636537134647369e-02 1.531443651765584946e-02 1.958345063030719757e-02
1.663428544998168945e-02 1.819873414933681488e-02 1.511679589748382568e-02 1.933583989739418030e-02
1.641560345888137817e-02 1.795216463506221771e-02 1.491788867861032486e-02 1.908800192177295685e-02
1.619972474873065948e-02 1.770696043968200684e-02 1.471596769988536835e-02 1.883872598409652710e-02
1.598429307341575623e-02 1.746164262294769287e-02 1.452157553285360336e-02 1.859435997903347015e-02
1.576693542301654816e-02 1.721581257879734039e-02 1.432460173964500427e-02 1.834527403116226196e-02
1.555128488689661026e-02 1.697384566068649292e-02 1.412957161664962769e-02 1.809747144579887390e-02
1.533757895231246948e-02 1.673418842256069183e-02 1.393571402877569199e-02 1.785205863416194916e-02
1.512429676949977875e-02 1.649152673780918121e-02 1.373925618827342987e-02 1.760786958038806915e-02
1.490980479866266251e-02 1.625088974833488464e-02 1.354580279439687729e-02 1.736429892480373383e-02
1.469994708895683289e-02 1.601540483534336090e-02 1.335401087999343872e-02 1.712107099592685699e-02
1.449300628155469894e-02 1.578118279576301575e-02 1.316204015165567398e-02 1.687988825142383575e-02
1.428661402314901352e-02 1.554634608328342438e-02 1.296965684741735458e-02 1.664044149219989777e-02
1.407571136951446533e-02 1.531639602035284042e-02 1.278307382017374039e-02 1.639494486153125763e-02
1.387562882155179977e-02 1.508684549480676651e-02 1.259525213390588760e-02 1.615705341100692749e-02
1.367341447621583939e-02 1.486088335514068604e-02 1.240803115069866180e-02 1.592038571834564209e-02
1.346915308386087418e-02 1.463780272752046585e-02 1.222251914441585541e-02 1.568380184471607208e-02
1.326744630932807922e-02 1.441523525863885880e-02 1.203976664692163467e-02 1.544764544814825058e-02
1.307199802249670029e-02 1.419391017407178879e-02 1.185665745288133621e-02 1.521684881299734116e-02
1.287589687854051590e-02 1.397930551320314407e-02 1.167630776762962341e-02 1.498611085116863251e-02
1.268122438341379166e-02 1.376635301858186722e-02 1.149826683104038239e-02 1.475583668798208237e-02
1.248883735388517380e-02 1.355226151645183563e-02 1.132226362824440002e-02 1.452708430588245392e-02
1.229727827012538910e-02 1.333929691463708878e-02 1.114896312355995178e-02 1.430407073348760605e-02
1.210899744182825089e-02 1.313135679811239243e-02 1.097278203815221786e-02 1.408042758703231812e-02
1.192339602857828140e-02 1.292804256081581116e-02 1.080064568668603897e-02 1.385798491537570953e-02
1.173982210457324982e-02 1.272691506892442703e-02 1.063226442784070969e-02 1.363794226199388504e-02
1.155746914446353912e-02 1.252475008368492126e-02 1.046529039740562439e-02 1.342133432626724243e-02
1.137787755578756332e-02 1.232738234102725983e-02 1.029800716787576675e-02 1.320783887058496475e-02
1.120068598538637161e-02 1.213184837251901627e-02 1.013543643057346344e-02 1.299413014203310013e-02
1.102532539516687393e-02 1.194055192172527313e-02 9.975597262382507324e-03 1.278265565633773804e-02
1.085181627422571182e-02 1.175351627171039581e-02 9.817184880375862122e-03 1.257493626326322556e-02
1.068176142871379852e-02 1.156666316092014313e-02 9.659757837653160095e-03 1.237214822322130203e-02
1.051133498549461365e-02 1.138130202889442444e-02 9.503607638180255890e-03 1.216767262667417526e-02
1.034442521631717682e-02 1.120112463831901550e-02 9.349606931209564209e-03 1.196692883968353271e-02
1.018003933131694794e-02 1.102394331246614456e-02 9.197727777063846588e-03 1.176941674202680588e-02
1.001624297350645065e-02 1.084637455642223358e-02 9.047734551131725311e-03 1.157336682081222534e-02
9.856356307864189148e-03 1.067370455712080002e-02 8.903722278773784637e-03 1.138090528547763824e-02
9.698580950498580933e-03 1.050537545233964920e-02 8.759088814258575439e-03 1.118843164294958115e-02
9.543359279632568359e-03 1.033996138721704483e-02 8.616146631538867950e-03 1.099910773336887360e-02
9.390506893396377563e-03 1.017649658024311066e-02 8.475737646222114563e-03 1.081390678882598877e-02
9.238936938345432281e-03 1.001435238867998123e-02 8.337394334375858307e-03 1.063179597258567810e-02
9.094287641346454620e-03 9.855956770479679108e-03 8.201725780963897705e-03 1.045069471001625061e-02
8.948261849582195282e-03 9.700899012386798859e-03 8.067841641604900360e-03 1.027213688939809799e-02
8.803240023553371429e-03 9.547720663249492645e-03 7.936059497296810150e-03 1.009619329124689102e-02
8.662520907819271088e-03 9.395180270075798035e-03 7.806689478456974030e-03 9.922661818563938141e-03
8.524377830326557159e-03 9.249703027307987213e-03 7.679826114326715469e-03 9.752968326210975647e-03
8.387734182178974152e-03 9.106948971748352051e-03 7.555694784969091415e-03 9.585770778357982635e-03
8.254225365817546844e-03 8.965083397924900055e-03 7.433477789163589478e-03 9.422340430319309235e-03
8.123612031340599060e-03 8.825028315186500549e-03 7.313269656151533127e-03 9.262415580451488495e-03
7.993609644472599030e-03 8.691216818988323212e-03 7.196149788796901703e-03 9.103915654122829437e-03
7.867816835641860962e-03 8.556038141250610352e-03 7.079743314534425735e-03 8.946177549660205841e-03
7.744899950921535492e-03 8.424915373325347900e-03 6.966078188270330429e-03 8.792491629719734192e-03
7.623503450304269791e-03 8.296924643218517303e-03 6.854815874248743057e-03 8.642025291919708252e-03
7.502552121877670288e-03 8.170666173100471497e-03 6.745290011167526245e-03 8.493840694427490234e-03
7.384093012660741806e-03 8.046765811741352081e-03 6.636740174144506454e-03 8.350671268999576569e-03
7.266854867339134216e-03 7.928276434540748596e-03 6.533907260745763779e-03 8.207263424992561340e-03
7.154013030230998993e-03 7.810322567820549011e-03 6.431431043893098831e-03 8.066922426223754883e-03
7.045049685984849930e-03 7.693325635045766830e-03 6.329499185085296631e-03 7.930359803140163422e-03
6.935828365385532379e-03 7.581443991512060165e-03 6.232251413166522980e-03 7.796162273734807968e-03
6.828354671597480774e-03 7.469561882317066193e-03 6.136177107691764832e-03 7.664507254958152771e-03
6.723901722580194473e-03 7.360140793025493622e-03 6.040468811988830566e-03 7.536500692367553711e-03
6.621258798986673355e-03 7.254308089613914490e-03 5.946919322013854980e-03 7.410716265439987183e-03
6.519267335534095764e-03 7.151711266487836838e-03 5.856523755937814713e-03 7.285609375685453415e-03
6.422375794500112534e-03 7.048714905977249146e-03 5.769676528871059418e-03 7.164934650063514709e-03
6.327139213681221008e-03 6.947484798729419708e-03 5.684772506356239319e-03 7.046517916023731232e-03
6.232471205294132233e-03 6.849763449281454086e-03 5.599915515631437302e-03 6.929978728294372559e-03
6.139251869171857834e-03 6.754924077540636063e-03 5.515630822628736496e-03 6.815007887780666351e-03
6.050645839422941208e-03 6.661485880613327026e-03 5.434688180685043335e-03 6.702223792672157288e-03
5.960746668279170990e-03 6.569791119545698166e-03 5.357171408832073212e-03 6.595642771571874619e-03
5.873836576938629150e-03 6.478688213974237442e-03 5.279532633721828461e-03 6.489347200840711594e-03
5.789057817310094833e-03 6.390137597918510437e-03 5.203217733651399612e-03 6.385094951838254929e-03
5.705137271434068680e-03 6.304776761680841446e-03 5.128967575728893280e-03 6.283504888415336609e-03
5.622075404971837997e-03 6.220623385161161423e-03 5.056716967374086380e-03 6.183103192597627640e-03
5.543120205402374268e-03 6.136971060186624527e-03 4.986981861293315887e-03 6.087526213377714157e-03
5.465250927954912186e-03 6.055426318198442459e-03 4.918721038848161697e-03 5.993291735649108887e-03
5.388261284679174423e-03 5.975909531116485596e-03 4.851210396736860275e-03 5.900400225073099136e-03
5.313122645020484924e-03 5.897771101444959641e-03 4.783737938851118088e-03 5.810420028865337372e-03
5.240322090685367584e-03 5.824177991598844528e-03 4.720048047602176666e-03 5.721343215554952621e-03
5.168152507394552231e-03 5.749650765210390091e-03 4.657531622797250748e-03 5.634975619614124298e-03
5.097472574561834335e-03 5.676058121025562286e-03 4.595925565809011459e-03 5.550877656787633896e-03
5.028416402637958527e-03 5.604264792054891586e-03 4.535192623734474182e-03 5.468550138175487518e-03
4.960125777870416641e-03 5.533394403755664825e-03 4.477088339626789093e-03 5.388884805142879486e-03
4.894472658634185791e-03 5.464939400553703308e-03 4.420795012265443802e-03 5.312059540301561356e-03
4.828871227800846100e-03 5.397350061684846878e-03 4.365027882158756256e-03 5.235626362264156342e-03
4.764324985444545746e-03 5.330262240022420883e-03 4.309617448598146439e-03 5.160286556929349899e-03
4.703285638242959976e-03 5.263845901936292648e-03 4.254939034581184387e-03 5.088071804493665695e-03
4.642338957637548447e-03 5.199947860091924667e-03 4.202851094305515289e-03 5.017758347094058990e-03
4.582127090543508530e-03 5.136721767485141754e-03 4.151833709329366684e-03 4.947956185787916183e-03
4.522711504250764847e-03 5.074703134596347809e-03 4.101942293345928192e-03 4.879841115325689316e-03
4.464123398065567017e-03 5.013641435652971268e-03 4.052971489727497101e-03 4.813948646187782288e-03
4.407717846333980560e-03 4.952556919306516647e-03 4.005041904747486115e-03 4.751169122755527496e-03
4.351984709501266479e-03 4.892896395176649094e-03 3.957591485232114792e-03 4.688520450145006180e-03
4.297348205000162125e-03 4.835263825953006744e-03 3.911173436790704727e-03 4.627500195056200027e-03
4.244128242135047913e-03 4.778895527124404907e-03 3.865769365802407265e-03 4.568309523165225983e-03
4.192253574728965759e-03 4.722311161458492279e-03 3.821022110059857368e-03 4.510473459959030151e-03
4.139034077525138855e-03 4.666808992624282837e-03 3.778424579650163651e-03 4.454111214727163315e-03
4.087759181857109070e-03 4.611169919371604919e-03 3.735310863703489304e-03 4.399008583277463913e-03
4.037394654005765915e-03 4.556408151984214783e-03 3.692816477268934250e-03 4.345200955867767334e-03
3.987547010183334351e-03 4.502637311816215515e-03 3.651354694738984108e-03 4.292605444788932800e-03
3.939168527722358704e-03 4.448877647519111633e-03 3.610690822824835777e-03 4.241531249135732651e-03
3.891772590577602386e-03 4.397260025143623352e-03 3.570487024262547493e-03 4.191502928733825684e-03
3.844635095447301865e-03 4.346155095845460892e-03 3.530921414494514465e-03 4.142115823924541473e-03
3.797942772507667542e-03 4.295243881642818451e-03 3.492256859317421913e-03 4.093798343092203140e-03
3.752108663320541382e-03 4.244572017341852188e-03 3.454765770584344864e-03 4.047192167490720749e-03
3.705933224409818649e-03 4.194127861410379410e-03 3.415744751691818237e-03 4.001275170594453812e-03
3.662168048322200775e-03 4.144492093473672867e-03 3.378901397809386253e-03 3.956677392125129700e-03
3.618785645812749863e-03 4.095460753887891769e-03 3.342818235978484154e-03 3.913077991455793381e-03
3.575134323909878731e-03 4.046782385557889938e-03 3.306866623461246490e-03 3.870416898280382156e-03
3.531627589836716652e-03 3.997511230409145355e-03 3.270774148404598236e-03 3.828373737633228302e-03
3.490655217319726944e-03 3.951555583626031876e-03 3.235423238947987556e-03 3.787269582971930504e-03
3.449031151831150055e-03 3.904585959389805794e-03 3.199922153726220131e-03 3.746890230104327202e-03
3.407210810109972954e-03 3.857308765873312950e-03 3.165237838402390480e-03 3.707188181579113007e-03
3.365917596966028214e-03 3.810806199908256531e-03 3.132130252197384834e-03 3.667985321953892708e-03
3.325814148411154747e-03 3.764873370528221130e-03 3.097671084105968475e-03 3.630957100540399551e-03
3.285669488832354546e-03 3.718655556440353394e-03 3.063484327867627144e-03 3.593405941501259804e-03
3.246186533942818642e-03 3.672996070235967636e-03 3.030010731890797615e-03 3.556294366717338562e-03
3.207396948710083961e-03 3.628145204856991768e-03 2.997147385030984879e-03 3.519979072734713554e-03
3.168245078995823860e-03 3.583545098081231117e-03 2.963805338367819786e-03 3.483972977846860886e-03
3.130148397758603096e-03 3.538762917742133141e-03 2.931645838543772697e-03 3.449499607086181641e-03
3.091875696554780006e-03 3.494379110634326935e-03 2.898697974160313606e-03 3.415180603042244911e-03
3.054151311516761780e-03 3.450485412031412125e-03 2.865628106519579887e-03 3.381063695996999741e-03
3.017678624019026756e-03 3.407218260690569878e-03 2.833468839526176453e-03 3.347481600940227509e-03
2.979809418320655823e-03 3.364167409017682076e-03 2.803074195981025696e-03 3.314862027764320374e-03
2.943667815998196602e-03 3.320342162624001503e-03 2.771196421235799789e-03 3.282420802861452103e-03
2.907432848587632179e-03 3.277314128354191780e-03 2.739243442192673683e-03 3.250526031479239464e-03
2.870825817808508873e-03 3.235243028029799461e-03 2.707544015720486641e-03 3.219082951545715332e-03
2.834735671058297157e-03 3.193149343132972717e-03 2.675591269508004189e-03 3.187354654073715210e-03
2.799173351377248764e-03 3.150337841361761093e-03 2.644248539581894875e-03 3.155649872496724129e-03
2.764148637652397156e-03 3.107583150267601013e-03 2.612455282360315323e-03 3.124789102002978325e-03
2.729310421273112297e-03 3.065626136958599091e-03 2.580755855888128281e-03 3.094593761488795280e-03
2.694409806281328201e-03 3.024853765964508057e-03 2.549704164266586304e-03 3.064826130867004395e-03
2.660161117091774940e-03 2.983659971505403519e-03 2.519300207495689392e-03 3.035522066056728363e-03
2.626419067382812500e-03 2.943001454696059227e-03 2.487459918484091759e-03 3.005386097356677055e-03
2.592118689790368080e-03 2.902548061683773994e-03 2.456126734614372253e-03 2.975642215460538864e-03
2.557632047683000565e-03 2.862265566363930702e-03 2.425666199997067451e-03 2.946468768641352654e-03
2.524210605770349503e-03 2.821949077770113945e-03 2.395281102508306503e-03 2.917140955105423927e-03
2.490210114046931267e-03 2.781643765047192574e-03 2.363619161769747734e-03 2.888953778892755508e-03
2.456882037222385406e-03 2.742010634392499924e-03 2.332492498680949211e-03 2.860528882592916489e-03
2.424360718578100204e-03 2.702673664316534996e-03 2.301675267517566681e-03 2.831854624673724174e-03
2.392408205196261406e-03 2.663405146449804306e-03 2.270895754918456078e-03 2.803120994940400124e-03
2.359017962589859962e-03 2.624877030029892921e-03 2.240097615867853165e-03 2.775135682895779610e-03
2.327127614989876747e-03 2.586007118225097656e-03 2.209496451541781425e-03 2.747079357504844666e-03
2.295630285516381264e-03 2.547479001805186272e-03 2.178669907152652740e-03 2.718535717576742172e-03
2.264267532154917717e-03 2.509566256776452065e-03 2.147684106603264809e-03 2.689873334020376205e-03
2.233163220807909966e-03 2.472416497766971588e-03 2.116942079737782478e-03 2.661983249709010124e-03
2.201407449319958687e-03 2.434674417600035667e-03 2.086359774693846703e-03 2.634984441101551056e-03
2.170365303754806519e-03 2.397399628534913063e-03 2.055833581835031509e-03 2.607023110613226891e-03
2.139498945325613022e-03 2.360261278226971626e-03 2.025110414251685143e-03 2.579109277576208115e-03
2.108539454638957977e-03 2.323168562725186348e-03 1.994255930185317993e-03 2.551849232986569405e-03
2.078521531075239182e-03 2.287454437464475632e-03 1.964574679732322693e-03 2.524172887206077576e-03
2.048368798568844795e-03 2.251500962302088737e-03 1.934133120812475681e-03 2.496829489246010780e-03
2.018288709223270416e-03 2.215718384832143784e-03 1.903926138766109943e-03 2.469367347657680511e-03
1.988539472222328186e-03 2.180448267608880997e-03 1.873916364274919033e-03 2.441714983433485031e-03
1.959421206265687943e-03 2.146032871678471565e-03 1.843643840402364731e-03 2.413908019661903381e-03
1.930282451212406158e-03 2.111207228153944016e-03 1.813249196857213974e-03 2.387349028140306473e-03
1.901143579743802547e-03 2.076951088383793831e-03 1.783502288162708282e-03 2.360385842621326447e-03
1.872594235464930534e-03 2.043184824287891388e-03 1.753633259795606136e-03 2.333089942112565041e-03
1.844789832830429077e-03 2.009680727496743202e-03 1.723407651297748089e-03 2.305663423612713814e-03
1.816592179238796234e-03 1.975550083443522453e-03 1.694280188530683517e-03 2.278628991916775703e-03
1.788529101759195328e-03 1.943344483152031898e-03 1.664636540226638317e-03 2.251487690955400467e-03
1.760983141139149666e-03 1.911469385959208012e-03 1.634936546906828880e-03 2.224524505436420441e-03
1.733882119879126549e-03 1.879628514871001244e-03 1.605565077625215054e-03 2.197739668190479279e-03
1.706977491267025471e-03 1.847798936069011688e-03 1.576953916810452938e-03 2.170990221202373505e-03
1.679928041994571686e-03 1.816425123251974583e-03 1.548070576973259449e-03 2.144324360415339470e-03
1.653644139878451824e-03 1.785803120583295822e-03 1.519628334790468216e-03 2.117539290338754654e-03
1.627504942007362843e-03 1.755545730702579021e-03 1.491223811171948910e-03 2.090683206915855408e-03
1.601262483745813370e-03 1.725436421111226082e-03 1.462706481106579304e-03 2.063850639387965202e-03
1.575557747855782509e-03 1.695748534984886646e-03 1.434517791494727135e-03 2.037291647866368294e-03
1.550463377498090267e-03 1.666823984123766422e-03 1.406535622663795948e-03 2.010756405070424080e-03
1.525420695543289185e-03 1.637990586459636688e-03 1.378778601065278053e-03 1.984280301257967949e-03
1.500533195212483406e-03 1.609555911272764206e-03 1.351406564936041832e-03 1.957947155460715294e-03
1.476017991080880165e-03 1.582066761329770088e-03 1.324550830759108067e-03 1.931744394823908806e-03
1.452454482205212116e-03 1.554816844873130322e-03 1.297488459385931492e-03 1.905494253151118755e-03
1.428663497790694237e-03 1.527794753201305866e-03 1.270961249247193336e-03 1.879077753983438015e-03
1.405089627951383591e-03 1.501285354606807232e-03 1.244734390638768673e-03 1.853100955486297607e-03
1.382001908496022224e-03 1.475379802286624908e-03 1.218714052811264992e-03 1.827706350013613701e-03
1.359265996143221855e-03 1.449645031243562698e-03 1.192928291857242584e-03 1.801800914108753204e-03
1.336985151283442974e-03 1.424286165274679661e-03 1.167893642559647560e-03 1.776216202415525913e-03
1.315086963586509228e-03 1.399610890075564384e-03 1.142699271440505981e-03 1.750999945215880871e-03
1.293395762331783772e-03 1.375459600239992142e-03 1.117542502470314503e-03 1.725866808556020260e-03
1.271714922040700912e-03 1.351558952592313290e-03 1.092855120077729225e-03 1.700389082543551922e-03
1.250685658305883408e-03 1.328239333815872669e-03 1.068608835339546204e-03 1.675493549555540085e-03
1.229832298122346401e-03 1.305409590713679790e-03 1.044756849296391010e-03 1.650681369937956333e-03
1.209527137689292431e-03 1.282978570088744164e-03 1.021439908072352409e-03 1.626011682674288750e-03
1.189770177006721497e-03 1.260877819731831551e-03 9.985829237848520279e-04 1.601508352905511856e-03
1.169940805993974209e-03 1.239187316969037056e-03 9.757353109307587147e-04 1.577159506268799305e-03
1.150587340816855431e-03 1.218294142745435238e-03 9.534978307783603668e-04 1.553084002807736397e-03
1.131585566326975822e-03 1.197571982629597187e-03 9.317391086369752884e-04 1.529151108115911484e-03
1.112976809963583946e-03 1.177282654680311680e-03 9.102431940846145153e-04 1.505396445281803608e-03
1.094833482056856155e-03 1.157859107479453087e-03 8.888130541890859604e-04 1.481867628172039986e-03
1.077021239325404167e-03 1.138617866672575474e-03 8.681995095685124397e-04 1.458635786548256874e-03
1.059312489815056324e-03 1.119490480050444603e-03 8.478675736114382744e-04 1.435463433153927326e-03
1.041872543282806873e-03 1.100704888813197613e-03 8.279393077827990055e-04 1.412528683431446552e-03
1.024825731292366982e-03 1.082363654859364033e-03 8.084991131909191608e-04 1.389902899973094463e-03
1.008378923870623112e-03 1.064432435669004917e-03 7.895001326687633991e-04 1.367300981655716896e-03
9.917458519339561462e-04 1.047435449436306953e-03 7.706700707785785198e-04 1.345661585219204426e-03
9.759092354215681553e-04 1.030916930176317692e-03 7.523657404817640781e-04 1.323689357377588749e-03
9.605899103917181492e-04 1.014683162793517113e-03 7.345870253629982471e-04 1.301740994676947594e-03
9.454153478145599365e-04 9.986317018046975136e-04 7.173433550633490086e-04 1.280505559407174587e-03
9.304993436671793461e-04 9.827852481976151466e-04 7.005690713413059711e-04 1.259210752323269844e-03
9.158730390481650829e-04 9.673489257693290710e-04 6.838135304860770702e-04 1.238308032043278217e-03
9.014639072120189667e-04 9.525278583168983459e-04 6.676962948404252529e-04 1.217833254486322403e-03
8.873133920133113861e-04 9.382991120219230652e-04 6.523675983771681786e-04 1.197702949866652489e-03
8.734732400625944138e-04 9.241501102223992348e-04 6.373767391778528690e-04 1.177430036477744579e-03
8.604088216088712215e-04 9.106163051910698414e-04 6.227145204320549965e-04 1.157751423306763172e-03
8.474478963762521744e-04 8.972191717475652695e-04 6.083338521420955658e-04 1.138298423029482365e-03
8.347972179763019085e-04 8.840157533995807171e-04 5.944225122220814228e-04 1.119047519750893116e-03
8.227258804254233837e-04 8.711540722288191319e-04 5.812433664686977863e-04 1.100069959647953510e-03
8.105614106170833111e-04 8.585885516367852688e-04 5.682707414962351322e-04 1.081674708984792233e-03
7.985830889083445072e-04 8.469686144962906837e-04 5.557487020269036293e-04 1.063517061993479729e-03
7.869565160945057869e-04 8.356106700375676155e-04 5.437335348688066006e-04 1.045585144311189651e-03
7.757333805784583092e-04 8.242869516834616661e-04 5.322064389474689960e-04 1.027867197990417480e-03
7.650170591659843922e-04 8.131682407110929489e-04 5.211111856624484062e-04 1.010648324154317379e-03
7.545592961832880974e-04 8.023685077205300331e-04 5.104477168060839176e-04 9.938335279002785683e-04
7.441946654580533504e-04 7.919219788163900375e-04 5.003568367101252079e-04 9.770781034603714943e-04
7.339128060266375542e-04 7.817943696863949299e-04 4.906602553091943264e-04 9.605485247448086739e-04
7.238170946948230267e-04 7.719743880443274975e-04 4.812076804228127003e-04 9.445179603062570095e-04
7.146420539356768131e-04 7.623138953931629658e-04 4.722338344436138868e-04 9.289390291087329388e-04
7.056531612761318684e-04 7.529609720222651958e-04 4.637575184460729361e-04 9.134907741099596024e-04
6.966436048969626427e-04 7.439498440362513065e-04 4.556660423986613750e-04 8.983633597381412983e-04
6.876547122374176979e-04 7.352576358243823051e-04 4.479688359424471855e-04 8.836162160150706768e-04
6.789244362153112888e-04 7.267591427080333233e-04 4.406752414070069790e-04 8.690711110830307007e-04
6.708561559207737446e-04 7.184201385825872421e-04 4.339824081398546696e-04 8.549537742510437965e-04
6.629844428971409798e-04 7.103317184373736382e-04 4.275993560440838337e-04 8.411929593421518803e-04
6.552058039233088493e-04 7.025167578831315041e-04 4.214509681332856417e-04 8.277173037640750408e-04
6.474581896327435970e-04 6.949410308152437210e-04 4.154997004661709070e-04 8.143723825924098492e-04
6.403105217032134533e-04 6.875361432321369648e-04 4.102242819499224424e-04 8.016573265194892883e-04
6.330904434435069561e-04 6.804616423323750496e-04 4.053525044582784176e-04 7.892393041402101517e-04
6.261910311877727509e-04 6.735010538250207901e-04 4.007998795714229345e-04 7.771064410917460918e-04
6.196433096192777157e-04 6.666202680207788944e-04 3.965570358559489250e-04 7.652351050637662411e-04
6.131679983809590340e-04 6.598533364012837410e-04 3.927647485397756100e-04 7.535775657743215561e-04
6.067858194001019001e-04 6.534053827635943890e-04 3.891601809300482273e-04 7.423597853630781174e-04
6.007449119351804256e-04 6.472308887168765068e-04 3.858372510876506567e-04 7.313796668313443661e-04
5.948696052655577660e-04 6.412728107534348965e-04 3.828897606581449509e-04 7.207084563560783863e-04
5.890149041078984737e-04 6.354400538839399815e-04 3.803459403570741415e-04 7.103700190782546997e-04
5.835429765284061432e-04 6.296984502114355564e-04 3.780742990784347057e-04 7.002454949542880058e-04
5.781641229987144470e-04 6.240935181267559528e-04 3.761124680750072002e-04 6.905130576342344284e-04
5.729921394959092140e-04 6.187392282299697399e-04 3.744322166312485933e-04 6.811372004449367523e-04
5.679649766534566879e-04 6.136128213256597519e-04 3.730617463588714600e-04 6.720345700159668922e-04
5.629171500913798809e-04 6.085888599045574665e-04 3.721136599779129028e-04 6.630389834754168987e-04
5.582623998634517193e-04 6.033712998032569885e-04 3.712219186127185822e-04 6.544711068272590637e-04
5.538558471016585827e-04 5.984384915791451931e-04 3.705460694618523121e-04 6.462835590355098248e-04
5.495010409504175186e-04 5.936879897490143776e-04 3.701517998706549406e-04 6.383455474860966206e-04
5.450427997857332230e-04 5.890400498174130917e-04 3.700954839587211609e-04 6.305500864982604980e-04
5.407811258919537067e-04 5.846882704645395279e-04 3.702081157825887203e-04 6.229804712347686291e-04
5.368607817217707634e-04 5.801997613161802292e-04 3.704240371007472277e-04 6.159455515444278717e-04
5.329818231984972954e-04 5.758479819633066654e-04 3.709403099492192268e-04 6.090057431720197201e-04
5.291648558340966702e-04 5.716898594982922077e-04 3.717663348652422428e-04 6.021490553393959999e-04
5.255962023511528969e-04 5.676570581272244453e-04 3.727237926796078682e-04 5.956132663413882256e-04
5.221620085649192333e-04 5.635559209622442722e-04 3.738314553629606962e-04 5.896241054870188236e-04
5.186554626561701298e-04 5.597509443759918213e-04 3.752676420845091343e-04 5.837656790390610695e-04
5.153039819560945034e-04 5.560029530897736549e-04 3.768728056456893682e-04 5.780141800642013550e-04
5.122422007843852043e-04 5.521296407096087933e-04 3.785248845815658569e-04 5.724171642214059830e-04
5.092631326988339424e-04 5.485410802066326141e-04 3.802802239079028368e-04 5.672241677530109882e-04
5.061909905634820461e-04 5.449867458082735538e-04 3.821951395366340876e-04 5.622094031423330307e-04
5.032843328081071377e-04 5.415349733084440231e-04 3.842414880637079477e-04 5.573848029598593712e-04
5.005638813599944115e-04 5.381628870964050293e-04 3.864286118187010288e-04 5.527859902940690517e-04
4.978640936315059662e-04 5.348364356905221939e-04 3.887753409799188375e-04 5.485317669808864594e-04
4.953505704179406166e-04 5.315213347785174847e-04 3.912628453690558672e-04 5.443488480523228645e-04
4.928783164359629154e-04 5.283884820528328419e-04 3.937409783247858286e-04 5.403679679147899151e-04
4.904785309918224812e-04 5.253353738225996494e-04 3.963035705965012312e-04 5.366247496567666531e-04
4.881511558778584003e-04 5.222936742939054966e-04 3.989976248703896999e-04 5.331429420039057732e-04
4.858444735873490572e-04 5.193089600652456284e-04 4.016634775325655937e-04 5.296611343510448933e-04
4.836722509935498238e-04 5.163925816304981709e-04 4.045452515128999949e-04 5.265833460725843906e-04
4.816448199562728405e-04 5.136129329912364483e-04 4.074927128385752439e-04 5.235531134530901909e-04
4.797105211764574051e-04 5.109471967443823814e-04 4.104401741642504930e-04 5.205704364925622940e-04
4.776727582793682814e-04 5.082700517959892750e-04 4.133594920858740807e-04 5.178134888410568237e-04
4.757384303957223892e-04 5.057181697338819504e-04 4.163914418313652277e-04 5.153774400241672993e-04
4.738247953355312347e-04 5.030524334870278835e-04 4.194703360553830862e-04 5.130483186803758144e-04
4.720559809356927872e-04 5.004778504371643066e-04 4.225586017128080130e-04 5.108023760840296745e-04
4.705147584900259972e-04 4.981196834705770016e-04 4.256468964740633965e-04 5.086158635094761848e-04
4.688390181399881840e-04 4.957386991009116173e-04 4.288102500140666962e-04 5.065957084298133850e-04
4.671736678574234247e-04 4.934716853313148022e-04 4.319454601500183344e-04 5.048013408668339252e-04
4.656427481677383184e-04 4.911932628601789474e-04 4.350243543740361929e-04 5.032089538872241974e-04
4.642359854187816381e-04 4.889718256890773773e-04 4.380844766274094582e-04 5.017592338845133781e-04
4.628395545296370983e-04 4.869895929004997015e-04 4.411539703141897917e-04 5.003450787626206875e-04
4.615051730070263147e-04 4.849048273172229528e-04 4.442891804501414299e-04 4.989547305740416050e-04
4.601501277647912502e-04 4.828770179301500320e-04 4.472929867915809155e-04 4.977069911547005177e-04
4.588881565723568201e-04 4.809403617400676012e-04 4.502873925957828760e-04 4.966137348674237728e-04
4.577813670039176941e-04 4.790834500454366207e-04 4.533381143119186163e-04 4.956630873493850231e-04
4.566952411551028490e-04 4.771354142576456070e-04 4.562574322335422039e-04 4.947480629198253155e-04
4.555470659397542477e-04 4.754038236569613218e-04 4.591579490806907415e-04 4.939043428748846054e-04
4.545023257378488779e-04 4.737064009532332420e-04 4.619740066118538380e-04 4.932151641696691513e-04
4.535403568297624588e-04 4.720317374449223280e-04 4.647243476938456297e-04 4.926685360260307789e-04
4.525266413111239672e-04 4.704482562374323606e-04 4.674840893130749464e-04 4.922050866298377514e-04
4.517198249232023954e-04 4.689331108238548040e-04 4.700936551671475172e-04 4.917297046631574631e-04
4.508509300649166107e-04 4.674863012041896582e-04 4.727219638880342245e-04 4.913851153105497360e-04
4.499716742429882288e-04 4.661420243792235851e-04 4.753315006382763386e-04 4.910998977720737457e-04
4.491855506785213947e-04 4.648661124520003796e-04 4.778753500431776047e-04 4.908503615297377110e-04
4.484718083404004574e-04 4.636243684217333794e-04 4.802032781299203634e-04 4.906245740130543709e-04
4.478925548028200865e-04 4.624282009899616241e-04 4.825687792617827654e-04 4.905532696284353733e-04
4.472822474781423807e-04 4.613345663528889418e-04 4.848779353778809309e-04 4.905295209027826786e-04
4.466616373974829912e-04 4.603206762112677097e-04 4.870932316407561302e-04 4.905413952656090260e-04
4.461444332264363766e-04 4.593409539666026831e-04 4.892146680504083633e-04 4.906245740130543709e-04
4.456168971955776215e-04 4.584068083204329014e-04 4.910920397378504276e-04 4.907553084194660187e-04
4.451410786714404821e-04 4.575751663651317358e-04 4.930444993078708649e-04 4.909335402771830559e-04
4.447480023372918367e-04 4.567891301121562719e-04 4.949500435031950474e-04 4.911830765195190907e-04
4.444066435098648071e-04 4.560486413538455963e-04 4.967147833667695522e-04 4.914801684208214283e-04
4.440963384695351124e-04 4.555131890811026096e-04 4.984794650226831436e-04 4.917059559375047684e-04
4.437653115019202232e-04 4.549094301182776690e-04 5.001034005545079708e-04 4.920862265862524509e-04
4.434963921085000038e-04 4.543967661447823048e-04 5.016053328290581703e-04 4.924902459606528282e-04
4.432998539414256811e-04 4.539866640698164701e-04 5.030321190133690834e-04 4.928705166094005108e-04
4.431136476341634989e-04 4.536107298918068409e-04 5.044026183895766735e-04 4.932983429171144962e-04
4.430722910910844803e-04 4.533145111054182053e-04 5.056040827184915543e-04 4.937261110171675682e-04
4.429998807609081268e-04 4.531094746198505163e-04 5.067680613137781620e-04 4.942489904351532459e-04
4.429378022905439138e-04 4.529613652266561985e-04 5.078757531009614468e-04 4.947956185787916183e-04
4.429171094670891762e-04 4.527904966380447149e-04 5.088988691568374634e-04 4.953184979967772961e-04
4.430102126207202673e-04 4.527449200395494699e-04 5.098094115965068340e-04 4.958651261404156685e-04
4.430722910910844803e-04 4.528360441327095032e-04 5.106354365125298500e-04 4.964117542840540409e-04
4.431136476341634989e-04 4.529499856289476156e-04 5.113488878123462200e-04 4.970178124494850636e-04
4.431757261045277119e-04 4.531094746198505163e-04 5.119496490806341171e-04 4.976713680662214756e-04
4.434136208146810532e-04 4.533372994046658278e-04 5.125316092744469643e-04 4.983487306162714958e-04
4.436411836650222540e-04 4.536221094895154238e-04 5.129915662109851837e-04 4.989904118701815605e-04
4.438377218320965767e-04 4.539297078736126423e-04 5.134046077728271484e-04 4.996677744202315807e-04
4.441170021891593933e-04 4.543284303508698940e-04 5.137706757523119450e-04 5.003332043997943401e-04
4.445307713467627764e-04 4.548296856228262186e-04 5.140616558492183685e-04 5.009748856537044048e-04
4.447169776540249586e-04 4.552853642962872982e-04 5.141180008649826050e-04 5.017116782255470753e-04
4.450996930245310068e-04 4.558891523629426956e-04 5.142493755556643009e-04 5.024009151384234428e-04
4.455237940419465303e-04 4.565954441204667091e-04 5.142775480635464191e-04 5.031139007769525051e-04
4.459789197426289320e-04 4.573245532810688019e-04 5.141742876730859280e-04 5.038150120526552200e-04
4.464650992304086685e-04 4.580308450385928154e-04 5.140429129824042320e-04 5.044685676693916321e-04
4.469926352612674236e-04 4.588966548908501863e-04 5.137988482601940632e-04 5.052409833297133446e-04
4.475305031519383192e-04 4.597624647431075573e-04 5.135829560458660126e-04 5.060133989900350571e-04
4.480890929698944092e-04 4.606510337907820940e-04 5.132638034410774708e-04 5.067501915618777275e-04
4.486993711907416582e-04 4.616193764377385378e-04 5.128132179379463196e-04 5.074394284747540951e-04
4.493303713388741016e-04 4.626446461770683527e-04 5.124001763761043549e-04 5.081286653876304626e-04
4.499716742429882288e-04 4.637610691133886576e-04 5.119026754982769489e-04 5.088416510261595249e-04
4.506440309341996908e-04 4.648319445550441742e-04 5.113676306791603565e-04 5.095783853903412819e-04
4.506440309341996908e-04 4.648319445550441742e-04 5.113676306791603565e-04 5.095783853903412819e-04
