5.658710E-03 2.605899E-02 6.538313E-03
6.048960E-03 2.604477E-02 2.102154E-03
6.439220E-03 2.602933E-02 1.494653E-03
6.829470E-03 2.601389E-02 9.480716E-04
7.219730E-03 2.599862E-02 8.027345E-04
7.609980E-03 2.598347E-02 6.931519E-04
8.000240E-03 2.596833E-02 6.532777E-04
8.390490E-03 2.595048E-02 6.185781E-04
8.780750E-03 2.593263E-02 5.481044E-04
9.171000E-03 2.591365E-02 4.967650E-04
9.561260E-03 2.589324E-02 4.533153E-04
9.951510E-03 2.587283E-02 4.240570E-04
1.034180E-02 2.585194E-02 4.169377E-04
1.073200E-02 2.583098E-02 3.988218E-04
1.112230E-02 2.580864E-02 3.705422E-04
1.151250E-02 2.578327E-02 3.640655E-04
1.190280E-02 2.575791E-02 3.507870E-04
1.229300E-02 2.573219E-02 3.442942E-04
1.268330E-02 2.570635E-02 3.282117E-04
1.307350E-02 2.568010E-02 3.200822E-04
1.346380E-02 2.565202E-02 3.101632E-04
1.385410E-02 2.562395E-02 3.058953E-04
1.424430E-02 2.559552E-02 2.950392E-04
1.463460E-02 2.556687E-02 3.078154E-04
1.502480E-02 2.553804E-02 3.012835E-04
1.541510E-02 2.550625E-02 2.733028E-04
1.580530E-02 2.547447E-02 2.734953E-04
1.619560E-02 2.544132E-02 2.639868E-04
1.658580E-02 2.540685E-02 2.644279E-04
1.697610E-02 2.537236E-02 2.621255E-04
1.736630E-02 2.533709E-02 2.570121E-04
1.775660E-02 2.530176E-02 2.476987E-04
1.814680E-02 2.526529E-02 2.443009E-04
1.853710E-02 2.522695E-02 2.489613E-04
1.892730E-02 2.518861E-02 2.444742E-04
1.931760E-02 2.514984E-02 2.372961E-04
1.970780E-02 2.511098E-02 2.312833E-04
2.009810E-02 2.507155E-02 2.374786E-04
2.048830E-02 2.503052E-02 2.293792E-04
2.087860E-02 2.498947E-02 2.149957E-04
2.126880E-02 2.494715E-02 2.118533E-04
2.165910E-02 2.490425E-02 2.192178E-04
2.204930E-02 2.486107E-02 2.140550E-04
2.243960E-02 2.481597E-02 2.131601E-04
2.282980E-02 2.477087E-02 2.061498E-04
2.322010E-02 2.472517E-02 2.121331E-04
2.361030E-02 2.467901E-02 2.020128E-04
2.400060E-02 2.463284E-02 2.001300E-04
2.439080E-02 2.458416E-02 1.995240E-04
2.478110E-02 2.453548E-02 1.976458E-04
2.517130E-02 2.448626E-02 2.016204E-04
2.556160E-02 2.443633E-02 2.024715E-04
2.595180E-02 2.438641E-02 1.909115E-04
2.634210E-02 2.433557E-02 2.043170E-04
2.673230E-02 2.428461E-02 1.936864E-04
2.712260E-02 2.423284E-02 1.903317E-04
2.751280E-02 2.417932E-02 2.043405E-04
2.790310E-02 2.412578E-02 1.948816E-04
2.829330E-02 2.407115E-02 1.970848E-04
2.868360E-02 2.401614E-02 1.975338E-04
2.907380E-02 2.396100E-02 2.035050E-04
2.946400E-02 2.390524E-02 2.001492E-04
2.985430E-02 2.384947E-02 1.964019E-04
3.024450E-02 2.379231E-02 1.985501E-04
3.063480E-02 2.373429E-02 1.955280E-04
3.102500E-02 2.367622E-02 1.928092E-04
3.141530E-02 2.361708E-02 1.953645E-04
3.180550E-02 2.355795E-02 1.973627E-04
3.219580E-02 2.349815E-02 1.887171E-04
3.258600E-02 2.343773E-02 1.907274E-04
3.297620E-02 2.337729E-02 1.884219E-04
3.336650E-02 2.331556E-02 1.905654E-04
3.375670E-02 2.325376E-02 1.929118E-04
3.414700E-02 2.319147E-02 1.909142E-04
3.453720E-02 2.312841E-02 1.899299E-04
3.492750E-02 2.306534E-02 1.871816E-04
3.531770E-02 2.300049E-02 1.875428E-04
3.570790E-02 2.293525E-02 1.775640E-04
3.609820E-02 2.286989E-02 1.800720E-04
3.648840E-02 2.280425E-02 1.738188E-04
3.687870E-02 2.273860E-02 1.691144E-04
3.726890E-02 2.267244E-02 1.711170E-04
3.765910E-02 2.260603E-02 1.703656E-04
3.804940E-02 2.253940E-02 1.651759E-04
3.843960E-02 2.247126E-02 1.651951E-04
3.882980E-02 2.240312E-02 1.570115E-04
3.922010E-02 2.233434E-02 1.585086E-04
3.961030E-02 2.226508E-02 1.607230E-04
4.000060E-02 2.219580E-02 1.557551E-04
4.039080E-02 2.212519E-02 1.543247E-04
4.078100E-02 2.205459E-02 1.524874E-04
4.117130E-02 2.198354E-02 1.512199E-04
4.156150E-02 2.191194E-02 1.568401E-04
4.195170E-02 2.184034E-02 1.512809E-04
4.234200E-02 2.176866E-02 1.485495E-04
4.273220E-02 2.169698E-02 1.494239E-04
4.312240E-02 2.162478E-02 1.502061E-04
4.351270E-02 2.155142E-02 1.504899E-04
4.390290E-02 2.147806E-02 1.444441E-04
4.429310E-02 2.140385E-02 1.433129E-04
4.468340E-02 2.132934E-02 1.426394E-04
4.507360E-02 2.125477E-02 1.384957E-04
4.546380E-02 2.117990E-02 1.401302E-04
4.585410E-02 2.110502E-02 1.368936E-04
4.624430E-02 2.102901E-02 1.376049E-04
4.663450E-02 2.095233E-02 1.410388E-04
4.702480E-02 2.087566E-02 1.375681E-04
4.741500E-02 2.079948E-02 1.362973E-04
4.780520E-02 2.072330E-02 1.386550E-04
4.819540E-02 2.064626E-02 1.386188E-04
4.858570E-02 2.056831E-02 1.403200E-04
4.897590E-02 2.049039E-02 1.400908E-04
4.936610E-02 2.041286E-02 1.407902E-04
4.975640E-02 2.033533E-02 1.419590E-04
5.014660E-02 2.025755E-02 1.429395E-04
5.053680E-02 2.017931E-02 1.444802E-04
5.092700E-02 2.010107E-02 1.396146E-04
5.131730E-02 2.002091E-02 1.403297E-04
5.170750E-02 1.994033E-02 1.399916E-04
5.209770E-02 1.985985E-02 1.370639E-04
5.248790E-02 1.977968E-02 1.392662E-04
5.287810E-02 1.969951E-02 1.382089E-04
5.326840E-02 1.961970E-02 1.374512E-04
5.365860E-02 1.954011E-02 1.363898E-04
5.404880E-02 1.946029E-02 1.397797E-04
5.443900E-02 1.937891E-02 1.365279E-04
5.482930E-02 1.929750E-02 1.324387E-04
5.521950E-02 1.921610E-02 1.323242E-04
5.560970E-02 1.913467E-02 1.303377E-04
5.599990E-02 1.905325E-02 1.282578E-04
5.639010E-02 1.897111E-02 1.292794E-04
5.678030E-02 1.888897E-02 1.298956E-04
5.717060E-02 1.880680E-02 1.257393E-04
5.756080E-02 1.872464E-02 1.250178E-04
5.795100E-02 1.864248E-02 1.245062E-04
5.834120E-02 1.855972E-02 1.245714E-04
5.873140E-02 1.847689E-02 1.268389E-04
5.912160E-02 1.839405E-02 1.221788E-04
5.951190E-02 1.831116E-02 1.202136E-04
5.990210E-02 1.822829E-02 1.205508E-04
6.029230E-02 1.814539E-02 1.199058E-04
6.068250E-02 1.806249E-02 1.196926E-04
6.107270E-02 1.797940E-02 1.215309E-04
6.146290E-02 1.789556E-02 1.190595E-04
6.185310E-02 1.781171E-02 1.213999E-04
6.224330E-02 1.772804E-02 1.203587E-04
6.263350E-02 1.764447E-02 1.177073E-04
6.302380E-02 1.756090E-02 1.180959E-04
6.341400E-02 1.747787E-02 1.175630E-04
6.380420E-02 1.739484E-02 1.154627E-04
6.419440E-02 1.731099E-02 1.158779E-04
6.458460E-02 1.722631E-02 1.142516E-04
6.497480E-02 1.714165E-02 1.179614E-04
6.536500E-02 1.705813E-02 1.134273E-04
6.575520E-02 1.697470E-02 1.138225E-04
6.614540E-02 1.689097E-02 1.141268E-04
6.653560E-02 1.680672E-02 1.139222E-04
6.692580E-02 1.672246E-02 1.118458E-04
6.731600E-02 1.663859E-02 1.111127E-04
6.770620E-02 1.655481E-02 1.102740E-04
6.809640E-02 1.647097E-02 1.108060E-04
6.848660E-02 1.638696E-02 1.078567E-04
6.887680E-02 1.630293E-02 1.079059E-04
6.926700E-02 1.621883E-02 1.088324E-04
6.965720E-02 1.613469E-02 1.054888E-04
7.004740E-02 1.605061E-02 1.065766E-04
7.043760E-02 1.596700E-02 1.057296E-04
7.082780E-02 1.588340E-02 1.054971E-04
7.121800E-02 1.579986E-02 1.064823E-04
7.160820E-02 1.571636E-02 1.057506E-04
7.199840E-02 1.563287E-02 1.060603E-04
7.238860E-02 1.554901E-02 1.041179E-04
7.277880E-02 1.546516E-02 1.048079E-04
7.316900E-02 1.538140E-02 1.042734E-04
7.355920E-02 1.529776E-02 1.006476E-04
7.394940E-02 1.521411E-02 9.874160E-05
7.433950E-02 1.513095E-02 9.938580E-05
7.472970E-02 1.504784E-02 1.014812E-04
7.511990E-02 1.496486E-02 1.014850E-04
7.551010E-02 1.488215E-02 9.770800E-05
7.590030E-02 1.479944E-02 9.800800E-05
7.629050E-02 1.471699E-02 9.677200E-05
7.668070E-02 1.463462E-02 9.775430E-05
7.707090E-02 1.455222E-02 9.549610E-05
7.746100E-02 1.446968E-02 9.513920E-05
7.785120E-02 1.438713E-02 9.770650E-05
7.824140E-02 1.430488E-02 9.529270E-05
7.863160E-02 1.422283E-02 9.643390E-05
7.902180E-02 1.414078E-02 9.496640E-05
7.941200E-02 1.405881E-02 9.281660E-05
7.980210E-02 1.397687E-02 9.309980E-05
8.019230E-02 1.389486E-02 9.322760E-05
8.058250E-02 1.381279E-02 9.204930E-05
8.097270E-02 1.373072E-02 9.424680E-05
8.136290E-02 1.364999E-02 9.418200E-05
8.175300E-02 1.356939E-02 9.375500E-05
8.214320E-02 1.348891E-02 9.299580E-05
8.253340E-02 1.340869E-02 9.085750E-05
8.292360E-02 1.332848E-02 9.101270E-05
8.331370E-02 1.324831E-02 9.108980E-05
8.370390E-02 1.316813E-02 8.960850E-05
8.409410E-02 1.308808E-02 8.983630E-05
8.448420E-02 1.300846E-02 8.921550E-05
8.487440E-02 1.292882E-02 9.003020E-05
8.526460E-02 1.284921E-02 8.868020E-05
8.565480E-02 1.276963E-02 8.695680E-05
8.604490E-02 1.269016E-02 8.962230E-05
8.643510E-02 1.261128E-02 8.753040E-05
8.682530E-02 1.253241E-02 8.837510E-05
8.721540E-02 1.245406E-02 8.655230E-05
8.760560E-02 1.237610E-02 8.655490E-05
8.799580E-02 1.229815E-02 8.638530E-05
8.838590E-02 1.222026E-02 8.725110E-05
8.877610E-02 1.214235E-02 8.563390E-05
8.916620E-02 1.206470E-02 8.539790E-05
8.955640E-02 1.198735E-02 8.543030E-05
8.994660E-02 1.191000E-02 8.535040E-05
9.033670E-02 1.183301E-02 8.536150E-05
9.072690E-02 1.175604E-02 8.610180E-05
9.111700E-02 1.167939E-02 8.831480E-05
9.150720E-02 1.160341E-02 8.455170E-05
9.189730E-02 1.152745E-02 8.551700E-05
9.228750E-02 1.145182E-02 8.333830E-05
9.267770E-02 1.137631E-02 8.406990E-05
9.306780E-02 1.130089E-02 8.385450E-05
9.345800E-02 1.122579E-02 8.294990E-05
9.384810E-02 1.115071E-02 8.268420E-05
9.423830E-02 1.107604E-02 8.292020E-05
9.462840E-02 1.100167E-02 8.294990E-05
9.501860E-02 1.092732E-02 8.221800E-05
9.540870E-02 1.085368E-02 8.236280E-05
9.579890E-02 1.078002E-02 8.193070E-05
9.618900E-02 1.070659E-02 8.178810E-05
9.657920E-02 1.063336E-02 8.181650E-05
9.696930E-02 1.056015E-02 8.147700E-05
9.735940E-02 1.048799E-02 8.278840E-05
9.774960E-02 1.041589E-02 8.139280E-05
9.813970E-02 1.034379E-02 8.078310E-05
9.852990E-02 1.027162E-02 8.075580E-05
9.892000E-02 1.019948E-02 8.166850E-05
9.931010E-02 1.012807E-02 8.070110E-05
9.970030E-02 1.005683E-02 8.032130E-05
1.000900E-01 9.985925E-03 7.978790E-05
1.004810E-01 9.915572E-03 8.159720E-05
1.008710E-01 9.845412E-03 7.986730E-05
1.012610E-01 9.775654E-03 7.986730E-05
1.016510E-01 9.706091E-03 7.918750E-05
1.020410E-01 9.636581E-03 7.900750E-05
1.024310E-01 9.567464E-03 8.018250E-05
1.028210E-01 9.498345E-03 7.885410E-05
1.032110E-01 9.429552E-03 7.842440E-05
1.036020E-01 9.360868E-03 7.870160E-05
1.039920E-01 9.292359E-03 7.832430E-05
1.043820E-01 9.225140E-03 7.877780E-05
1.047720E-01 9.157956E-03 7.797690E-05
1.051620E-01 9.090879E-03 7.807570E-05
1.055520E-01 9.023957E-03 7.775610E-05
1.059420E-01 8.957042E-03 7.758560E-05
1.063320E-01 8.890629E-03 7.768290E-05
1.067230E-01 8.824139E-03 7.763420E-05
1.071130E-01 8.758096E-03 7.712840E-05
1.075030E-01 8.692716E-03 7.724800E-05
1.078930E-01 8.627343E-03 7.665580E-05
1.082830E-01 8.562519E-03 7.663240E-05
1.086730E-01 8.497893E-03 7.804370E-05
1.090630E-01 8.433404E-03 7.651570E-05
1.094530E-01 8.369600E-03 7.670270E-05
1.098440E-01 8.305627E-03 7.598570E-05
1.102340E-01 8.242275E-03 7.580390E-05
1.106240E-01 8.179225E-03 7.644600E-05
1.110140E-01 8.116197E-03 7.546660E-05
1.114040E-01 8.053738E-03 7.610000E-05
1.117940E-01 7.991280E-03 7.703320E-05
1.121840E-01 7.929313E-03 7.653900E-05
1.125740E-01 7.867884E-03 7.756130E-05
1.129640E-01 7.806458E-03 7.686740E-05
1.133550E-01 7.745417E-03 7.765850E-05
1.137450E-01 7.684590E-03 7.802630E-05
1.141350E-01 7.624022E-03 7.729590E-05
1.145250E-01 7.563937E-03 7.768290E-05
1.149150E-01 7.503852E-03 7.729590E-05
1.153050E-01 7.444554E-03 7.751290E-05
1.156950E-01 7.385477E-03 7.842440E-05
1.160850E-01 7.326398E-03 7.736800E-05
1.164750E-01 7.267307E-03 7.770720E-05
1.168650E-01 7.208209E-03 7.758560E-05
1.172550E-01 7.150254E-03 7.703650E-05
1.176460E-01 7.092757E-03 7.822460E-05
1.180360E-01 7.035422E-03 7.773170E-05
1.184260E-01 6.978250E-03 7.727630E-05
1.188160E-01 6.921072E-03 7.815000E-05
1.192060E-01 6.864225E-03 7.760990E-05
1.195960E-01 6.807675E-03 7.805100E-05
1.199860E-01 6.751117E-03 7.734400E-05
1.203760E-01 6.695979E-03 7.768290E-05
1.207660E-01 6.640887E-03 7.815000E-05
1.211560E-01 6.586003E-03 7.724800E-05
1.215460E-01 6.531437E-03 7.800160E-05
1.219370E-01 6.476736E-03 7.715230E-05
1.223270E-01 6.422756E-03 7.758560E-05
1.227170E-01 6.368891E-03 7.797690E-05
1.231070E-01 6.315285E-03 7.736800E-05
1.234970E-01 6.262353E-03 7.753710E-05
1.238870E-01 6.209428E-03 7.729590E-05
1.242770E-01 6.156970E-03 7.729590E-05
1.246670E-01 6.104709E-03 7.763420E-05
1.250570E-01 6.052554E-03 7.689040E-05
1.254470E-01 6.000978E-03 7.717820E-05
1.258370E-01 5.949409E-03 7.727190E-05
1.262270E-01 5.898374E-03 7.682040E-05
1.266170E-01 5.847736E-03 7.729590E-05
1.270070E-01 5.797103E-03 7.667920E-05
1.273980E-01 5.747146E-03 7.751290E-05
1.277880E-01 5.697312E-03 7.756130E-05
1.281780E-01 5.647738E-03 7.642280E-05
1.285680E-01 5.598478E-03 7.672410E-05
1.289580E-01 5.549220E-03 7.677370E-05
1.293480E-01 5.500625E-03 7.691470E-05
1.297380E-01 5.452114E-03 7.660760E-05
1.301280E-01 5.403908E-03 7.627970E-05
1.305180E-01 5.356324E-03 7.783710E-05
1.309080E-01 5.308740E-03 7.771550E-05
1.312980E-01 5.261789E-03 7.905880E-05
1.316880E-01 5.215028E-03 7.852990E-05
1.320780E-01 5.168379E-03 7.853420E-05
1.324680E-01 5.122150E-03 7.963070E-05
1.328580E-01 5.075912E-03 8.081220E-05
1.332480E-01 5.030459E-03 7.934110E-05
1.336380E-01 4.985450E-03 7.866660E-05
1.340280E-01 4.940476E-03 7.825860E-05
1.344180E-01 4.895981E-03 7.892710E-05
1.348080E-01 4.851486E-03 7.965670E-05
1.351990E-01 4.807285E-03 7.846530E-05
1.355890E-01 4.763585E-03 7.989870E-05
1.359790E-01 4.719884E-03 8.006770E-05
1.363690E-01 4.676684E-03 7.941140E-05
1.367590E-01 4.633507E-03 7.987600E-05
1.371490E-01 4.590637E-03 7.922750E-05
1.375390E-01 4.548244E-03 7.928880E-05
1.379290E-01 4.505851E-03 7.876470E-05
1.383190E-01 4.464336E-03 7.825370E-05
1.387090E-01 4.423025E-03 7.813860E-05
1.390990E-01 4.381847E-03 7.822840E-05
1.394890E-01 4.341052E-03 7.697190E-05
1.398790E-01 4.300258E-03 7.687110E-05
1.402690E-01 4.259889E-03 7.571340E-05
1.406590E-01 4.219719E-03 7.414070E-05
1.410490E-01 4.179677E-03 7.480040E-05
1.414390E-01 4.140494E-03 7.588220E-05
1.418290E-01 4.101312E-03 7.531850E-05
1.422190E-01 4.062478E-03 7.607620E-05
1.426090E-01 4.023919E-03 7.624830E-05
1.429990E-01 3.985362E-03 7.414020E-05
1.433890E-01 3.947797E-03 7.331370E-05
1.437790E-01 3.910232E-03 7.485140E-05
1.441690E-01 3.872866E-03 7.537840E-05
1.445590E-01 3.835751E-03 7.395580E-05
1.449490E-01 3.798642E-03 7.325290E-05
1.453390E-01 3.762179E-03 7.403250E-05
1.457290E-01 3.725818E-03 7.324930E-05
1.461190E-01 3.689693E-03 7.281560E-05
1.465090E-01 3.654090E-03 7.394060E-05
1.468990E-01 3.618497E-03 7.294230E-05
1.472890E-01 3.583296E-03 7.582550E-05
1.476790E-01 3.548233E-03 7.260240E-05
1.480690E-01 3.513330E-03 7.098020E-05
1.484590E-01 3.479165E-03 7.115270E-05
1.488490E-01 3.444999E-03 7.203430E-05
1.492390E-01 3.411119E-03 7.151860E-05
1.496290E-01 3.377405E-03 6.975540E-05
1.500190E-01 3.343751E-03 7.207830E-05
1.504090E-01 3.311072E-03 7.000220E-05
1.507990E-01 3.278391E-03 6.909410E-05
1.511890E-01 3.245918E-03 7.074380E-05
1.515790E-01 3.213657E-03 6.995620E-05
1.519690E-01 3.181402E-03 6.967730E-05
1.523590E-01 3.149946E-03 7.165080E-05
1.527490E-01 3.118568E-03 7.121440E-05
1.531390E-01 3.087377E-03 7.058950E-05
1.535290E-01 3.056539E-03 7.117140E-05
1.539190E-01 3.025706E-03 6.978990E-05
1.543090E-01 2.995300E-03 7.064020E-05
1.546990E-01 2.965016E-03 7.175540E-05
1.550890E-01 2.934939E-03 7.090020E-05
1.554790E-01 2.905604E-03 6.824010E-05
1.558690E-01 2.876260E-03 7.015070E-05
1.562590E-01 2.847224E-03 7.053630E-05
1.566490E-01 2.818325E-03 6.910960E-05
1.570390E-01 2.789516E-03 7.000040E-05
1.574290E-01 2.761415E-03 6.826470E-05
1.578190E-01 2.733315E-03 6.868950E-05
1.582090E-01 2.705531E-03 6.784340E-05
1.585980E-01 2.678091E-03 6.768260E-05
1.589880E-01 2.650582E-03 7.048530E-05
1.593780E-01 2.623697E-03 6.678670E-05
1.597680E-01 2.596838E-03 6.806260E-05
1.601580E-01 2.570183E-03 6.871040E-05
1.605480E-01 2.543808E-03 6.722320E-05
1.609380E-01 2.517439E-03 6.860290E-05
1.613280E-01 2.491542E-03 6.642820E-05
1.617180E-01 2.465730E-03 6.829540E-05
1.621080E-01 2.440118E-03 6.741310E-05
1.624980E-01 2.414995E-03 6.718890E-05
1.628880E-01 2.389872E-03 6.741690E-05
1.632780E-01 2.365220E-03 6.624600E-05
1.636680E-01 2.340751E-03 6.692020E-05
1.640580E-01 2.316367E-03 6.688960E-05
1.644480E-01 2.292428E-03 6.762290E-05
1.648380E-01 2.268489E-03 6.835450E-05
1.652280E-01 2.244898E-03 6.869080E-05
1.656170E-01 2.221619E-03 6.746150E-05
1.660070E-01 2.198295E-03 6.907780E-05
1.663970E-01 2.175713E-03 6.889120E-05
1.667870E-01 2.153129E-03 6.772520E-05
1.671770E-01 2.130687E-03 7.153610E-05
1.675670E-01 2.108416E-03 6.937950E-05
1.679570E-01 2.086145E-03 6.916460E-05
1.683470E-01 2.064515E-03 6.855230E-05
1.687370E-01 2.042971E-03 6.994760E-05
1.691270E-01 2.021561E-03 6.755550E-05
1.695170E-01 2.000432E-03 6.868370E-05
1.699070E-01 1.979304E-03 6.795630E-05
1.702970E-01 1.958591E-03 6.902040E-05
1.706860E-01 1.938052E-03 6.863630E-05
1.710760E-01 1.917572E-03 6.846360E-05
1.714660E-01 1.897524E-03 6.896460E-05
1.718560E-01 1.877467E-03 6.800080E-05
1.722460E-01 1.857825E-03 6.760270E-05
1.726360E-01 1.838407E-03 6.726500E-05
1.730260E-01 1.819022E-03 6.831340E-05
1.734160E-01 1.799958E-03 6.840200E-05
1.738060E-01 1.780894E-03 6.856930E-05
1.741960E-01 1.762117E-03 6.971700E-05
1.745850E-01 1.743671E-03 6.820780E-05
1.749750E-01 1.725175E-03 6.736290E-05
1.753650E-01 1.707289E-03 6.912970E-05
1.757550E-01 1.689442E-03 6.874500E-05
1.761450E-01 1.671714E-03 6.779380E-05
1.765350E-01 1.654203E-03 6.832500E-05
1.769250E-01 1.636686E-03 6.812130E-05
1.773150E-01 1.619660E-03 6.800460E-05
1.777050E-01 1.602739E-03 6.811850E-05
1.780940E-01 1.585944E-03 6.869170E-05
1.784840E-01 1.569340E-03 6.833050E-05
1.788740E-01 1.552744E-03 6.938700E-05
1.792640E-01 1.536533E-03 6.898550E-05
1.796540E-01 1.520524E-03 6.900180E-05
1.800440E-01 1.504544E-03 6.884540E-05
1.804340E-01 1.488862E-03 6.918420E-05
1.808240E-01 1.473189E-03 6.781660E-05
1.812130E-01 1.457792E-03 6.849660E-05
1.816030E-01 1.442557E-03 6.983220E-05
1.819930E-01 1.427321E-03 6.843780E-05
1.823830E-01 1.412659E-03 6.880020E-05
1.827730E-01 1.398005E-03 6.995860E-05
1.831630E-01 1.383489E-03 6.783570E-05
1.835530E-01 1.369162E-03 6.942660E-05
1.839420E-01 1.354877E-03 6.821980E-05
1.843320E-01 1.340961E-03 6.796620E-05
1.847220E-01 1.327123E-03 6.796980E-05
1.851120E-01 1.313382E-03 6.891140E-05
1.855020E-01 1.299879E-03 6.910810E-05
1.858920E-01 1.286382E-03 6.863720E-05
1.862820E-01 1.273152E-03 6.880290E-05
1.866710E-01 1.260058E-03 6.981570E-05
1.870610E-01 1.246998E-03 6.799180E-05
1.874510E-01 1.234294E-03 6.890580E-05
1.878410E-01 1.221598E-03 6.919630E-05
1.882310E-01 1.209162E-03 6.872660E-05
1.886210E-01 1.196897E-03 6.908550E-05
1.890100E-01 1.184680E-03 6.897540E-05
1.894000E-01 1.172827E-03 6.886090E-05
1.897900E-01 1.160983E-03 7.001880E-05
1.901800E-01 1.149257E-03 6.856120E-05
1.905700E-01 1.137665E-03 7.087970E-05
1.909600E-01 1.126073E-03 6.940490E-05
1.913490E-01 1.114895E-03 6.862690E-05
1.917390E-01 1.103739E-03 6.882030E-05
1.921290E-01 1.092667E-03 6.936190E-05
1.925190E-01 1.081786E-03 6.912440E-05
1.929090E-01 1.070899E-03 6.976780E-05
1.932980E-01 1.060367E-03 7.027020E-05
1.936880E-01 1.049909E-03 7.000330E-05
1.940780E-01 1.039503E-03 6.885150E-05
1.944680E-01 1.029313E-03 6.894200E-05
1.948580E-01 1.019124E-03 7.096750E-05
1.952470E-01 1.009179E-03 6.915410E-05
1.956370E-01 9.993420E-04 6.918810E-05
1.960270E-01 9.895249E-04 6.942610E-05
1.964170E-01 9.800364E-04 6.848080E-05
1.968070E-01 9.705495E-04 6.902650E-05
1.971960E-01 9.612031E-04 6.887370E-05
1.975860E-01 9.519648E-04 6.977090E-05
1.979760E-01 9.427206E-04 7.010900E-05
1.983660E-01 9.338195E-04 7.041400E-05
1.987560E-01 9.249433E-04 6.937640E-05
1.991450E-01 9.161594E-04 6.894010E-05
1.995350E-01 9.074693E-04 6.926260E-05
1.999250E-01 8.987794E-04 6.999850E-05
2.003150E-01 8.904117E-04 6.912400E-05
2.007050E-01 8.821229E-04 7.009270E-05
2.010940E-01 8.739231E-04 6.913020E-05
2.014840E-01 8.659478E-04 6.921680E-05
2.018740E-01 8.579661E-04 6.942480E-05
2.022640E-01 8.501022E-04 7.077370E-05
2.026530E-01 8.423227E-04 6.875200E-05
2.030430E-01 8.345451E-04 6.847060E-05
2.034330E-01 8.269878E-04 6.866130E-05
2.038230E-01 8.194364E-04 6.901300E-05
2.042120E-01 8.120968E-04 6.848080E-05
2.046020E-01 8.048927E-04 6.878680E-05
2.049920E-01 7.976956E-04 6.940600E-05
2.053820E-01 7.906798E-04 6.942830E-05
2.057710E-01 7.836861E-04 6.880680E-05
2.061610E-01 7.767628E-04 6.865040E-05
2.065510E-01 7.699819E-04 6.917380E-05
2.069410E-01 7.631924E-04 6.926610E-05
2.073300E-01 7.566879E-04 6.823500E-05
2.077200E-01 7.502236E-04 6.853700E-05
2.081100E-01 7.437897E-04 6.796980E-05
2.085000E-01 7.374405E-04 6.834640E-05
2.088890E-01 7.311062E-04 6.839110E-05
2.092790E-01 7.249502E-04 6.781660E-05
2.096690E-01 7.188730E-04 6.851600E-05
2.100590E-01 7.128269E-04 6.842770E-05
2.104480E-01 7.069890E-04 6.902180E-05
2.108380E-01 7.011353E-04 6.835980E-05
2.112280E-01 6.953803E-04 6.792310E-05
2.116180E-01 6.896970E-04 6.844880E-05
2.120070E-01 6.840299E-04 6.762110E-05
2.123970E-01 6.785853E-04 6.755830E-05
2.127870E-01 6.731421E-04 6.856260E-05
2.131760E-01 6.677985E-04 6.912400E-05
2.135660E-01 6.625446E-04 7.012630E-05
2.139560E-01 6.572853E-04 6.977480E-05
2.143460E-01 6.521789E-04 7.041510E-05
2.147350E-01 6.471002E-04 7.062170E-05
2.151250E-01 6.420698E-04 7.086940E-05
2.155150E-01 6.371779E-04 7.109460E-05
2.159040E-01 6.322928E-04 7.168090E-05
2.162940E-01 6.275972E-04 7.212060E-05
2.166840E-01 6.229798E-04 7.188700E-05
2.170740E-01 6.183622E-04 7.209580E-05
2.174630E-01 6.137747E-04 7.233290E-05
2.178530E-01 6.091800E-04 7.376390E-05
2.182430E-01 6.047643E-04 7.447620E-05
2.186320E-01 6.004548E-04 7.445060E-05
2.190220E-01 5.961451E-04 7.423320E-05
2.194120E-01 5.919173E-04 7.694410E-05
2.198010E-01 5.876932E-04 7.600550E-05
2.201910E-01 5.835492E-04 7.501700E-05
2.205810E-01 5.794997E-04 7.525920E-05
2.209700E-01 5.754610E-04 7.535880E-05
2.213600E-01 5.716140E-04 7.507610E-05
2.217500E-01 5.677743E-04 7.616280E-05
2.221390E-01 5.639681E-04 7.717400E-05
2.225290E-01 5.601753E-04 7.489910E-05
2.229190E-01 5.563829E-04 7.528420E-05
2.233080E-01 5.527141E-04 7.629890E-05
2.236980E-01 5.490539E-04 7.543390E-05
2.240880E-01 5.454409E-04 7.638870E-05
2.244770E-01 5.419897E-04 7.586850E-05
2.248670E-01 5.385267E-04 7.697740E-05
2.252570E-01 5.351542E-04 7.633020E-05
2.256460E-01 5.318344E-04 7.570560E-05
2.260360E-01 5.285119E-04 7.635630E-05
2.264260E-01 5.252755E-04 7.607250E-05
2.268150E-01 5.220593E-04 7.625800E-05
2.272050E-01 5.188963E-04 7.635130E-05
2.275950E-01 5.157940E-04 7.641360E-05
2.279840E-01 5.127042E-04 7.657020E-05
2.283740E-01 5.096855E-04 7.675930E-05
2.287630E-01 5.066858E-04 7.713690E-05
2.291530E-01 5.037321E-04 7.749010E-05
2.295430E-01 5.008699E-04 8.049690E-05
2.299320E-01 4.980201E-04 7.742350E-05
2.303220E-01 4.952928E-04 7.756270E-05
2.307120E-01 4.925854E-04 7.768140E-05
2.311010E-01 4.898656E-04 7.824030E-05
2.314910E-01 4.870828E-04 7.785820E-05
2.318810E-01 4.842987E-04 7.792440E-05
2.322700E-01 4.817013E-04 7.842570E-05
2.326600E-01 4.791815E-04 7.779230E-05
2.330490E-01 4.766714E-04 7.904830E-05
2.334390E-01 4.742081E-04 7.839200E-05
2.338290E-01 4.717464E-04 7.914910E-05
2.342180E-01 4.693371E-04 7.886810E-05
2.346080E-01 4.669499E-04 7.852710E-05
2.349970E-01 4.645713E-04 7.977470E-05
2.353870E-01 4.622499E-04 7.883380E-05
2.357770E-01 4.599268E-04 8.025940E-05
2.361660E-01 4.576649E-04 7.984700E-05
2.365560E-01 4.554652E-04 7.910940E-05
2.369450E-01 4.532679E-04 7.998980E-05
2.373350E-01 4.511567E-04 7.928320E-05
2.377250E-01 4.490598E-04 7.963420E-05
2.381140E-01 4.469773E-04 8.045940E-05
2.385040E-01 4.449293E-04 8.020560E-05
2.388930E-01 4.428782E-04 8.114180E-05
2.392830E-01 4.408912E-04 7.988270E-05
2.396720E-01 4.389266E-04 8.049590E-05
2.400620E-01 4.369667E-04 8.121580E-05
2.404520E-01 4.350612E-04 8.075250E-05
2.408410E-01 4.331595E-04 8.170340E-05
2.412310E-01 4.313144E-04 8.053240E-05
2.416200E-01 4.295174E-04 8.138620E-05
2.420100E-01 4.277177E-04 8.119830E-05
2.423990E-01 4.259333E-04 8.108620E-05
2.427890E-01 4.241459E-04 8.161340E-05
2.431790E-01 4.224106E-04 8.191940E-05
2.435680E-01 4.207327E-04 8.168960E-05
2.439580E-01 4.190514E-04 8.168960E-05
2.443470E-01 4.173980E-04 8.222880E-05
2.447370E-01 4.157496E-04 8.191940E-05
2.451260E-01 4.141208E-04 8.226770E-05
2.455160E-01 4.125228E-04 8.273920E-05
2.459050E-01 4.109351E-04 8.188090E-05
2.462950E-01 4.093754E-04 8.285830E-05
2.466840E-01 4.078437E-04 8.365230E-05
2.470740E-01 4.063198E-04 8.262060E-05
2.474630E-01 4.048395E-04 8.242400E-05
2.478530E-01 4.033590E-04 8.258110E-05
2.482430E-01 4.019059E-04 8.293800E-05
2.486320E-01 4.004659E-04 8.199640E-05
2.490220E-01 3.990259E-04 8.281850E-05
2.494110E-01 3.976412E-04 8.285800E-05
2.498010E-01 3.962619E-04 8.437110E-05
2.501900E-01 3.949418E-04 8.325920E-05
2.505800E-01 3.936824E-04 8.188090E-05
2.509690E-01 3.924251E-04 8.313830E-05
2.513590E-01 3.910785E-04 8.250240E-05
2.517480E-01 3.897311E-04 8.285830E-05
2.521380E-01 3.884206E-04 8.301800E-05
2.525270E-01 3.871979E-04 8.230670E-05
2.529170E-01 3.859741E-04 8.350250E-05
2.533060E-01 3.847324E-04 8.207370E-05
2.536960E-01 3.834845E-04 8.289810E-05
2.540850E-01 3.822665E-04 8.329960E-05
2.544750E-01 3.811107E-04 8.269960E-05
2.548640E-01 3.799573E-04 8.317860E-05
2.552540E-01 3.788126E-04 8.258110E-05
2.556430E-01 3.776834E-04 8.254180E-05
2.560330E-01 3.765494E-04 8.269960E-05
2.564220E-01 3.754230E-04 8.273920E-05
2.568110E-01 3.742891E-04 8.285830E-05
2.572010E-01 3.732104E-04 8.184260E-05
2.575900E-01 3.721776E-04 8.281850E-05
2.579800E-01 3.711429E-04 8.207370E-05
2.583690E-01 3.700841E-04 8.254180E-05
2.587590E-01 3.690183E-04 8.238480E-05
2.591480E-01 3.679803E-04 8.218990E-05
2.595380E-01 3.669831E-04 8.258110E-05
2.599270E-01 3.659876E-04 8.203500E-05
2.603170E-01 3.650067E-04 8.262060E-05
2.607060E-01 3.640278E-04 8.218990E-05
2.610960E-01 3.630583E-04 8.250240E-05
2.614850E-01 3.620726E-04 8.269960E-05
2.618740E-01 3.610870E-04 8.191940E-05
2.622640E-01 3.601377E-04 8.289810E-05
2.626530E-01 3.592090E-04 8.262060E-05
2.630430E-01 3.582801E-04 8.234570E-05
2.634320E-01 3.573769E-04 8.285830E-05
2.638220E-01 3.564659E-04 8.211240E-05
2.642110E-01 3.555759E-04 8.297800E-05
2.646000E-01 3.546823E-04 8.234570E-05
2.649900E-01 3.537951E-04 8.277880E-05
2.653790E-01 3.529101E-04 8.289860E-05
2.657690E-01 3.520200E-04 8.273920E-05
2.661580E-01 3.511595E-04 8.289810E-05
2.665480E-01 3.503360E-04 8.234570E-05
2.669370E-01 3.495049E-04 8.277880E-05
2.673260E-01 3.486849E-04 8.258110E-05
2.677160E-01 3.478704E-04 8.305800E-05
2.681050E-01 3.470609E-04 8.297800E-05
2.684950E-01 3.462585E-04 8.242400E-05
2.688840E-01 3.454654E-04 8.266000E-05
2.692730E-01 3.446712E-04 8.246320E-05
2.696630E-01 3.438798E-04 8.285830E-05
2.700520E-01 3.430976E-04 8.254180E-05
2.704420E-01 3.422991E-04 8.218990E-05
2.708310E-01 3.415086E-04 8.285830E-05
2.712200E-01 3.407490E-04 8.184260E-05
2.716100E-01 3.400189E-04 8.254180E-05
2.719990E-01 3.392892E-04 8.180420E-05
2.723880E-01 3.385380E-04 8.215110E-05
2.727780E-01 3.377867E-04 8.246320E-05
2.731670E-01 3.370492E-04 8.157540E-05
2.735570E-01 3.363228E-04 8.222880E-05
2.739460E-01 3.355962E-04 8.161340E-05
2.743350E-01 3.348963E-04 8.222880E-05
2.747250E-01 3.342042E-04 8.195790E-05
2.751140E-01 3.335180E-04 8.165150E-05
2.755030E-01 3.328185E-04 8.218990E-05
2.758930E-01 3.321259E-04 8.184260E-05
2.762820E-01 3.314357E-04 8.203500E-05
2.766710E-01 3.307432E-04 8.203500E-05
2.770610E-01 3.300473E-04 8.207370E-05
2.774500E-01 3.293694E-04 8.246320E-05
2.778390E-01 3.286915E-04 8.168960E-05
2.782290E-01 3.280377E-04 8.234570E-05
2.786180E-01 3.274161E-04 8.165150E-05
2.790080E-01 3.267889E-04 8.211240E-05
2.793970E-01 3.261428E-04 8.289810E-05
2.797860E-01 3.254962E-04 8.153750E-05
2.801750E-01 3.248607E-04 8.246320E-05
2.805650E-01 3.242285E-04 8.188090E-05
2.809540E-01 3.236022E-04 8.270060E-05
2.813430E-01 3.229796E-04 8.218990E-05
2.817330E-01 3.223512E-04 8.222880E-05
2.821220E-01 3.217324E-04 8.250240E-05
2.825110E-01 3.211373E-04 8.222880E-05
2.829010E-01 3.205345E-04 8.226770E-05
2.832900E-01 3.199212E-04 8.199640E-05
2.836790E-01 3.193045E-04 8.234570E-05
2.840690E-01 3.186922E-04 8.269960E-05
2.844580E-01 3.181235E-04 8.188090E-05
2.848470E-01 3.175531E-04 8.281850E-05
2.852360E-01 3.169785E-04 8.180420E-05
2.856260E-01 3.163949E-04 8.246320E-05
2.860150E-01 3.158189E-04 8.266000E-05
2.864040E-01 3.152512E-04 8.238480E-05
2.867940E-01 3.146772E-04 8.242400E-05
2.871830E-01 3.141203E-04 8.218990E-05
2.875720E-01 3.135693E-04 8.281850E-05
2.879610E-01 3.130173E-04 8.188090E-05
2.883510E-01 3.124710E-04 8.254180E-05
2.887400E-01 3.119259E-04 8.281850E-05
2.891290E-01 3.113916E-04 8.234570E-05
2.895190E-01 3.108665E-04 8.305800E-05
2.899080E-01 3.103346E-04 8.289810E-05
2.902970E-01 3.098102E-04 8.329960E-05
2.906860E-01 3.092856E-04 8.407870E-05
2.910760E-01 3.087619E-04 8.313830E-05
2.914650E-01 3.082444E-04 8.496570E-05
2.918540E-01 3.077267E-04 8.358410E-05
2.922430E-01 3.072208E-04 8.470940E-05
2.926330E-01 3.067187E-04 8.445540E-05
2.930220E-01 3.062264E-04 8.479460E-05
2.934110E-01 3.057250E-04 8.548540E-05
2.938000E-01 3.052235E-04 8.479460E-05
2.941890E-01 3.047334E-04 8.592580E-05
2.945790E-01 3.042586E-04 8.535460E-05
2.949680E-01 3.037786E-04 8.592580E-05
2.953570E-01 3.032836E-04 8.610390E-05
2.957460E-01 3.027831E-04 8.916240E-05
2.961360E-01 3.023053E-04 9.207630E-05
2.965250E-01 3.018715E-04 9.246090E-05
2.969140E-01 3.014298E-04 9.416600E-05
2.973030E-01 3.009939E-04 9.615490E-05
2.976920E-01 3.005496E-04 9.703770E-05
2.980820E-01 3.001018E-04 9.915040E-05
2.984710E-01 2.996515E-04 1.008286E-04
2.988600E-01 2.992001E-04 1.023692E-04
2.992490E-01 2.987414E-04 1.031280E-04
2.996380E-01 2.982851E-04 1.052644E-04
3.000280E-01 2.978276E-04 1.071930E-04
3.004170E-01 2.974363E-04 1.076264E-04
3.008060E-01 2.970435E-04 1.099684E-04
3.011950E-01 2.966462E-04 1.111652E-04
3.015840E-01 2.962472E-04 1.130721E-04
3.019730E-01 2.958465E-04 1.151508E-04
3.023630E-01 2.954343E-04 1.155805E-04
3.027520E-01 2.950240E-04 1.179140E-04
3.031410E-01 2.946258E-04 1.201249E-04
3.035300E-01 2.942433E-04 1.223413E-04
3.039190E-01 2.938531E-04 1.231831E-04
3.043080E-01 2.934822E-04 1.248210E-04
3.046980E-01 2.931133E-04 1.263056E-04
3.050870E-01 2.927405E-04 1.301193E-04
3.054760E-01 2.923456E-04 1.311964E-04
3.058650E-01 2.919531E-04 1.326279E-04
3.062540E-01 2.915968E-04 1.327879E-04
3.066430E-01 2.912583E-04 1.359771E-04
3.070330E-01 2.909182E-04 1.359777E-04
3.074220E-01 2.905864E-04 1.388615E-04
3.078110E-01 2.902457E-04 1.386928E-04
3.082000E-01 2.899120E-04 1.372109E-04
3.085890E-01 2.895685E-04 1.372097E-04
3.089780E-01 2.892239E-04 1.373872E-04
3.093670E-01 2.889094E-04 1.404807E-04
3.097560E-01 2.885953E-04 1.388171E-04
3.101460E-01 2.882842E-04 1.393598E-04
3.105350E-01 2.879916E-04 1.387952E-04
3.109240E-01 2.876926E-04 1.381105E-04
3.113130E-01 2.873912E-04 1.395496E-04
3.117020E-01 2.870918E-04 1.421230E-04
3.120910E-01 2.867986E-04 1.431030E-04
3.124800E-01 2.865277E-04 1.397400E-04
3.128690E-01 2.862495E-04 1.424919E-04
3.132580E-01 2.859730E-04 1.447575E-04
3.136470E-01 2.856898E-04 1.437220E-04
3.140370E-01 2.854147E-04 1.503512E-04
3.144260E-01 2.851482E-04 1.491062E-04
3.148150E-01 2.848903E-04 1.485734E-04
3.152040E-01 2.846341E-04 1.487511E-04
3.155930E-01 2.843874E-04 1.462811E-04
3.159820E-01 2.841336E-04 1.491451E-04
3.163710E-01 2.839121E-04 1.484608E-04
3.167600E-01 2.836825E-04 1.529481E-04
3.171490E-01 2.834545E-04 1.570753E-04
3.175380E-01 2.832268E-04 1.478385E-04
3.179270E-01 2.830067E-04 1.539524E-04
3.183160E-01 2.828027E-04 1.523302E-04
3.187050E-01 2.825972E-04 1.544652E-04
3.190940E-01 2.823983E-04 1.538360E-04
3.194830E-01 2.821968E-04 1.548650E-04
3.198720E-01 2.819898E-04 1.572579E-04
3.202620E-01 2.817887E-04 1.556505E-04
3.206510E-01 2.815926E-04 1.583218E-04
3.210400E-01 2.813914E-04 1.589162E-04
3.214290E-01 2.812265E-04 1.612679E-04
3.218180E-01 2.810627E-04 1.659743E-04
3.222070E-01 2.808966E-04 1.615508E-04
3.225960E-01 2.807291E-04 1.621755E-04
3.229850E-01 2.805690E-04 1.639381E-04
3.233740E-01 2.804434E-04 1.633285E-04
3.237630E-01 2.803102E-04 1.670692E-04
3.241520E-01 2.801768E-04 1.623966E-04
3.245410E-01 2.800223E-04 1.691729E-04
3.249300E-01 2.798744E-04 1.690385E-04
3.253190E-01 2.797473E-04 1.698041E-04
3.257080E-01 2.796283E-04 1.683768E-04
3.260970E-01 2.795105E-04 1.717027E-04
3.264860E-01 2.794001E-04 1.714243E-04
3.268750E-01 2.792884E-04 1.809873E-04
3.272640E-01 2.791759E-04 1.710142E-04
3.276530E-01 2.790673E-04 1.745460E-04
3.280420E-01 2.789589E-04 1.790577E-04
3.284310E-01 2.788691E-04 1.755164E-04
3.288200E-01 2.787795E-04 1.770495E-04
3.292090E-01 2.787063E-04 1.819953E-04
3.295980E-01 2.786502E-04 1.798648E-04
3.299870E-01 2.785921E-04 1.806506E-04
3.303760E-01 2.785097E-04 1.929718E-04
3.307650E-01 2.784264E-04 1.865740E-04
3.311530E-01 2.783628E-04 1.816882E-04
3.315420E-01 2.783213E-04 1.850993E-04
3.319310E-01 2.782808E-04 1.885499E-04
3.323200E-01 2.782227E-04 1.943861E-04
3.327090E-01 2.781714E-04 1.922694E-04
3.330980E-01 2.781283E-04 1.936216E-04
3.334870E-01 2.781045E-04 1.895112E-04
3.338760E-01 2.780905E-04 1.995795E-04
3.342650E-01 2.780641E-04 1.914451E-04
3.346540E-01 2.780376E-04 2.080399E-04
3.350430E-01 2.780125E-04 1.967506E-04
3.354320E-01 2.779994E-04 2.038551E-04
3.358210E-01 2.779861E-04 2.015399E-04
3.362100E-01 2.779875E-04 2.103935E-04
3.365990E-01 2.779835E-04 2.026726E-04
3.369870E-01 2.779880E-04 2.038153E-04
3.373760E-01 2.780122E-04 2.283696E-04
3.377650E-01 2.780378E-04 2.369938E-04
3.381540E-01 2.780599E-04 2.330691E-04
3.385430E-01 2.780775E-04 2.513145E-04
3.389320E-01 2.780867E-04 2.499806E-04
3.393210E-01 2.781113E-04 2.681560E-04
3.397100E-01 2.781420E-04 2.847970E-04
3.400990E-01 2.781673E-04 2.799604E-04
3.404870E-01 2.782223E-04 2.986880E-04
3.408760E-01 2.782697E-04 3.000426E-04
3.412650E-01 2.783198E-04 3.488533E-04
3.416540E-01 2.783663E-04 3.978211E-04
3.420430E-01 2.784075E-04 4.270851E-04
3.424320E-01 2.784591E-04 5.026348E-04
3.428210E-01 2.785028E-04 6.213788E-04
3.432100E-01 2.785645E-04 7.163047E-04
3.435980E-01 2.786367E-04 9.452773E-04
