2.321038561785826460e-02
2.315917692249058746e-02
2.310703238799760584e-02
2.306084501469740644e-02
2.301706678917980753e-02
2.296069968724623322e-02
2.289479911451053340e-02
2.282357691728975624e-02
2.275201349038979970e-02
2.267454441607696936e-02
2.259336008137324825e-02
2.250912634917767718e-02
2.242212080454919487e-02
2.232888205980998464e-02
2.223025290550140198e-02
2.212758392306568567e-02
2.202219012542627752e-02
2.191511233286291827e-02
2.180414719623513520e-02
2.168846535278134979e-02
2.156932000616507139e-02
2.144917513942345977e-02
2.131941156949324068e-02
2.119000007587601431e-02
2.105908258999988902e-02
2.092512551098479889e-02
2.078617700681206770e-02
2.064484888069273438e-02
2.049919684395717923e-02
2.035014911962207407e-02
2.019953236049332190e-02
2.004162080993410200e-02
1.988709333818405867e-02
1.973043979160138406e-02
1.956959724338958040e-02
1.940736039614421315e-02
1.924272820542682894e-02
1.907530083735764492e-02
1.890537122562818695e-02
1.873362769765662961e-02
1.856085915278526954e-02
1.838686870360106695e-02
1.821049631507776212e-02
1.803208254568744451e-02
1.785402934183366597e-02
1.767304106942901853e-02
1.749148481940210331e-02
1.730955337916384451e-02
1.712694695743266493e-02
1.694034917636599857e-02
1.675426839756255504e-02
1.656787486899702344e-02
1.638077365532808471e-02
1.619295861200953368e-02
1.600523013985366561e-02
1.581700878159608692e-02
1.562834492688125465e-02
1.543959791888482869e-02
1.525234267137420829e-02
1.506160687677038368e-02
1.487178462593874428e-02
1.468412263784557581e-02
1.449810531721595908e-02
1.430843343314336380e-02
1.412015333698946051e-02
1.393214423842437100e-02
1.374403883164632134e-02
1.356114766076643718e-02
1.337713037628418533e-02
1.319099357806408079e-02
1.300426447232894134e-02
1.282018081110436469e-02
1.263998800004628720e-02
1.245856833975267364e-02
1.227875063341343775e-02
1.210184941737679765e-02
1.192410681051114807e-02
1.174844286470033694e-02
1.157392890763730975e-02
1.140083449899975676e-02
1.122979887168185087e-02
1.105832636585546425e-02
1.088944885577802779e-02
1.072251767891430063e-02
1.055711443314066855e-02
1.039376731660013320e-02
1.023304243881284492e-02
1.007332838798902230e-02
9.915043106047960464e-03
9.759041685356351081e-03
9.604606178982066922e-03
9.451812793486169539e-03
9.301768795921816491e-03
9.154308393590326887e-03
9.006965200569538865e-03
8.862837099513853900e-03
8.720152408386638854e-03
8.579464841204753611e-03
8.441479343673563562e-03
8.304273889734758995e-03
8.168946663317910861e-03
8.036889228606014512e-03
7.907616321062960196e-03
7.777774078931543045e-03
7.652876614884007722e-03
7.528503175308287609e-03
7.405638845739304088e-03
7.285702144145034254e-03
7.168143873059307225e-03
7.053326135064708069e-03
6.939696860172261950e-03
6.827164828791865148e-03
6.717115360970637994e-03
6.609609562929108506e-03
6.503755096218810650e-03
6.399974819942144677e-03
6.298635563325660769e-03
6.199788742833334254e-03
6.102526472659519641e-03
6.007267585118825082e-03
5.913918698752240743e-03
5.821528300657519139e-03
5.731491540700517362e-03
5.643081728976540035e-03
5.556713973419391550e-03
5.472251015362417093e-03
5.389761304286366794e-03
5.308646876073908061e-03
5.229688664257992059e-03
5.152500702479301253e-03
5.076510696653713239e-03
5.001809700388548663e-03
4.929081423597381217e-03
4.858306595451722387e-03
4.788986705534625798e-03
4.720882444871676853e-03
4.654402315281913616e-03
4.589156432757590665e-03
4.525160523371596355e-03
4.462648127173451940e-03
4.401145567044295603e-03
4.341445725003723055e-03
4.283156074507132871e-03
4.225921471970650600e-03
4.170456955307599856e-03
4.115760250897437800e-03
4.062039595055466634e-03
4.009238323078534449e-03
3.957353866553603439e-03
3.907151580506251776e-03
3.857659048890127451e-03
3.809302771514921915e-03
3.761987220286755473e-03
3.715364712888913346e-03
3.669578959261343698e-03
3.624651741802153992e-03
3.580651726224459708e-03
3.537377914653916378e-03
3.494641243605656200e-03
3.452475906669860706e-03
3.411437662180105690e-03
3.371576499375805724e-03
3.332431703029214987e-03
3.293539815331314458e-03
3.255264642803012975e-03
3.217454589730550651e-03
3.180027663802320603e-03
3.143717648072197335e-03
3.107287385091694887e-03
3.070945112540357513e-03
3.035147729406162398e-03
3.000685725510265911e-03
2.967051651012297953e-03
2.933006869170640130e-03
2.899182842156733386e-03
2.866202252107541426e-03
2.833449255604136852e-03
2.800702169452051749e-03
2.768479259657397051e-03
2.736826873842801433e-03
2.705005602592791547e-03
2.673753929911981686e-03
2.642929348212419427e-03
2.612314032376161776e-03
2.581799406243590056e-03
2.551235099645055016e-03
2.521079945609017159e-03
2.491335704462471767e-03
2.461815462311278679e-03
2.432013834095414495e-03
2.402813832986794296e-03
2.373645986153860576e-03
2.344690970176088740e-03
2.316092851287976373e-03
2.287677692038414534e-03
2.259528106378638768e-03
2.231298710285045672e-03
2.203039069627266144e-03
2.174877816059961333e-03
2.146899812714764266e-03
2.119357551237044390e-03
2.092105263500343426e-03
2.064929424932415714e-03
2.037397144704300445e-03
2.010595069577902905e-03
1.984172381071402924e-03
1.957688218908515410e-03
1.930478603071605903e-03
1.903991092149226461e-03
1.877774085414785077e-03
1.851768489586902433e-03
1.825873946245337720e-03
1.799761411803046940e-03
1.774257827833025658e-03
1.748959556493900891e-03
1.723808512110736046e-03
1.698865063303856004e-03
1.673587277764454484e-03
1.648733305614769051e-03
1.624112410581801669e-03
1.599678251750447089e-03
1.575840944724404835e-03
1.551679923181836784e-03
1.527806813669485564e-03
1.504191296021417656e-03
1.480554559520896873e-03
1.457444805282648304e-03
1.434463250006956514e-03
1.411652756701187172e-03
1.389069868537262664e-03
1.366824674164490716e-03
1.344754150409244176e-03
1.322755324736135663e-03
1.301080324878967076e-03
1.280061664601817029e-03
1.258975264363471069e-03
1.238114600482731475e-03
1.217586003690485086e-03
1.197360897890575870e-03
1.177011292270435661e-03
1.157202089757447538e-03
1.137985087211745849e-03
1.118953808258993377e-03
1.099576680758218572e-03
1.081237914149824064e-03
1.062790410742309177e-03
1.044645728256909933e-03
1.026935823574604001e-03
1.009466096661526535e-03
9.921546371742806514e-04
9.753931525438019889e-04
9.589482327783116489e-04
9.424936907862502267e-04
9.264978469900597702e-04
9.108686092531570466e-04
8.954858391234665760e-04
8.803374388435258879e-04
8.654228133764263475e-04
8.509004326242575189e-04
8.368030491965328110e-04
8.229881551642392878e-04
8.093367620176650234e-04
7.960017375125971739e-04
7.829356802631082246e-04
7.702519234271676396e-04
7.579553823688911507e-04
7.458863628926337697e-04
7.341814382471056888e-04
7.226271957279095659e-04
7.112639395927544683e-04
7.002220306731032906e-04
6.897758750028515351e-04
6.794589045284737949e-04
6.693262515682363301e-04
6.594338840386626543e-04
6.500014641233065049e-04
6.407873552234377712e-04
6.317560928437160328e-04
6.229653854461503215e-04
6.145111253204049717e-04
6.063727541913976893e-04
5.983810779639497923e-04
5.905973823132626421e-04
5.830960950561348000e-04
5.759294417089222407e-04
5.689336822456425580e-04
5.622775851747974230e-04
5.557822904052045487e-04
5.492558865967112069e-04
5.433473043581216189e-04
5.375014992523574620e-04
5.318342691111865861e-04
5.263545889988563431e-04
5.210184974089315801e-04
5.159969315968737646e-04
5.111752271886871313e-04
5.064973737489708583e-04
5.019100727281511354e-04
4.975961138597995159e-04
4.934883929763600463e-04
4.895143396765888610e-04
4.856817811287328368e-04
4.820568791501500527e-04
4.785232806057138077e-04
4.751826530196012754e-04
4.719922767435491551e-04
4.688959879217691196e-04
4.659721732878097100e-04
4.631662311567197321e-04
4.605336520171476877e-04
4.580275336820704979e-04
4.554987958158562833e-04
4.532626314244225796e-04
4.510741520675765059e-04
4.489313078579471039e-04
4.468729696895934467e-04
4.451176785096322419e-04
4.432874142707987630e-04
4.415280325531512062e-04
4.399017424816520361e-04
4.384484251431786106e-04
4.369631004976781696e-04
4.356194934587165335e-04
4.343439400713577925e-04
4.330853111014221213e-04
4.319409378013006062e-04
4.308445654999104590e-04
4.298349807640988729e-04
4.288847486009217391e-04
4.279225498180494469e-04
4.271021571184974164e-04
4.263186474986468966e-04
4.256027801545769762e-04
4.249468420880475605e-04
4.241580759298813064e-04
4.235404452685997967e-04
4.229695859976345673e-04
4.224184170311673370e-04
4.219056225736039778e-04
4.214423917403564701e-04
4.210152809207556857e-04
4.205944572674980009e-04
4.201716170655345195e-04
4.198641623816001811e-04
4.195725606166433863e-04
4.192461140064551728e-04
4.189312002722545003e-04
4.187079476594135485e-04
4.184754353957487183e-04
4.182468623241675232e-04
4.180418899579763092e-04
4.178706388699993113e-04
4.177364791075888206e-04
4.175867344429207151e-04
4.174628521411705151e-04
4.173387097523573175e-04
4.171343864243226562e-04
4.171183472578832152e-04
4.170854589062855666e-04
4.170317857301597542e-04
4.169665345159501157e-04
4.168875113919057185e-04
4.168465110012675723e-04
4.168342090622445539e-04
4.168359010918720742e-04
4.168142813796293922e-04
4.168411885814293782e-04
4.168607796657397557e-04
4.168775433015525778e-04
4.169006356846693961e-04
4.169413399779386964e-04
4.169851702329196996e-04
4.170281492577032623e-04
4.170923904780465818e-04
4.172381319165197056e-04
4.173227563057935185e-04
4.174434272954385960e-04
4.175420378373928543e-04
4.175974214604138979e-04
4.177272318770519632e-04
4.178430304477842583e-04
4.179492136699991534e-04
4.180791667636185593e-04
4.182695793701896037e-04
4.184178862942644628e-04
4.185576034956284275e-04
4.186973613400368777e-04
4.188491254808468511e-04
4.190572101379075320e-04
4.192223487962110084e-04
4.193927984488254879e-04
4.193927984488254879e-04
