2.276095747947692871e-02 2.361446246504783630e-02
2.271542698144912720e-02 2.356030791997909546e-02
2.266539074480533600e-02 2.350800670683383942e-02
2.261322736740112305e-02 2.346570603549480438e-02
2.256816066801548004e-02 2.342095598578453064e-02
2.252493798732757568e-02 2.335597015917301178e-02
2.247399091720581055e-02 2.328141964972019196e-02
2.240924723446369171e-02 2.320731990039348602e-02
2.233911305665969849e-02 2.313487790524959564e-02
2.226557582616806030e-02 2.305417507886886597e-02
2.219005301594734192e-02 2.296918071806430817e-02
2.211327850818634033e-02 2.288042008876800537e-02
2.203595265746116638e-02 2.278704941272735596e-02
2.194634266197681427e-02 2.269083261489868164e-02
2.185697667300701141e-02 2.258432470262050629e-02
2.176626585423946381e-02 2.247457951307296753e-02
2.167186886072158813e-02 2.236592769622802734e-02
2.156783267855644226e-02 2.225314266979694366e-02
2.146410942077636719e-02 2.213768102228641510e-02
2.135785855352878571e-02 2.201651036739349365e-02
2.124837972223758698e-02 2.189190126955509186e-02
2.113575860857963562e-02 2.176863886415958405e-02
2.101492322981357574e-02 2.163079380989074707e-02
2.089727297425270081e-02 2.149420790374279022e-02
2.077805437147617340e-02 2.135716192424297333e-02
2.065394632518291473e-02 2.121787145733833313e-02
2.052300609648227692e-02 2.107306011021137238e-02
2.038978040218353271e-02 2.092691697180271149e-02
2.025515586137771606e-02 2.077460661530494690e-02
2.011913247406482697e-02 2.061742730438709259e-02
1.998125202953815460e-02 2.045854739844799042e-02
1.982809603214263916e-02 2.029430307447910309e-02
1.968751288950443268e-02 2.013185992836952209e-02
1.954541727900505066e-02 1.996722631156444550e-02
1.939585804939270020e-02 1.979945413768291473e-02
1.924397051334381104e-02 1.963247172534465790e-02
1.908971183001995087e-02 1.945941708981990814e-02
1.893240958452224731e-02 1.928408443927764893e-02
1.877267472445964813e-02 1.910736784338951111e-02
1.861162669956684113e-02 1.892982795834541321e-02
1.845001988112926483e-02 1.875016838312149048e-02
1.828400231897830963e-02 1.857087388634681702e-02
1.811749674379825592e-02 1.838832348585128784e-02
1.795125193893909454e-02 1.820252276957035065e-02
1.778204180300235748e-02 1.801818236708641052e-02
1.761402003467082977e-02 1.782817952334880829e-02
1.744292862713336945e-02 1.764006353914737701e-02
1.726961508393287659e-02 1.745322346687316895e-02
1.709546148777008057e-02 1.726567558944225311e-02
1.691927760839462280e-02 1.707169972360134125e-02
1.673837937414646149e-02 1.688170433044433594e-02
1.656088232994079590e-02 1.668983884155750275e-02
1.638729684054851532e-02 1.649506576359272003e-02
1.621128059923648834e-02 1.630056835711002350e-02
1.602901518344879150e-02 1.610812544822692871e-02
1.584649831056594849e-02 1.591580733656883240e-02
1.566541381180286407e-02 1.572263054549694061e-02
1.548630837351083755e-02 1.552850473672151566e-02
1.530351955443620682e-02 1.533852703869342804e-02
1.511874422430992126e-02 1.514189224690198898e-02
1.493578869849443436e-02 1.494677364826202393e-02
1.475525647401809692e-02 1.475522760301828384e-02
1.457566954195499420e-02 1.456586178392171860e-02
1.439033448696136475e-02 1.437253318727016449e-02
1.420907583087682724e-02 1.418072078377008438e-02
1.402774732559919357e-02 1.398876681923866272e-02
1.384362857788801193e-02 1.379634253680706024e-02
1.366376131772994995e-02 1.361210085451602936e-02
1.348312478512525558e-02 1.342471130192279816e-02
1.330142933875322342e-02 1.323463674634695053e-02
1.312018837779760361e-02 1.304361317306756973e-02
1.294225454330444336e-02 1.285457611083984375e-02
1.276461035013198853e-02 1.267485506832599640e-02
1.258514542132616043e-02 1.249092258512973785e-02
1.240646000951528549e-02 1.230988092720508575e-02
1.223006565123796463e-02 1.213468052446842194e-02
1.205410994589328766e-02 1.195343490689992905e-02
1.188285183161497116e-02 1.177483983337879181e-02
1.171076297760009766e-02 1.159903686493635178e-02
1.153801847249269485e-02 1.142605300992727280e-02
1.136683020740747452e-02 1.125565730035305023e-02
1.119555532932281494e-02 1.108273584395647049e-02
1.102521549910306931e-02 1.091408636420965195e-02
1.085603144019842148e-02 1.074777729809284210e-02
1.068835239857435226e-02 1.058273669332265854e-02
1.052361261099576950e-02 1.042020414024591446e-02
1.035985350608825684e-02 1.026056148111820221e-02
1.019784342497587204e-02 1.010168064385652542e-02
1.003858074545860291e-02 9.943385608494281769e-03
9.882983751595020294e-03 9.785940870642662048e-03
9.725874289870262146e-03 9.632131084799766541e-03
9.570583701133728027e-03 9.479749016463756561e-03
9.417690336704254150e-03 9.331071749329566956e-03
9.266713634133338928e-03 9.186108596622943878e-03
9.115071035921573639e-03 9.040746837854385376e-03
8.967375382781028748e-03 8.898682892322540283e-03
8.821464143693447113e-03 8.756804279983043671e-03
8.676532655954360962e-03 8.617240004241466522e-03
8.531977422535419464e-03 8.482684381306171417e-03
8.391035720705986023e-03 8.347650058567523956e-03
8.251232095062732697e-03 8.213191293179988861e-03
8.114664815366268158e-03 8.083369582891464233e-03
7.981352508068084717e-03 7.957288064062595367e-03
7.848573848605155945e-03 7.826454937458038330e-03
7.717020343989133835e-03 7.705329451709985733e-03
7.586306426674127579e-03 7.583901751786470413e-03
7.457395084202289581e-03 7.463901769369840622e-03
7.331248372793197632e-03 7.347917184233665466e-03
7.208137772977352142e-03 7.231285329908132553e-03
7.087494246661663055e-03 7.119476329535245895e-03
6.967568304389715195e-03 7.009005639702081680e-03
6.848386023193597794e-03 6.899208296090364456e-03
6.731828674674034119e-03 6.791928783059120178e-03
6.619846913963556290e-03 6.686041131615638733e-03
6.508241873234510422e-03 6.582440808415412903e-03
6.397852674126625061e-03 6.481410469859838486e-03
6.289843004196882248e-03 6.383039988577365875e-03
6.185333244502544403e-03 6.287674885243177414e-03
6.081182043999433517e-03 6.193284410983324051e-03
5.979017354547977448e-03 6.100720260292291641e-03
5.879450589418411255e-03 6.009849254041910172e-03
5.782150197774171829e-03 5.919350311160087585e-03
5.686923395842313766e-03 5.832042545080184937e-03
5.592860281467437744e-03 5.745462141931056976e-03
5.500162020325660706e-03 5.661062430590391159e-03
5.408916156738996506e-03 5.579410120844841003e-03
5.322088487446308136e-03 5.498591810464859009e-03
5.234806332737207413e-03 5.419776309281587601e-03
5.150061100721359253e-03 5.342999938875436783e-03
5.067450460046529770e-03 5.267819389700889587e-03
4.985155072063207626e-03 5.193941760808229446e-03
4.905580542981624603e-03 5.120870657265186310e-03
4.828823730349540710e-03 5.049493163824081421e-03
4.754008725285530090e-03 4.980384372174739838e-03
4.679946228861808777e-03 4.913297016173601151e-03
4.606286529451608658e-03 4.846803843975067139e-03
4.535364918410778046e-03 4.781223367899656296e-03
4.465992096811532974e-03 4.716742318123579025e-03
4.398229531943798065e-03 4.653493408113718033e-03
4.332723561674356461e-03 4.591662436723709106e-03
4.266920499503612518e-03 4.531303420662879944e-03
4.203794989734888077e-03 4.472407046705484390e-03
4.142261575907468796e-03 4.414716269820928574e-03
4.081655293703079224e-03 4.357991740107536316e-03
4.023761488497257233e-03 4.302906803786754608e-03
3.965929150581359863e-03 4.248212091624736786e-03
3.909330349415540695e-03 4.194820765405893326e-03
3.854279872030019760e-03 4.142306745052337646e-03
3.800979582592844963e-03 4.089917056262493134e-03
3.749219002202153206e-03 4.039229359477758408e-03
3.698359476402401924e-03 3.988869488239288330e-03
3.648593788966536522e-03 3.939839079976081848e-03
3.599746851250529289e-03 3.892280627042055130e-03
3.551625879481434822e-03 3.845466533675789833e-03
3.506199922412633896e-03 3.797881305217742920e-03
3.460966283455491066e-03 3.751643467694520950e-03
3.416397608816623688e-03 3.706779796630144119e-03
3.373386338353157043e-03 3.662509843707084656e-03
3.329884959384799004e-03 3.618036163970828056e-03
3.288474865257740021e-03 3.574315924197435379e-03
3.248779335990548134e-03 3.531499998643994331e-03
3.210221417248249054e-03 3.489676630124449730e-03
3.171952208504080772e-03 3.449280746281147003e-03
3.133254358544945717e-03 3.408476943150162697e-03
3.096472471952438354e-03 3.368010045960545540e-03
3.060810500755906105e-03 3.327800193801522255e-03
3.025052370503544807e-03 3.287847386673092842e-03
2.990624168887734413e-03 3.249649656936526299e-03
2.956213429570198059e-03 3.211150644347071648e-03
2.922694897279143333e-03 3.171729855239391327e-03
2.890261588618159294e-03 3.132282290607690811e-03
2.857959363609552383e-03 3.096114844083786011e-03
2.827240619808435440e-03 3.060133196413516998e-03
2.796565880998969078e-03 3.023132449015974998e-03
2.765785902738571167e-03 2.986415289342403412e-03
2.734918612986803055e-03 2.951205009594559669e-03
2.706247381865978241e-03 2.915223594754934311e-03
2.677681157365441322e-03 2.879011677578091621e-03
2.648965921252965927e-03 2.843810245394706726e-03
2.620417159050703049e-03 2.809530822560191154e-03
2.592953387647867203e-03 2.774249762296676636e-03
2.565979491919279099e-03 2.739925868809223175e-03
2.539005363360047340e-03 2.706355648115277290e-03
2.512486418709158897e-03 2.672732342034578323e-03
2.486790064722299576e-03 2.638506004586815834e-03
2.460052259266376495e-03 2.604545792564749718e-03
2.434618305414915085e-03 2.570975339040160179e-03
2.409892855212092400e-03 2.537954831495881081e-03
2.385377418249845505e-03 2.505235373973846436e-03
2.360363258048892021e-03 2.472010906785726547e-03
2.335865516215562820e-03 2.439344767481088638e-03
2.311148913577198982e-03 2.407166408374905586e-03
2.286642091348767281e-03 2.375271404162049294e-03
2.262739231809973717e-03 2.343456493690609932e-03
2.239378634840250015e-03 2.311969408765435219e-03
2.216814318671822548e-03 2.280189655721187592e-03
2.193655120208859444e-03 2.248711418360471725e-03
2.169988350942730904e-03 2.217543544247746468e-03
2.146724145859479904e-03 2.186083002015948296e-03
2.123320009559392929e-03 2.155225258320569992e-03
2.100659301504492760e-03 2.125014783814549446e-03
2.078278921544551849e-03 2.095096744596958160e-03
2.055732067674398422e-03 2.065125387161970139e-03
2.033001510426402092e-03 2.034781966358423233e-03
2.010647207498550415e-03 2.005174057558178902e-03
1.988668926060199738e-03 1.976062776520848274e-03
1.966734649613499641e-03 1.946986885741353035e-03
1.944257877767086029e-03 1.917157438583672047e-03
1.922297291457653046e-03 1.887966296635568142e-03
1.900432864204049110e-03 1.859528594650328159e-03
1.878454815596342087e-03 1.831454457715153694e-03
1.856292947195470333e-03 1.803371356800198555e-03
1.834419788792729378e-03 1.774907112121582031e-03
1.813264098018407822e-03 1.747355912812054157e-03
1.791697228327393532e-03 1.720212516374886036e-03
1.769832801073789597e-03 1.693405909463763237e-03
1.748318434692919254e-03 1.667033648118376732e-03
1.726786489598453045e-03 1.639739610254764557e-03
1.705508329905569553e-03 1.613083644770085812e-03
1.684343907982110977e-03 1.586773549206554890e-03
1.663197064772248268e-03 1.560782548040151596e-03
1.641918788664042950e-03 1.536059076897799969e-03
1.621270668692886829e-03 1.510351779870688915e-03
1.600368646904826164e-03 1.485238317400217056e-03
1.579317962750792503e-03 1.460639061406254768e-03
1.558582298457622528e-03 1.435853657312691212e-03
1.537601579912006855e-03 1.411600038409233093e-03
1.516857068054378033e-03 1.387940370477735996e-03
1.496366341598331928e-03 1.364493509754538536e-03
1.476050587370991707e-03 1.341144088655710220e-03
1.455472316592931747e-03 1.318424125202000141e-03
1.435104175470769405e-03 1.296032103709876537e-03
1.415094593539834023e-03 1.273409696295857430e-03
1.395268831402063370e-03 1.251097419299185276e-03
1.375311752781271935e-03 1.229982008226215839e-03
1.355713466182351112e-03 1.208777772262692451e-03
1.335835200734436512e-03 1.187804155051708221e-03
1.316175563260912895e-03 1.167220529168844223e-03
1.296909758821129799e-03 1.147053553722798824e-03
1.277521369047462940e-03 1.127001829445362091e-03
1.258054398931562901e-03 1.107366755604743958e-03
1.239261007867753506e-03 1.088538323529064655e-03
1.220738748088479042e-03 1.069904887117445469e-03
1.201796694658696651e-03 1.050606602802872658e-03
1.183397020213305950e-03 1.032948377542197704e-03
1.164883607998490334e-03 1.015041838400065899e-03
1.146728871390223503e-03 9.974810527637600899e-04
1.129011739976704121e-03 9.804433211684226990e-04
1.111093210056424141e-03 9.636271279305219650e-04
1.093393540941178799e-03 9.470059885643422604e-04
1.075991196557879448e-03 9.311205940321087837e-04
1.058851485140621662e-03 9.155631996691226959e-04
1.041930401697754860e-03 8.997842087410390377e-04
1.025061821565032005e-03 8.848739671520888805e-04
1.008324557915329933e-03 8.703359635546803474e-04
9.918584255501627922e-04 8.560019196011126041e-04
9.756986401043832302e-04 8.418540237471461296e-04
9.595825104042887688e-04 8.279454195871949196e-04
9.439126006327569485e-04 8.144712192006409168e-04
9.284527041018009186e-04 8.015821222215890884e-04
9.131502592936158180e-04 7.890386623330414295e-04
8.980227867141366005e-04 7.765839109197258949e-04
8.829390862956643105e-04 7.644128054380416870e-04
8.684853091835975647e-04 7.524722022935748100e-04
8.541715797036886215e-04 7.410811376757919788e-04
8.399365469813346863e-04 7.301954319700598717e-04
8.262702031061053276e-04 7.191944168880581856e-04
8.125338936224579811e-04 7.088671554811298847e-04
7.992438040673732758e-04 6.985132931731641293e-04
7.862511556595563889e-04 6.882480811327695847e-04
7.734072860330343246e-04 6.783552234992384911e-04
7.607208681292831898e-04 6.692158058285713196e-04
7.483669323846697807e-04 6.602625362575054169e-04
7.362404721789062023e-04 6.513890693895518780e-04
7.243327563628554344e-04 6.426308536902070045e-04
7.129324367269873619e-04 6.342803826555609703e-04
7.015671581029891968e-04 6.264263065531849861e-04
6.903681205585598946e-04 6.186431855894625187e-04
6.795366061851382256e-04 6.109753157943487167e-04
6.692562019452452660e-04 6.035644910298287868e-04
6.589583354070782661e-04 5.965260206721723080e-04
6.488092476502060890e-04 5.896647926419973373e-04
6.390538183040916920e-04 5.829365691170096397e-04
6.296833744272589684e-04 5.764387897215783596e-04
6.202691583894193172e-04 5.704552168026566505e-04
6.111174589022994041e-04 5.644627381116151810e-04
6.024294416420161724e-04 5.588248604908585548e-04
5.940651753917336464e-04 5.532135255634784698e-04
5.857971264049410820e-04 5.473362980410456657e-04
5.776165635325014591e-04 5.426114657893776894e-04
5.699872272089123726e-04 5.376118351705372334e-04
5.624366458505392075e-04 5.327539984136819839e-04
5.549123161472380161e-04 5.281089688651263714e-04
5.477379309013485909e-04 5.234904820099473000e-04
5.410972516983747482e-04 5.191025556996464729e-04
5.344390519894659519e-04 5.149804637767374516e-04
5.279208417050540447e-04 5.109914345666766167e-04
5.217001307755708694e-04 5.070111947134137154e-04
5.157244158908724785e-04 5.031994078308343887e-04
5.099761765450239182e-04 4.996624193154275417e-04
5.044029094278812408e-04 4.962229868397116661e-04
4.990308661945164204e-04 4.928632988594472408e-04
4.939037607982754707e-04 4.897075123153626919e-04
4.889254923909902573e-04 4.866137460339814425e-04
4.842008638661354780e-04 4.836529551539570093e-04
4.796950088348239660e-04 4.807808436453342438e-04
4.753466346301138401e-04 4.779530281666666269e-04
4.710420034825801849e-04 4.753822868224233389e-04
4.669211048167198896e-04 4.728824715130031109e-04
4.631239280570298433e-04 4.704269813373684883e-04
4.595454956870526075e-04 4.680157871916890144e-04
4.558883083518594503e-04 4.656312230508774519e-04
4.526510892901569605e-04 4.635480290744453669e-04
4.494925960898399353e-04 4.614382633008062840e-04
4.464041267056018114e-04 4.593373450916260481e-04
4.434206348378211260e-04 4.573250771500170231e-04
4.407958476804196835e-04 4.556585336104035378e-04
4.381798207759857178e-04 4.538235662039369345e-04
4.357125435490161180e-04 4.519708454608917236e-04
4.334202385507524014e-04 4.502245283219963312e-04
4.312854143790900707e-04 4.487352853175252676e-04
4.292206140235066414e-04 4.471485153771936893e-04
4.271645157132297754e-04 4.457922186702489853e-04
4.252746875863522291e-04 4.444359510671347380e-04
4.236560780555009842e-04 4.429378313943743706e-04
4.219849652145057917e-04 4.416879091877490282e-04
4.204976139590144157e-04 4.404114151839166880e-04
4.191064799670130014e-04 4.391880938783288002e-04
4.177765804342925549e-04 4.380268219392746687e-04
4.165691789239645004e-04 4.368744266685098410e-04
4.154317721258848906e-04 4.358018049970269203e-04
4.143731202930212021e-04 4.347735084593296051e-04
4.134194459766149521e-04 4.338427388574928045e-04
4.125532868783921003e-04 4.330094670876860619e-04
4.117570933885872364e-04 4.318481951486319304e-04
4.109346773475408554e-04 4.310149233788251877e-04
4.102347302250564098e-04 4.302082525100558996e-04
4.096397897228598595e-04 4.293838283047080040e-04
4.089748545084148645e-04 4.286480834707617760e-04
4.084936226718127728e-04 4.279034619685262442e-04
4.080824146512895823e-04 4.271854122634977102e-04
4.077237099409103394e-04 4.264762392267584801e-04
4.073912277817726135e-04 4.257759428583085537e-04
4.070412542205303907e-04 4.252617945894598961e-04
4.068925336468964815e-04 4.247121978551149368e-04
4.067000409122556448e-04 4.240916750859469175e-04
4.064638051204383373e-04 4.234977532178163528e-04
4.062975640408694744e-04 4.231077036820352077e-04
4.061663348693400621e-04 4.226556047797203064e-04
4.060875799041241407e-04 4.221857816446572542e-04
4.060351056978106499e-04 4.217691312078386545e-04
4.060175851918756962e-04 4.214234359096735716e-04
4.059826023876667023e-04 4.211131599731743336e-04
4.060438368469476700e-04 4.207763122394680977e-04
4.060963401570916176e-04 4.204926372040063143e-04
4.061313229613006115e-04 4.202089621685445309e-04
4.061838262714445591e-04 4.197923408355563879e-04
4.062888328917324543e-04 4.196859663352370262e-04
4.064638051204383373e-04 4.195441142655909061e-04
4.066475376021116972e-04 4.193668428342789412e-04
4.067962872795760632e-04 4.191806656308472157e-04
4.069275164511054754e-04 4.189945175312459469e-04
4.070762661285698414e-04 4.188792663626372814e-04
4.072337469551712275e-04 4.188349703326821327e-04
4.074174794368445873e-04 4.188172169961035252e-04
4.076187033206224442e-04 4.187374433968216181e-04
4.077412013430148363e-04 4.187640442978590727e-04
4.079249338246881962e-04 4.187906451988965273e-04
4.081174265593290329e-04 4.188349703326821327e-04
4.082923987880349159e-04 4.188970196992158890e-04
4.085373657289892435e-04 4.189324681647121906e-04
4.087298584636300802e-04 4.190033941995352507e-04
4.089398426003754139e-04 4.191008920315653086e-04
4.091935697942972183e-04 4.192338674329221249e-04
4.094998002983629704e-04 4.194200155325233936e-04
4.096572811249643564e-04 4.196327645331621170e-04
4.098497738596051931e-04 4.199075629003345966e-04
4.100684891454875469e-04 4.201291885692626238e-04
4.103134851902723312e-04 4.202444397378712893e-04
4.105409607291221619e-04 4.205192381050437689e-04
4.107334243599325418e-04 4.208029131405055523e-04
4.109259170945733786e-04 4.210599872749298811e-04
4.111271409783512354e-04 4.213436332065612078e-04
4.113721370231360197e-04 4.217336827423423529e-04
4.115733609069138765e-04 4.220882547087967396e-04
4.117658536415547132e-04 4.224162548780441284e-04
4.119670775253325701e-04 4.227442550472915173e-04
4.121858219150453806e-04 4.230988270137459040e-04
4.123958060517907143e-04 4.235154774505645037e-04
4.125970299355685711e-04 4.238966503180563450e-04
4.127720021642744541e-04 4.242955474182963371e-04
4.127720021642744541e-04 4.242955474182963371e-04
