4.559684391834820105e-02
4.555425079261397892e-02
4.550624983363992654e-02
4.545749635622449436e-02
4.540859233323139843e-02
4.535939756786302318e-02
4.531018266379834014e-02
4.525170905999708476e-02
4.519013748917193735e-02
4.512829403333988576e-02
4.506518432626511333e-02
4.500207846391367922e-02
4.493665850062911193e-02
4.486983281475231261e-02
4.480296282979510242e-02
4.473525485888411868e-02
4.466756568281461670e-02
4.459461393849233068e-02
4.451646265588383999e-02
4.443828433966664354e-02
4.435993023093071780e-02
4.428154250138562065e-02
4.420147201904533335e-02
4.411858111885712946e-02
4.403571433731578305e-02
4.395105733735717168e-02
4.386603299037816067e-02
4.377937931565017982e-02
4.368800374277228421e-02
4.359660682170809348e-02
4.350304664707542457e-02
4.340846957292347069e-02
4.331348987290224023e-02
4.321554100290849604e-02
4.311761360032980578e-02
4.301726924250885015e-02
4.291510385634949437e-02
4.281290046641382518e-02
4.270725477391412034e-02
4.260158332563961092e-02
4.249440286934082905e-02
4.238525706069268956e-02
4.227614124381734451e-02
4.216538221607270265e-02
4.205442285066820357e-02
4.194143186459439732e-02
4.182409113113256388e-02
4.170671372858972270e-02
4.158903265864049431e-02
4.147120162246396846e-02
4.135255225913418708e-02
4.123025068536540633e-02
4.110792451868117148e-02
4.098574062712923710e-02
4.086359592100571175e-02
4.074118062836115661e-02
4.061441630042425532e-02
4.048769088307554997e-02
4.036047788050155238e-02
4.023284907947567018e-02
4.010522042124503583e-02
3.996989570957675680e-02
3.983410674120584777e-02
3.969948137646511083e-02
3.956685752682489315e-02
3.943419719069063412e-02
3.929724234261866567e-02
3.915930701068719155e-02
3.902089990310712159e-02
3.888126479908288191e-02
3.874159365988362469e-02
3.860106762152290538e-02
3.846014880565731126e-02
3.831895424569681241e-02
3.817616294693675777e-02
3.803338046007407464e-02
3.788898433890434958e-02
3.774340392516115777e-02
3.759778610310440805e-02
3.745006580829864096e-02
3.730234661630787291e-02
3.715404651584438417e-02
3.700510094218359414e-02
3.685614563639741381e-02
3.670662471368175972e-02
3.655705936262082512e-02
3.640672139250035466e-02
3.625464409845594038e-02
3.610260406895529628e-02
3.594960802386428650e-02
3.579625132195449894e-02
3.564280641922825538e-02
3.548884147538063777e-02
3.533482988123026747e-02
3.517883335518232762e-02
3.502161611461929169e-02
3.486452172625467694e-02
3.470991720663568758e-02
3.455530883631682121e-02
3.439991260327220773e-02
3.424368754003916798e-02
3.408750698287170422e-02
3.392802165114276042e-02
3.376827816807931315e-02
3.360939843315912529e-02
3.345188921573637175e-02
3.329438015770797704e-02
3.313544474937649836e-02
3.297622712527743805e-02
3.281713074364294574e-02
3.265840040607584371e-02
3.249966426189219298e-02
3.233912397580868126e-02
3.217781708597987345e-02
3.201634573797478706e-02
3.185371569586945006e-02
3.169104072431475072e-02
3.153125532654459107e-02
3.137369630237706736e-02
3.121612925925494608e-02
3.105457344684158655e-02
3.089300743912735958e-02
3.073198801621828541e-02
3.057175504173106906e-02
3.041152729304768057e-02
3.024948299509528857e-02
3.008718464522454339e-02
2.992571748043359667e-02
2.976605070327386846e-02
2.960642032290619272e-02
2.944598544198397116e-02
2.928528377131181873e-02
2.912494836027763531e-02
2.896622564414800052e-02
2.880751324670589864e-02
2.864870111709928030e-02
2.848984333445595332e-02
2.833089687499096981e-02
2.817122096806763329e-02
2.801154876757893861e-02
2.785331191111319049e-02
2.769652966019487197e-02
2.753973743329289278e-02
2.738263662111681609e-02
2.722550692042167292e-02
2.706925905927326167e-02
2.691447160976160810e-02
2.675968273266969219e-02
2.660403069235070181e-02
2.644818100618156684e-02
2.629253032023548195e-02
2.613749392459477697e-02
2.598245420635452232e-02
2.582731414279679921e-02
2.567211568781403025e-02
2.551728640040117763e-02
2.536515814721691103e-02
2.521302457791802995e-02
2.506124965359723955e-02
2.490974321518340390e-02
2.475824550250592393e-02
2.460765262196768985e-02
2.445706091761564588e-02
2.430643386599001463e-02
2.415576229378311665e-02
2.400508450732196514e-02
2.385683936301299241e-02
2.370890951049211756e-02
2.356158019032885201e-02
2.341557885201051015e-02
2.326957775497623740e-02
2.312420759218325114e-02
2.297905926786498326e-02
2.283380625970902675e-02
2.268813437147201503e-02
2.254242737410288092e-02
2.239833300521140713e-02
2.225523536652261256e-02
2.211230049226888678e-02
2.197210545519507133e-02
2.183194738450243769e-02
2.169168431784161341e-02
2.155134614034931104e-02
2.141101455832383066e-02
2.127244316396401796e-02
2.113404600485114734e-02
2.099592484235508066e-02
2.085835309737224530e-02
2.072077912546679834e-02
2.058480779691108237e-02
2.044918730800471610e-02
2.031391211967224428e-02
2.017976037675000417e-02
2.004557630034594848e-02
1.991282381195472878e-02
1.978075246684202898e-02
1.964885705283472492e-02
1.951801967478498934e-02
1.938718921715431448e-02
1.925777577215976102e-02
1.912946516126680721e-02
1.900115139351097465e-02
1.887298342151164793e-02
1.874478584154237043e-02
1.861766527881471289e-02
1.849191918374907401e-02
1.836617361751527108e-02
1.824056499176079232e-02
1.811494345325107003e-02
1.799050635984982688e-02
1.786874986982821961e-02
1.774702348873714169e-02
1.762568388860745461e-02
1.750449581955331596e-02
1.738359885550589887e-02
1.726397246812155437e-02
1.714437141532850969e-02
1.702496526884193437e-02
1.690573406540135659e-02
1.678663555286875192e-02
1.667072273059028512e-02
1.655478503023625342e-02
1.643942101066734468e-02
1.632460188443523447e-02
1.620980686951680946e-02
1.609796083619663420e-02
1.598632790017124120e-02
1.587476257492768938e-02
1.576323203795598066e-02
1.565173027265326366e-02
1.554214415440665319e-02
1.543302980751764392e-02
1.532427920840016312e-02
1.521592877134880957e-02
1.510785397747061581e-02
1.500135020908052209e-02
1.489562111799408277e-02
1.478991199652898887e-02
1.468432858003198074e-02
1.457874626220018871e-02
1.447454199157747513e-02
1.437124295473330912e-02
1.426820917176370614e-02
1.416742786018703945e-02
1.406668803031973364e-02
1.396612932172727230e-02
1.386580819151933368e-02
1.376549201530557695e-02
1.366681517082606566e-02
1.356817417001928740e-02
1.347031953920527214e-02
1.337376846378773507e-02
1.327721786963056462e-02
1.318183828865375322e-02
1.308690117555997082e-02
1.299209007527861275e-02
1.289794026022875878e-02
1.280354783613506763e-02
1.271091633756186827e-02
1.261929712442391369e-02
1.252768100086320419e-02
1.243608284698368739e-02
1.234448508698515745e-02
1.225420634148457685e-02
1.216539164445901329e-02
1.207657647364824768e-02
1.198871394556079439e-02
1.190120865716492830e-02
1.181397109375982753e-02
1.172727085177776608e-02
1.164056858199004861e-02
1.155575672740061406e-02
1.147146962450855401e-02
1.138747363606224840e-02
1.130450730965786715e-02
1.122154052249388530e-02
1.113870634572195970e-02
1.105572169925599264e-02
1.097322677375253339e-02
1.089339196190378285e-02
1.081356135709786621e-02
1.073368047832606517e-02
1.065376217538029600e-02
1.057384631242961129e-02
1.049559427752853533e-02
1.041740977161513711e-02
1.033992657158373275e-02
1.026349298269714147e-02
1.018686171199417907e-02
1.011151498738363172e-02
1.003637513182012789e-02
9.961720209941831577e-03
9.888365405987883591e-03
9.815010475593745690e-03
9.741494602280506565e-03
9.667916401665107781e-03
9.594675166194596705e-03
9.523396859938032186e-03
9.452122826969777680e-03
9.381651049368219114e-03
9.311768657100091134e-03
9.241898859364839833e-03
9.172493714799445641e-03
9.103269780464860045e-03
9.034695241315724920e-03
8.966884323087107034e-03
8.899069438705933463e-03
8.832009688885679444e-03
8.765028786718734657e-03
8.698704680039255621e-03
8.633689319281892538e-03
8.568681614513627351e-03
8.503548407172026660e-03
8.438377988848558969e-03
8.373657821243676858e-03
8.310767849451552655e-03
8.247878786205625062e-03
8.185483303234420555e-03
8.123377881318982405e-03
8.061322294402957847e-03
7.999981447225126482e-03
7.938638472741874758e-03
7.877694007688652855e-03
7.817438551138344502e-03
7.757184070012855190e-03
7.698266461623236648e-03
7.639431836180397839e-03
7.580792053349997422e-03
7.522462553358196663e-03
7.464136489287061943e-03
7.407095799112559803e-03
7.350343832958882058e-03
7.293860047905503449e-03
7.238172421237176399e-03
7.182490520757514943e-03
7.127070149922387979e-03
7.071768573204867230e-03
7.016683419567631627e-03
6.963079984979017242e-03
6.909477326491024127e-03
6.855907931142656529e-03
6.802362441834157100e-03
6.748823697398198367e-03
6.696984898765532060e-03
6.645155920165584165e-03
6.593802236467388375e-03
6.543066374661928378e-03
6.492337093515119194e-03
6.441390220132197156e-03
6.390401528986308297e-03
6.340065172099541846e-03
6.291167158648978790e-03
6.242270406701224197e-03
6.193781217914487436e-03
6.145418806837592111e-03
6.097196204201986089e-03
6.049584240502015216e-03
6.001982471749833098e-03
5.954934224567940033e-03
5.908256880633281326e-03
5.861631471511383716e-03
5.816058379407372525e-03
5.770486973485035656e-03
5.725068799592917743e-03
5.679815756983830170e-03
5.634561040183162089e-03
5.590121871558761772e-03
5.545741886275802612e-03
5.501723796607813598e-03
5.458351692565607469e-03
5.414979857838209641e-03
5.372368371719944517e-03
5.329957934608228233e-03
5.287568399799866259e-03
5.245260827241858201e-03
5.202954816549006448e-03
5.161869956433744189e-03
5.121396687298736435e-03
5.080926099873817048e-03
5.040464014508213783e-03
4.999995525894051530e-03
4.959973404023004621e-03
4.920441748888888626e-03
4.880815262602642042e-03
4.841973990391352546e-03
4.803160965903524593e-03
4.764798209912053661e-03
4.727107804259412897e-03
4.689412732848946032e-03
4.651796679185572943e-03
4.614199616907063879e-03
4.576736617507822305e-03
4.539646769972139478e-03
4.502547656681970059e-03
4.466577858365368588e-03
4.431049490009085663e-03
4.395557917680795526e-03
4.360230504854070537e-03
4.324904766218928658e-03
4.289798770702684012e-03
4.254947842984930367e-03
4.220028156914909685e-03
4.186403955746561753e-03
4.152781527639924294e-03
4.119112072659226152e-03
4.085403050626813977e-03
4.051693390345655413e-03
4.019305180293504878e-03
3.987075480113602167e-03
3.954852234171670790e-03
3.922659467323854308e-03
3.890464617089829484e-03
3.858703717175261238e-03
3.827148092144611654e-03
3.795716645048861308e-03
3.765120779725761226e-03
3.734523019838227424e-03
3.704092114720602784e-03
3.673759744189520303e-03
3.643468469361334488e-03
3.613705190061907227e-03
3.583949375641761956e-03
3.554573682010739658e-03
3.525661782516806373e-03
3.496668418337559123e-03
3.467929144768531601e-03
3.439211911323230599e-03
3.410825909717970800e-03
3.383002465013900187e-03
3.355169164620856303e-03
3.327807847609075276e-03
3.300554962789773068e-03
3.273414507137495724e-03
3.246343937761003457e-03
3.219273402420630599e-03
3.192792153076298017e-03
3.166589501649559168e-03
3.140442579331091579e-03
3.114754689602168732e-03
3.089058845385364571e-03
3.063693093834963816e-03
3.038469347374794967e-03
3.013249563792632767e-03
2.988404430674901618e-03
2.963567852585596157e-03
2.938905927376980667e-03
2.914481474315038217e-03
2.890120508939972559e-03
2.865984456240566400e-03
2.841902264762260610e-03
2.818071017758138827e-03
2.794862938229378257e-03
2.771654921920710911e-03
2.748715286642599079e-03
2.725937617952775213e-03
2.703183922508926081e-03
2.680843108888046177e-03
2.658511862838761064e-03
2.636408918114058544e-03
2.614475569028580117e-03
2.592607116972475353e-03
2.571250881275719685e-03
2.549899188220152140e-03
2.528633146435830224e-03
2.507463018884177348e-03
2.486299811124173878e-03
2.465690990413147744e-03
2.445086849143276921e-03
2.424635703755540894e-03
2.404503365544628096e-03
2.384369195989375668e-03
2.364626420706907994e-03
2.344936159135464077e-03
2.325295403600881241e-03
2.305827084092034428e-03
2.286358843844807018e-03
2.267360900716627100e-03
2.248556873678664650e-03
2.229769857182440414e-03
2.211159450600471300e-03
2.192550425836400571e-03
2.174193846211788187e-03
2.155994438408430705e-03
2.137797019580394038e-03
2.119892994371194717e-03
2.102006478640388188e-03
2.084408291769138197e-03
2.067151668412364664e-03
2.049898521571916384e-03
2.032717518123484945e-03
2.015547635422510527e-03
1.998593571257932348e-03
1.982126210444851936e-03
1.965668455411512597e-03
1.949262710511842286e-03
1.932920525970487080e-03
1.916592226112341039e-03
1.900680411736828954e-03
1.884772105487688082e-03
1.868882803556989056e-03
1.852937271638160563e-03
1.836989345797356487e-03
1.821611663671214880e-03
1.806286576453320020e-03
1.791173263285040975e-03
1.776414815283104947e-03
1.761654478841831505e-03
1.746897867421982192e-03
1.732095390162568605e-03
1.717407446556404055e-03
1.703027241529099425e-03
1.688685230571971988e-03
1.674692561427948163e-03
1.660856615361035833e-03
1.647008414332785898e-03
1.633148197813137246e-03
1.619253355322858128e-03
1.605718772489584138e-03
1.592449934998143701e-03
1.579213087009604700e-03
1.565949640001821795e-03
1.552695253214204582e-03
1.539621628073735730e-03
1.526696539062926154e-03
1.513771825963004065e-03
1.501347906836329217e-03
1.489022900699871026e-03
1.476663686687522837e-03
1.464323613899822050e-03
1.452019244020992571e-03
1.439962047998180443e-03
1.427999953349216953e-03
1.416094164676994600e-03
1.404480815071020711e-03
1.392840331962881019e-03
1.381343441100753300e-03
1.369954095953841711e-03
1.358551261223475953e-03
1.347387735929505507e-03
1.336255890534110598e-03
1.325203593958460598e-03
1.314270687681916598e-03
1.303368255021222950e-03
1.292668038458710681e-03
1.281986057867004741e-03
1.271431543453546871e-03
1.261030717691088640e-03
1.250626388523972017e-03
1.240372250955021956e-03
1.230122028460031800e-03
1.219963957155045233e-03
1.210115900523901647e-03
1.200245199698844224e-03
1.190505345496390300e-03
1.180857044981144894e-03
1.171200824102052937e-03
1.161713227818761233e-03
1.152255315836123997e-03
1.142917250007690353e-03
1.133709041732494085e-03
1.124525363525200094e-03
1.115570976431413995e-03
1.106653667930065183e-03
1.097783708743742042e-03
1.089044724672909737e-03
1.080322204802129562e-03
1.071920875025987943e-03
1.063593410250944591e-03
1.055268660212721563e-03
1.046888290456418191e-03
1.038504384489255528e-03
1.030267957389857788e-03
1.022060892197649510e-03
1.013915010303304649e-03
1.006020846112501508e-03
9.981247217211409398e-04
9.904120146738513032e-04
9.828066091789023316e-04
9.752163030390723466e-04
9.677569447805864020e-04
9.602977191656351767e-04
9.529343909456991068e-04
9.456535003668704083e-04
9.383881868547167731e-04
9.312866500387026892e-04
9.242171378805686885e-04
9.172351329203067829e-04
9.104125397696999486e-04
9.036050335941215499e-04
8.968293385370172417e-04
8.900906102721408298e-04
8.833818071057161683e-04
8.768748767809484432e-04
8.703920690031488952e-04
8.640556139712885983e-04
8.578494208698949708e-04
8.516241645980250326e-04
8.454443962087808363e-04
8.392464980213900586e-04
8.332239832961756175e-04
8.274213856438475357e-04
8.216037129222419260e-04
8.158354647527842150e-04
8.100509872274214325e-04
8.043201749237683653e-04
7.986467498552735468e-04
7.929924427860256860e-04
7.875830984796488177e-04
7.822647648730595999e-04
7.769613471010613842e-04
7.717807014193201007e-04
7.665823692201152294e-04
7.614227873441705352e-04
7.562912467601181710e-04
7.511637558300175016e-04
7.462635325410273829e-04
7.413507900878017103e-04
7.365671779596419605e-04
7.318864522851365947e-04
7.272248028412763715e-04
7.225310589932591688e-04
7.178521104386396219e-04
7.132623095841693784e-04
7.088826630353953391e-04
7.044954991499081162e-04
7.001076836579258949e-04
6.957016020360351320e-04
6.913777933805853679e-04
6.872873966412456400e-04
6.832055249560892206e-04
6.791619086855354114e-04
6.751508957003713070e-04
6.711458671328014887e-04
6.673301827621418419e-04
6.635064982615271030e-04
6.597169961125701112e-04
6.559794026070508901e-04
6.522292685840196547e-04
6.485921616882204567e-04
6.449476473738621892e-04
6.413840794205770456e-04
6.379352313203312270e-04
6.344948908197204935e-04
6.311635560573184778e-04
6.278667797002377869e-04
6.245756855653798994e-04
6.213380239088178844e-04
6.180983273762694075e-04
6.150008636025860228e-04
6.119854764418457228e-04
6.089690278115619760e-04
6.060247935912856055e-04
6.030725319903354259e-04
6.001685345357346763e-04
5.972931893420440393e-04
5.944113150223801281e-04
5.916918559178612012e-04
5.889702307233242017e-04
5.863031479650729610e-04
5.836984605590519494e-04
5.811038489931787338e-04
5.785536490095453130e-04
5.760104687652342669e-04
5.735171844096318295e-04
5.711575498879168647e-04
5.688074728974925991e-04
5.664686648115608214e-04
5.641247088157975553e-04
5.618140478950211722e-04
5.596180233347598050e-04
5.574319957991554246e-04
5.553036418110075985e-04
5.532043399507223687e-04
5.511111207549283710e-04
5.491269046224223679e-04
5.471376779333421165e-04
5.451705879927345663e-04
5.432116448420699732e-04
5.412612239175343832e-04
5.394301379299531888e-04
5.376101328215266697e-04
5.358108827615229051e-04
5.340641899915825807e-04
5.323099413067658393e-04
5.306251182107437746e-04
5.289746019814953399e-04
5.273270777443782786e-04
5.257677807259786675e-04
5.242079988394862233e-04
5.226828493160029510e-04
5.211988510063989824e-04
5.197073434437857837e-04
5.183176561034313684e-04
5.169255184708728985e-04
5.155409889051396207e-04
5.141555605245256384e-04
5.127720992804893092e-04
5.115148231136823790e-04
5.102732441232885312e-04
5.090489960336971528e-04
5.078583278134119697e-04
5.066701098853307328e-04
5.054662010457541431e-04
5.042549597003881563e-04
5.030692601627474421e-04
5.020384377505677891e-04
5.010010991893840788e-04
4.999879242069875471e-04
4.989902140369750381e-04
4.979975421198389518e-04
4.970495013585307046e-04
4.960984030846686630e-04
4.951644732709726280e-04
4.942547291497065027e-04
4.933434647465749197e-04
4.925161493568284716e-04
4.916946723883694687e-04
4.908820165715276724e-04
4.900756500565780919e-04
4.892672467719835338e-04
4.884984128591058142e-04
4.877395302103235629e-04
4.869989426987458218e-04
4.863350431535237348e-04
4.856726356729569615e-04
4.850144194824801934e-04
4.843444918936205042e-04
4.836876184537865068e-04
4.830800502025482711e-04
4.824729730094481439e-04
4.818979315798183971e-04
4.813619664529543690e-04
4.808199120462277177e-04
4.803229659569634917e-04
4.798259959789716268e-04
4.793516998391480978e-04
4.789172405898684307e-04
4.784852139341105631e-04
4.780240944054259299e-04
4.775613577589125458e-04
4.771065233693206828e-04
4.766886405595681842e-04
4.762702681600100314e-04
4.758993196225242534e-04
4.755558263257377710e-04
4.752032038874578579e-04
4.748394307289432472e-04
4.744691679261683458e-04
4.741615218388475946e-04
4.739054182317379215e-04
4.736497994927210816e-04
4.733581541069917112e-04
4.730710410251152010e-04
4.728042533446832939e-04
4.725842405829292435e-04
4.723581502311414168e-04
4.721519207562431411e-04
4.719477449534796132e-04
4.717399145951384383e-04
4.715154651669055787e-04
4.712986412866164063e-04
4.711340668429671481e-04
4.710029490000926895e-04
4.708758560673621200e-04
4.707106963583559045e-04
4.705496393718463849e-04
4.704168384614722666e-04
4.703029087161915661e-04
4.701910078380440276e-04
4.700969033984479881e-04
4.700093745751398049e-04
4.699366422878451508e-04
4.698973900886907235e-04
4.698551270113483585e-04
4.697893673175969906e-04
4.697130322447416739e-04
4.696483708294784255e-04
4.696202226497072306e-04
4.695966701442296268e-04
4.695901858661701467e-04
4.695837405196652070e-04
4.695827917134152768e-04
4.695617503892954184e-04
4.695407137868884894e-04
4.695475812908105799e-04
4.695849178517042498e-04
4.696192194644902050e-04
4.696296536332161820e-04
4.696379845766395812e-04
4.696677217811688512e-04
4.697349501834486587e-04
4.697997507139195419e-04
4.698689541155348648e-04
4.699418033119903649e-04
4.700047013962919528e-04
4.700749458410596751e-04
4.701371643734860426e-04
4.702238869141601432e-04
4.703170641304456269e-04
4.704153070184895311e-04
4.705019414985855421e-04
4.705885838811932603e-04
4.707681848006071523e-04
4.708634145348727582e-04
4.710365099579330670e-04
4.712121523757912254e-04
4.713524539397179235e-04
4.714431049161807159e-04
4.715276841399106437e-04
4.716875022246431516e-04
4.718637163543332115e-04
4.720200486571183435e-04
4.721467612108932034e-04
4.724102105645679368e-04
4.725619771349890558e-04
4.727117293561603276e-04
4.728581429866385798e-04
4.730066193891698813e-04
4.731960031490913400e-04
4.734218718391345433e-04
4.736477456036352024e-04
4.737851386057098137e-04
4.739225316077844250e-04
4.740837570454901331e-04
4.744892015434253713e-04
4.746846007014486092e-04
4.748770280050307086e-04
4.750688670263264251e-04
4.752622751058299395e-04
4.754556671991176848e-04
4.756496754118702303e-04
4.758494412493775080e-04
4.760457275709535445e-04
4.764247750248713515e-04
4.766278075928831134e-04
4.768473937183694542e-04
4.772751148789555102e-04
4.774882329757771044e-04
4.776984888021389348e-04
4.779107719739387767e-04
4.781296128821522443e-04
4.783380943830905087e-04
4.785541756495865768e-04
4.787792322791616486e-04
4.790191566803809250e-04
4.792545553931187321e-04
4.797324344846423498e-04
4.799681018734738456e-04
4.802075912709435749e-04
4.804410187118507165e-04
