180.155 0.3    
66.221  0.3    
34.816  0.3    
52.349  0.3    
29.874  0.3    
4.517   0.025  
2.313   0.025  
2.006   0.025  
3.615   0.025  
3.584   0.025  
2.011   0.025  
2.058   0.025  
48.059  0.3    
8.767   0.025  
4.049   0.025  
4.048   0.025  
111.093 0.3    
177.465 0.3    
61.398  0.3    
66.376  0.3    
8.220   0.025  
4.448   0.025  
3.933   0.025  
3.865   0.025  
115.659 0.3    
178.845 0.3    
59.629  0.3    
32.724  0.3    
39.084  0.3    
8.638   0.025  
4.316   0.025  
1.932   0.025  
2.069   0.025  
2.271   0.025  
2.296   0.025  
122.364 0.3    
179.592 0.3    
56.616  0.3    
43.934  0.3    
8.260   0.025  
4.550   0.025  
2.605   0.025  
2.585   0.025  
121.629 0.3    
178.264 0.3    
67.377  0.3    
33.821  0.3    
24.561  0.3    
22.019  0.3    
8.224   0.025  
3.162   0.025  
1.573   0.025  
122.461 0.3    
180.408 0.3    
62.238  0.3    
31.308  0.3    
122.881 0.3    
7.408   0.025  
4.187   0.025  
3.178   0.025  
3.255   0.025  
7.354   0.025  
10.032  0.025  
120.585 0.3    
181.392 0.3    
60.900  0.3    
32.071  0.3    
38.388  0.3    
7.437   0.025  
4.079   0.025  
2.010   0.025  
2.008   0.025  
2.275   0.025  
2.277   0.025  
118.809 0.3    
182.172 0.3    
66.704  0.3    
40.316  0.3    
14.997  0.3    
30.838  0.3    
20.134  0.3    
7.488   0.025  
3.674   0.025  
1.697   0.025  
1.058   0.025  
1.485   0.025  
119.801 0.3    
181.304 0.3    
60.504  0.3    
44.986  0.3    
26.861  0.3    
28.648  0.3    
29.693  0.3    
8.262   0.025  
3.914   0.025  
1.173   0.025  
1.693   0.025  
1.504   0.025  
119.602 0.3    
180.193 0.3    
62.035  0.3    
32.951  0.3    
46.218  0.3    
30.305  0.3    
7.996   0.025  
3.909   0.025  
1.789   0.025  
1.935   0.025  
3.126   0.025  
3.236   0.025  
7.660   0.025  
1.654   0.025  
1.639   0.025  
117.203 0.3    
178.246 0.3    
58.018  0.3    
32.778  0.3    
36.663  0.3    
7.295   0.025  
4.434   0.025  
1.987   0.025  
2.289   0.025  
2.512   0.025  
2.365   0.025  
114.013 0.3    
53.278  0.3    
21.479  0.3    
7.559   0.025  
4.651   0.025  
124.620 0.3    
63.598  0.3    
33.687  0.3    
52.793  0.3    
29.771  0.3    
4.838   0.025  
2.360   0.025  
1.947   0.025  
3.519   0.025  
3.905   0.025  
2.081   0.025  
2.086   0.025  
181.063 0.3    
66.422  0.3    
34.556  0.3    
53.062  0.3    
30.241  0.3    
2.430   0.025  
1.979   0.025  
1.731   0.025  
3.816   0.025  
3.706   0.025  
1.914   0.025  
2.056   0.025  
178.634 0.3    
62.898  0.3    
65.000  0.3    
7.842   0.025  
4.134   0.025  
4.016   0.025  
3.847   0.025  
111.898 0.3    
179.424 0.3    
58.372  0.3    
33.586  0.3    
38.774  0.3    
8.173   0.025  
4.579   0.025  
2.493   0.025  
1.903   0.025  
2.186   0.025  
2.416   0.025  
120.104 0.3    
180.128 0.3    
61.676  0.3    
39.590  0.3    
133.565 0.3    
121.158 0.3    
7.464   0.025  
4.244   0.025  
3.061   0.025  
3.229   0.025  
118.350 0.3    
181.497 0.3    
63.010  0.3    
31.641  0.3    
39.878  0.3    
8.651   0.025  
3.932   0.025  
2.046   0.025  
2.058   0.025  
2.240   0.025  
2.340   0.025  
117.539 0.3    
181.942 0.3    
62.157  0.3    
32.325  0.3    
45.940  0.3    
29.834  0.3    
8.136   0.025  
4.185   0.025  
2.000   0.025  
1.998   0.025  
3.298   0.025  
3.288   0.025  
7.577   0.025  
1.803   0.025  
1.711   0.025  
121.445 0.3    
180.438 0.3    
67.759  0.3    
41.020  0.3    
17.652  0.3    
32.122  0.3    
20.697  0.3    
8.320   0.025  
3.832   0.025  
1.859   0.025  
1.848   0.025  
1.143   0.025  
121.365 0.3    
182.396 0.3    
58.294  0.3    
20.911  0.3    
8.668   0.025  
3.878   0.025  
121.586 0.3    
181.680 0.3    
63.260  0.3    
41.574  0.3    
134.299 0.3    
134.153 0.3    
8.046   0.025  
4.383   0.025  
3.234   0.025  
3.338   0.025  
116.994 0.3    
180.193 0.3    
61.273  0.3    
31.153  0.3    
36.207  0.3    
8.393   0.025  
3.825   0.025  
1.971   0.025  
2.235   0.025  
1.952   0.025  
2.309   0.025  
120.661 0.3    
178.285 0.3    
61.405  0.3    
41.273  0.3    
136.034 0.3    
136.034 0.3    
120.411 0.3    
120.411 0.3    
7.978   0.025  
4.406   0.025  
2.612   0.025  
3.255   0.025  
114.583 0.3    
177.539 0.3    
49.673  0.3    
7.640   0.025  
3.865   0.025  
3.920   0.025  
109.786 0.3    
178.859 0.3    
65.118  0.3    
34.865  0.3    
23.978  0.3    
8.314   0.025  
4.026   0.025  
1.989   0.025  
120.477 0.3    
177.574 0.3    
65.608  0.3    
72.039  0.3    
24.479  0.3    
8.270   0.025  
4.306   0.025  
4.297   0.025  
118.694 0.3    
178.424 0.3    
55.133  0.3    
42.764  0.3    
8.083   0.025  
4.898   0.025  
2.579   0.025  
2.873   0.025  
122.196 0.3    
180.995 0.3    
60.583  0.3    
44.556  0.3    
27.682  0.3    
26.788  0.3    
29.859  0.3    
8.430   0.025  
3.910   0.025  
1.548   0.025  
1.705   0.025  
1.553   0.025  
125.675 0.3    
182.242 0.3    
62.206  0.3    
32.299  0.3    
45.896  0.3    
30.255  0.3    
8.514   0.025  
3.921   0.025  
1.862   0.025  
1.933   0.025  
3.244   0.025  
3.247   0.025  
7.660   0.025  
1.803   0.025  
1.640   0.025  
118.169 0.3    
179.209 0.3    
49.776  0.3    
8.294   0.025  
3.828   0.025  
3.937   0.025  
108.703 0.3    
180.763 0.3    
61.654  0.3    
35.308  0.3    
19.519  0.3    
34.853  0.3    
7.964   0.025  
4.198   0.025  
1.978   0.025  
2.110   0.025  
2.177   0.025  
2.367   0.025  
122.753 0.3    
182.320 0.3    
60.579  0.3    
43.913  0.3    
25.386  0.3    
28.093  0.3    
29.592  0.3    
8.354   0.025  
3.976   0.025  
1.859   0.025  
1.480   0.025  
1.739   0.025  
118.721 0.3    
181.834 0.3    
62.164  0.3    
35.147  0.3    
32.174  0.3    
44.555  0.3    
27.958  0.3    
7.779   0.025  
4.038   0.025  
1.938   0.025  
1.929   0.025  
1.702   0.025  
1.708   0.025  
2.963   0.025  
2.960   0.025  
1.555   0.025  
1.418   0.025  
119.342 0.3    
181.351 0.3    
61.296  0.3    
33.496  0.3    
46.520  0.3    
30.040  0.3    
7.779   0.025  
4.103   0.025  
1.952   0.025  
1.954   0.025  
2.857   0.025  
3.046   0.025  
1.772   0.025  
1.487   0.025  
119.718 0.3    
181.638 0.3    
59.851  0.3    
45.067  0.3    
26.757  0.3    
29.828  0.3    
8.227   0.025  
4.262   0.025  
1.639   0.025  
1.829   0.025  
1.843   0.025  
120.057 0.3    
180.747 0.3    
61.034  0.3    
34.985  0.3    
31.969  0.3    
44.915  0.3    
27.943  0.3    
7.961   0.025  
4.144   0.025  
1.918   0.025  
1.938   0.025  
1.701   0.025  
1.721   0.025  
2.993   0.025  
3.001   0.025  
1.500   0.025  
1.601   0.025  
119.248 0.3    
177.139 0.3    
48.267  0.3    
7.883   0.025  
3.889   0.025  
4.086   0.025  
106.705 0.3    
178.773 0.3    
59.054  0.3    
35.912  0.3    
19.879  0.3    
34.676  0.3    
7.682   0.025  
4.385   0.025  
2.107   0.025  
2.103   0.025  
2.687   0.025  
2.560   0.025  
119.668 0.3    
178.907 0.3    
58.875  0.3    
33.613  0.3    
45.948  0.3    
29.857  0.3    
8.197   0.025  
4.372   0.025  
1.819   0.025  
1.908   0.025  
3.228   0.025  
3.241   0.025  
1.706   0.025  
1.646   0.025  
121.928 0.3    
178.555 0.3    
58.912  0.3    
33.717  0.3    
46.080  0.3    
29.866  0.3    
8.446   0.025  
4.360   0.025  
1.879   0.025  
1.780   0.025  
3.226   0.025  
3.212   0.025  
1.658   0.025  
1.612   0.025  
122.920 0.3    
178.811 0.3    
56.750  0.3    
43.855  0.3    
8.492   0.025  
4.648   0.025  
2.637   0.025  
2.747   0.025  
121.948 0.3    
179.151 0.3    
59.287  0.3    
33.072  0.3    
38.976  0.3    
8.415   0.025  
4.318   0.025  
2.105   0.025  
1.947   0.025  
2.248   0.025  
2.304   0.025  
122.428 0.3    
179.216 0.3    
59.050  0.3    
35.700  0.3    
31.801  0.3    
44.898  0.3    
27.464  0.3    
8.336   0.025  
4.318   0.025  
1.812   0.025  
1.859   0.025  
1.732   0.025  
1.703   0.025  
3.048   0.025  
3.032   0.025  
1.455   0.025  
1.477   0.025  
122.588 0.3    
179.127 0.3    
59.051  0.3    
35.748  0.3    
31.788  0.3    
44.861  0.3    
27.440  0.3    
8.400   0.025  
4.330   0.025  
1.811   0.025  
1.842   0.025  
1.696   0.025  
1.703   0.025  
3.015   0.025  
3.035   0.025  
1.455   0.025  
1.480   0.025  
123.468 0.3    
177.570 0.3    
60.428  0.3    
67.092  0.3    
8.597   0.025  
4.693   0.025  
3.959   0.025  
4.039   0.025  
118.709 0.3    
177.003 0.3    
64.580  0.3    
72.052  0.3    
23.551  0.3    
8.588   0.025  
4.532   0.025  
4.330   0.025  
118.218 0.3    
181.223 0.3    
55.894  0.3    
22.744  0.3    
8.957   0.025  
4.142   0.025  
125.238 0.3    
178.131 0.3    
60.261  0.3    
43.064  0.3    
134.719 0.3    
134.719 0.3    
133.390 0.3    
133.390 0.3    
8.302   0.025  
4.739   0.025  
2.614   0.025  
2.839   0.025  
116.028 0.3    
179.187 0.3    
60.125  0.3    
32.316  0.3    
36.451  0.3    
8.695   0.025  
4.340   0.025  
1.685   0.025  
1.761   0.025  
2.243   0.025  
2.237   0.025  
125.420 0.3    
178.383 0.3    
59.272  0.3    
38.427  0.3    
31.860  0.3    
44.767  0.3    
27.577  0.3    
8.276   0.025  
4.580   0.025  
1.733   0.025  
1.790   0.025  
1.740   0.025  
1.736   0.025  
3.095   0.025  
3.054   0.025  
1.549   0.025  
1.535   0.025  
118.590 0.3    
178.734 0.3    
58.281  0.3    
37.460  0.3    
32.693  0.3    
44.737  0.3    
28.366  0.3    
8.702   0.025  
4.084   0.025  
1.703   0.025  
1.749   0.025  
1.707   0.025  
1.704   0.025  
3.014   0.025  
3.031   0.025  
1.510   0.025  
0.906   0.025  
124.186 0.3    
181.352 0.3    
58.283  0.3    
46.181  0.3    
28.048  0.3    
26.964  0.3    
29.350  0.3    
6.369   0.025  
4.412   0.025  
1.909   0.025  
1.474   0.025  
1.530   0.025  
119.033 0.3    
58.025  0.3    
30.593  0.3    
38.471  0.3    
8.358   0.025  
4.417   0.025  
1.053   0.025  
1.977   0.025  
2.416   0.025  
2.417   0.025  
121.859 0.3    
178.311 0.3    
67.588  0.3    
34.568  0.3    
53.127  0.3    
30.454  0.3    
4.435   0.025  
2.399   0.025  
1.907   0.025  
3.613   0.025  
3.792   0.025  
2.062   0.025  
2.074   0.025  
178.075 0.3    
53.825  0.3    
24.584  0.3    
6.868   0.025  
5.271   0.025  
115.560 0.3    
176.835 0.3    
59.962  0.3    
46.219  0.3    
136.897 0.3    
121.500 0.3    
8.908   0.025  
4.729   0.025  
2.574   0.025  
2.852   0.025  
117.673 0.3    
176.430 0.3    
56.906  0.3    
35.024  0.3    
36.929  0.3    
8.793   0.025  
5.835   0.025  
2.058   0.025  
2.052   0.025  
2.299   0.025  
2.296   0.025  
120.345 0.3    
174.961 0.3    
61.888  0.3    
38.954  0.3    
24.004  0.3    
23.228  0.3    
8.737   0.025  
4.595   0.025  
1.875   0.025  
122.815 0.3    
176.896 0.3    
61.583  0.3    
66.382  0.3    
8.442   0.025  
4.805   0.025  
3.695   0.025  
3.112   0.025  
123.350 0.3    
180.324 0.3    
60.713  0.3    
35.459  0.3    
32.495  0.3    
44.563  0.3    
27.636  0.3    
8.434   0.025  
3.748   0.025  
1.807   0.025  
1.704   0.025  
1.796   0.025  
1.746   0.025  
3.010   0.025  
3.011   0.025  
1.535   0.025  
1.371   0.025  
124.015 0.3    
177.248 0.3    
47.649  0.3    
10.019  0.025  
4.370   0.025  
3.389   0.025  
114.168 0.3    
58.121  0.3    
33.846  0.3    
8.084   0.025  
4.792   0.025  
3.456   0.025  
3.409   0.025  
7.023   0.025  
7.023   0.025  
120.807 0.3    
177.855 0.3    
57.061  0.3    
38.075  0.3    
32.470  0.3    
44.348  0.3    
27.102  0.3    
8.246   0.025  
5.450   0.025  
1.687   0.025  
1.704   0.025  
1.511   0.025  
1.529   0.025  
2.893   0.025  
2.895   0.025  
1.333   0.025  
1.321   0.025  
118.055 0.3    
173.507 0.3    
59.993  0.3    
45.036  0.3    
17.636  0.3    
31.746  0.3    
20.389  0.3    
8.448   0.025  
4.712   0.025  
1.532   0.025  
1.212   0.025  
0.912   0.025  
120.285 0.3    
177.093 0.3    
57.450  0.3    
34.928  0.3    
46.302  0.3    
29.894  0.3    
7.598   0.025  
4.710   0.025  
1.527   0.025  
1.436   0.025  
3.186   0.025  
3.033   0.025  
1.582   0.025  
1.302   0.025  
125.243 0.3    
177.403 0.3    
56.930  0.3    
44.720  0.3    
27.288  0.3    
26.079  0.3    
30.072  0.3    
8.994   0.025  
4.065   0.025  
1.478   0.025  
1.171   0.025  
0.922   0.025  
128.297 0.3    
176.659 0.3    
64.685  0.3    
74.651  0.3    
25.143  0.3    
7.694   0.025  
5.625   0.025  
3.847   0.025  
118.208 0.3    
177.143 0.3    
61.958  0.3    
38.444  0.3    
25.406  0.3    
22.247  0.3    
9.021   0.025  
4.680   0.025  
2.464   0.025  
117.185 0.3    
179.201 0.3    
57.581  0.3    
35.475  0.3    
39.324  0.3    
8.796   0.025  
5.171   0.025  
1.935   0.025  
1.806   0.025  
2.094   0.025  
2.092   0.025  
118.425 0.3    
179.015 0.3    
56.932  0.3    
45.689  0.3    
28.945  0.3    
25.757  0.3    
29.759  0.3    
9.417   0.025  
4.636   0.025  
1.764   0.025  
1.640   0.025  
1.620   0.025  
127.658 0.3    
180.062 0.3    
56.921  0.3    
21.491  0.3    
7.811   0.025  
4.143   0.025  
122.139 0.3    
178.819 0.3    
54.903  0.3    
43.399  0.3    
8.453   0.025  
4.728   0.025  
2.822   0.025  
2.422   0.025  
118.074 0.3    
60.988  0.3    
31.850  0.3    
8.489   0.025  
4.024   0.025  
3.180   0.025  
3.126   0.025  
7.170   0.025  
7.169   0.025  
120.152 0.3    
179.068 0.3    
56.445  0.3    
44.188  0.3    
8.237   0.025  
4.769   0.025  
2.753   0.025  
2.491   0.025  
117.376 0.3    
179.348 0.3    
55.757  0.3    
22.257  0.3    
7.250   0.025  
4.124   0.025  
124.231 0.3    
178.703 0.3    
57.703  0.3    
34.176  0.3    
39.150  0.3    
8.284   0.025  
4.538   0.025  
2.008   0.025  
1.861   0.025  
2.321   0.025  
2.176   0.025  
120.184 0.3    
177.949 0.3    
60.937  0.3    
36.997  0.3    
26.095  0.3    
21.987  0.3    
8.276   0.025  
4.966   0.025  
1.699   0.025  
115.396 0.3    
176.631 0.3    
57.380  0.3    
38.830  0.3    
31.851  0.3    
44.680  0.3    
27.307  0.3    
8.285   0.025  
4.605   0.025  
1.567   0.025  
1.559   0.025  
1.660   0.025  
1.548   0.025  
2.911   0.025  
2.909   0.025  
1.385   0.025  
1.343   0.025  
121.529 0.3    
178.085 0.3    
58.268  0.3    
34.801  0.3    
131.389 0.3    
8.698   0.025  
5.516   0.025  
3.121   0.025  
2.949   0.025  
6.988   0.025  
10.453  0.025  
122.739 0.3    
178.156 0.3    
55.736  0.3    
47.015  0.3    
25.916  0.3    
27.955  0.3    
30.256  0.3    
9.553   0.025  
5.096   0.025  
2.082   0.025  
0.994   0.025  
1.394   0.025  
121.483 0.3    
179.677 0.3    
56.867  0.3    
37.701  0.3    
27.787  0.3    
45.210  0.3    
32.936  0.3    
8.911   0.025  
4.518   0.025  
1.388   0.025  
1.784   0.025  
0.558   0.025  
0.695   0.025  
2.882   0.025  
2.906   0.025  
1.665   0.025  
1.663   0.025  
120.452 0.3    
178.413 0.3    
56.838  0.3    
39.997  0.3    
9.874   0.025  
4.482   0.025  
3.089   0.025  
2.854   0.025  
128.657 0.3    
176.074 0.3    
48.491  0.3    
8.606   0.025  
4.119   0.025  
3.419   0.025  
102.296 0.3    
177.929 0.3    
56.342  0.3    
33.516  0.3    
36.258  0.3    
7.961   0.025  
4.694   0.025  
2.185   0.025  
2.067   0.025  
2.409   0.025  
2.360   0.025  
120.659 0.3    
179.351 0.3    
60.797  0.3    
32.480  0.3    
39.221  0.3    
8.999   0.025  
4.263   0.025  
1.930   0.025  
1.926   0.025  
2.340   0.025  
2.229   0.025  
126.169 0.3    
178.068 0.3    
64.809  0.3    
41.786  0.3    
16.705  0.3    
31.380  0.3    
19.620  0.3    
8.681   0.025  
3.939   0.025  
1.616   0.025  
0.839   0.025  
1.608   0.025  
126.975 0.3    
178.266 0.3    
56.748  0.3    
33.155  0.3    
36.354  0.3    
8.354   0.025  
4.633   0.025  
2.199   0.025  
1.972   0.025  
2.436   0.025  
2.408   0.025  
125.859 0.3    
179.202 0.3    
59.614  0.3    
35.154  0.3    
34.981  0.3    
8.642   0.025  
4.314   0.025  
2.123   0.025  
2.021   0.025  
2.697   0.025  
2.521   0.025  
121.154 0.3    
177.099 0.3    
59.598  0.3    
66.141  0.3    
8.633   0.025  
4.613   0.025  
3.882   0.025  
3.856   0.025  
118.089 0.3    
178.312 0.3    
49.428  0.3    
8.993   0.025  
4.095   0.025  
3.852   0.025  
115.537 0.3    
176.791 0.3    
60.315  0.3    
66.153  0.3    
8.865   0.025  
4.510   0.025  
3.961   0.025  
3.798   0.025  
121.402 0.3    
177.206 0.3    
60.903  0.3    
35.617  0.3    
30.254  0.3    
45.067  0.3    
25.908  0.3    
7.889   0.025  
3.779   0.025  
1.664   0.025  
1.491   0.025  
1.310   0.025  
1.628   0.025  
2.491   0.025  
2.803   0.025  
-0.045  0.025  
0.822   0.025  
124.008 0.3    
177.983 0.3    
57.371  0.3    
43.864  0.3    
136.610 0.3    
120.239 0.3    
7.730   0.025  
5.312   0.025  
2.487   0.025  
2.388   0.025  
112.774 0.3    
177.626 0.3    
62.634  0.3    
43.568  0.3    
15.711  0.3    
29.988  0.3    
20.644  0.3    
8.290   0.025  
4.209   0.025  
1.551   0.025  
1.326   0.025  
1.001   0.025  
121.911 0.3    
178.440 0.3    
57.848  0.3    
42.405  0.3    
134.194 0.3    
134.400 0.3    
130.287 0.3    
8.814   0.025  
5.375   0.025  
3.299   0.025  
3.105   0.025  
6.833   0.025  
128.783 0.3    
178.130 0.3    
58.055  0.3    
37.285  0.3    
40.065  0.3    
9.029   0.025  
4.828   0.025  
1.992   0.025  
1.964   0.025  
2.127   0.025  
2.132   0.025  
122.944 0.3    
175.869 0.3    
59.362  0.3    
67.116  0.3    
8.857   0.025  
5.273   0.025  
3.869   0.025  
3.739   0.025  
120.664 0.3    
178.730 0.3    
62.900  0.3    
42.802  0.3    
16.477  0.3    
30.236  0.3    
19.930  0.3    
8.138   0.025  
4.421   0.025  
1.829   0.025  
1.416   0.025  
1.129   0.025  
125.756 0.3    
177.502 0.3    
49.747  0.3    
9.211   0.025  
3.953   0.025  
3.759   0.025  
119.741 0.3    
179.194 0.3    
55.440  0.3    
22.200  0.3    
9.169   0.025  
4.226   0.025  
130.648 0.3    
181.007 0.3    
59.360  0.3    
36.680  0.3    
32.342  0.3    
44.709  0.3    
28.909  0.3    
8.483   0.025  
5.085   0.025  
2.173   0.025  
1.812   0.025  
1.632   0.025  
1.622   0.025  
2.962   0.025  
2.953   0.025  
1.618   0.025  
1.366   0.025  
117.983 0.3    
177.688 0.3    
56.235  0.3    
33.305  0.3    
45.537  0.3    
28.418  0.3    
8.896   0.025  
5.380   0.025  
2.237   0.025  
1.972   0.025  
3.628   0.025  
3.249   0.025  
6.639   0.025  
1.593   0.025  
1.479   0.025  
125.091 0.3    
175.440 0.3    
63.320  0.3    
75.305  0.3    
24.625  0.3    
8.962   0.025  
5.764   0.025  
3.743   0.025  
117.700 0.3    
177.212 0.3    
55.748  0.3    
44.005  0.3    
25.677  0.3    
28.794  0.3    
29.572  0.3    
8.553   0.025  
4.396   0.025  
0.212   0.025  
-1.047  0.025  
0.715   0.025  
130.452 0.3    
176.653 0.3    
64.170  0.3    
71.757  0.3    
23.497  0.3    
8.842   0.025  
5.071   0.025  
3.829   0.025  
124.646 0.3    
177.959 0.3    
63.286  0.3    
41.271  0.3    
16.383  0.3    
29.547  0.3    
21.157  0.3    
8.460   0.025  
4.588   0.025  
1.470   0.025  
1.228   0.025  
0.680   0.025  
127.805 0.3    
175.125 0.3    
60.464  0.3    
67.757  0.3    
8.471   0.025  
4.498   0.025  
3.724   0.025  
3.730   0.025  
120.959 0.3    
178.680 0.3    
58.204  0.3    
30.176  0.3    
36.957  0.3    
8.742   0.025  
3.387   0.025  
2.029   0.025  
1.782   0.025  
2.227   0.025  
2.225   0.025  
118.948 0.3    
178.539 0.3    
66.100  0.3    
30.966  0.3    
8.157   0.025  
4.418   0.025  
2.778   0.025  
2.256   0.025  
115.700 0.3    
177.733 0.3    
58.973  0.3    
69.656  0.3    
10.158  0.025  
4.776   0.025  
4.234   0.025  
3.862   0.025  
121.859 0.3    
178.873 0.3    
61.522  0.3    
43.433  0.3    
27.436  0.3    
26.095  0.3    
30.430  0.3    
9.033   0.025  
4.062   0.025  
1.782   0.025  
1.721   0.025  
1.784   0.025  
122.369 0.3    
181.179 0.3    
56.619  0.3    
21.053  0.3    
7.980   0.025  
4.255   0.025  
119.985 0.3    
178.492 0.3    
57.709  0.3    
44.146  0.3    
8.255   0.025  
4.528   0.025  
2.841   0.025  
2.691   0.025  
115.402 0.3    
177.194 0.3    
58.566  0.3    
44.199  0.3    
7.458   0.025  
4.701   0.025  
3.270   0.025  
2.465   0.025  
124.484 0.3    
176.974 0.3    
54.257  0.3    
24.294  0.3    
8.100   0.025  
4.567   0.025  
128.392 0.3    
179.870 0.3    
53.422  0.3    
23.061  0.3    
7.628   0.025  
5.391   0.025  
121.356 0.3    
177.689 0.3    
59.260  0.3    
44.499  0.3    
135.342 0.3    
135.342 0.3    
8.684   0.025  
5.420   0.025  
2.816   0.025  
2.478   0.025  
120.180 0.3    
176.568 0.3    
57.070  0.3    
35.204  0.3    
36.943  0.3    
8.916   0.025  
5.503   0.025  
2.014   0.025  
1.703   0.025  
2.335   0.025  
2.269   0.025  
117.537 0.3    
176.168 0.3    
60.449  0.3    
31.483  0.3    
8.367   0.025  
4.672   0.025  
2.229   0.025  
1.955   0.025  
121.715 0.3    
178.495 0.3    
63.738  0.3    
37.087  0.3    
23.780  0.3    
23.789  0.3    
9.011   0.025  
4.945   0.025  
1.866   0.025  
128.423 0.3    
178.327 0.3    
63.052  0.3    
36.207  0.3    
24.795  0.3    
23.106  0.3    
8.896   0.025  
4.350   0.025  
1.568   0.025  
127.643 0.3    
177.754 0.3    
49.898  0.3    
8.942   0.025  
3.829   0.025  
3.706   0.025  
117.870 0.3    
176.321 0.3    
47.957  0.3    
8.570   0.025  
3.954   0.025  
3.898   0.025  
111.377 0.3    
176.779 0.3    
57.996  0.3    
35.318  0.3    
39.619  0.3    
8.222   0.025  
4.684   0.025  
1.969   0.025  
2.194   0.025  
2.405   0.025  
2.317   0.025  
122.777 0.3    
179.005 0.3    
57.183  0.3    
39.643  0.3    
32.312  0.3    
44.360  0.3    
26.844  0.3    
8.667   0.025  
5.865   0.025  
1.748   0.025  
1.654   0.025  
1.492   0.025  
1.484   0.025  
2.847   0.025  
2.842   0.025  
1.264   0.025  
1.326   0.025  
119.638 0.3    
174.976 0.3    
58.555  0.3    
33.113  0.3    
8.662   0.025  
5.026   0.025  
3.191   0.025  
2.472   0.025  
116.278 0.3    
175.166 0.3    
60.001  0.3    
68.987  0.3    
8.438   0.025  
5.669   0.025  
3.844   0.025  
3.693   0.025  
115.063 0.3    
175.111 0.3    
63.330  0.3    
71.493  0.3    
22.532  0.3    
9.192   0.025  
4.815   0.025  
4.277   0.025  
118.752 0.3    
175.924 0.3    
57.768  0.3    
35.487  0.3    
35.995  0.3    
7.978   0.025  
4.958   0.025  
1.774   0.025  
1.720   0.025  
2.213   0.025  
1.713   0.025  
123.918 0.3    
177.087 0.3    
56.274  0.3    
48.453  0.3    
28.109  0.3    
28.202  0.3    
30.888  0.3    
8.718   0.025  
5.086   0.025  
2.513   0.025  
1.112   0.025  
1.345   0.025  
124.101 0.3    
177.675 0.3    
58.330  0.3    
43.516  0.3    
134.769 0.3    
134.769 0.3    
8.839   0.025  
5.206   0.025  
3.048   0.025  
3.042   0.025  
126.720 0.3    
177.976 0.3    
63.645  0.3    
34.923  0.3    
22.822  0.3    
22.550  0.3    
8.949   0.025  
4.745   0.025  
1.922   0.025  
125.961 0.3    
177.961 0.3    
57.333  0.3    
36.810  0.3    
31.562  0.3    
44.749  0.3    
26.852  0.3    
8.851   0.025  
4.507   0.025  
1.641   0.025  
1.824   0.025  
1.456   0.025  
1.430   0.025  
2.914   0.025  
2.947   0.025  
1.428   0.025  
1.430   0.025  
128.638 0.3    
61.580  0.3    
33.521  0.3    
40.113  0.3    
8.377   0.025  
4.079   0.025  
1.963   0.025  
2.079   0.025  
2.222   0.025  
2.330   0.025  
129.099 0.3    
